structure(list(`996` = structure(c(0, 0, 0, 0, 0, 0, 0, 0, 0, 
0, 0, 0, 0, 0, 0, 0, 0, 0, 2.77464788732394, 0, 0, 0, 0, 0, 0, 
0, 0, 0, 0, 0, 0, 0, 0, 0, 0, 0, 0, 1.05042016806723, 0, 0, 0, 
0, 0, 0.0905511811023623, 0, 0, 0, 0, 0, 0, 0, 0, 0, 0, 0, 0, 
0, 0, 0, 0.0422535211267606, 0, 0, 0, 0, 0, 0, 0, 0, 0, 0, 0, 
0.0269953051643192, 0, 0, 0, 0, 0, 0, 0, 0, 0, 0, 0, 0.0905511811023623, 
0, 0, 0, 0, 0, 0, 0, 0, 0, 0, 0, 0, 0, 0, 0, 0, 0, 0, 0, 0, -1, 
-0.0645161290322586, 0, 0, 0, 0, 0, 0, 0, 0, 0, 0, 0, 0, 0, 0, 
0, 0, 2, 0, 0, 0, 0, 0, 0.0645161290322581, 0, 0, 0, 0, 0, 0, 
0, 0, 0, 0, 0, 0, 0, 0, 0, 0, 0, 0, 0, 0, 0, 0, 0, 0, 0, 0, 0, 
0, 0, 0, 0, 0, 0, 0, 0.0645161290322581, 0, 0, 0, 0, 0, 0, 0, 
0.0368852459016393, 0, 0, 0, 0.0357142857142857, 0, 0, 0, 0, 
0, 0, 0, 0, 0, 0, 0, 0, 0, 0, 0, 0, 0, 0, 0, 0, 0, 0, 0, 0, 0, 
0.210084033613445, 0, 0, 0, 0, 0, 0, 0.0645161290322581, 0, 0, 
0, 0, 0, 0, 0.142857142857143, 0, 0, 0, 0, 0, 0, 0, 0, 0, 0, 
0, 0.5, 0.741935483870968, 0, 0, 0, 0, 0, 0, 0, 0, 0, 0, 0, 0.103015075376884, 
0, 0, 0, 0, 0, 0, 0, 0, 0, 0, 0, 0, 0, 0, 0, 0, 0, 0, 0, 0, 0, 
0, 0, 0, 0, 0, 0, 0, 0, 0, 0, 0, 0, 0, 0, 0, 0, 0, 0, 0, 0, 0, 
0, 0, 0, 0, 0, 0, 0, 0, 0.0368852459016393, 0, 0, 0, 0, 0, 0, 
0.214285714285714, 0, 0, 0, 0, 0, 0, 0, 0, 0, 0, 0, 0, 0, 0, 
0, 0, 0, 0, 0, 0, 0, 0, 0, -0.85427135678392, 0, 0, 0, 0, 0, 
0, 0, 0, 0, 0, 0, 0, 0, 0, 0, 0, 0.0238095238095238, 0, 0, 0, 
0, 0, 0, 0, 0, 0, 0, 0, 0, 0, 0, 0, 0, 0, 0, 0, 0, 0, 0, 0, 0.0653266331658292, 
0, 0.151260504201681, 0, 0, 0, 0, 0, 0, 0, 0, 0, 0, 0, 0, 0, 
0.0714285714285714, 0.130952380952381, 0, 0, 0, 0, 0, 0, 0, 0, 
0, 0, 0, 0.419354838709677, 0, 0, 0, 0, 0, 0, 0.00821596244131456, 
0, 0, 0, 0, 0, 0, 0, 0, 0, 0, 0, 0, 0, 0, 0, 0.142857142857143, 
0, 0, 0, 0.0714285714285714, 0, 0, 0, 0, 0, 0, 0, 0, 0, 0, 0, 
0, 0.5, 0, 0, 0, 0, 0, 0, 0, 0, 0, 0, 0, 0, 0, 0, 0, 0, 0, 0, 
0, 0, 0, 0, 0.0357142857142857, 0, 0, 0.214285714285714, 0.0238095238095238, 
0.130952380952381, 0, 0, 0, 0, 0, 0, 0, 0, 0, 0, 0, 0, 0, 2.45161290322581, 
0, 0, 0, 0, 0, 0, 0, 0, 0, 0, 0, 0, 0, 0, 0, 0, 0, 0, 0, 0, 0, 
0, 0, 0, 0, 0, 0, 0, 0, 0, 0, 0, 0, 0, 0, 0, 0, 0, 0, 0, 0, 0, 
0, 0, 0, 0, 0, 0, 0, 0, 0, 0, 0, 0, 0, 0, 0, 0, 0, 0, 0, 0, 0, 
0, 0, 0, 0, 0, 0, 0, 0, 0, 0, 0, 0, 0, 0, 0, 0, 0, 0, 0, 0, 0, 
0, 0, 0, 0, 0, 0, 0, 0, 0, 0, 0, 0, 0, 0, 0, 0, 0, 0, 0, 0, 0, 
0, 0, 0, 0, 0, 0, 0, 0, 0, 0, 0, 0, 0, 0, 0, 0, 0, 0, 0, 0, 0, 
0, 0, 0, -0.0375586854460094, 0, 0, 0, 0, 0, 0, 0, 0, 0, 0, 0, 
0, 0, 0, 0, 0, 0, 0, 0, 0, 0, 0, 0, 0, 0, 0, 0, 0, 0, 0, 0, 0, 
0, 0, 0, 0, 0, 0, 0, 0, 0, 0, 0, 0, 0, 0, 0, 0, 0, 0, 0, 0, 0, 
0, 0, 0, 0, 0, 0, 0, 0, 0, 0, 0, 0, 0, 0, 0, 0, 0, 0, 0, 0, 0, 
0, 0, 0, 0, 0, 0, 0, 0, 0, 0, 0, 0, 0.223618090452261, 0, 0, 
0, 0, 0.870967741935484, 0, 0, 0, 0, 0, 0, 0, 0, 0, 0, 0, 0, 
0, 0, 0, 0, 0, 0, 0.140845070422535, 0, 0, 0, 0, 0.0645161290322581, 
0, 0, 0, 0, 0, 0, 0, 0, 0, 0, 0, 0, 0, 0.151260504201681, 0, 
0, 0.32258064516129, 2.77464788732394, 0.0422535211267606, 0, 
0, 0, 0, 0, 0, 0, 0, 0, 0, 0, 0, 0, 0, 0, 0.140845070422535, 
0, 0, 0, 0, 0, 1.12903225806452, 0, 0, 0, 0, 0, 0, 0, 0, 0, 0, 
0, 0, 0, 0, 0, 0, 0.870967741935484, 0, 0, 0, 0, 0, 0, 0, 0, 
0, 0, 0, 0, 0, 0, 0, 0, 0, 0, 0, 0, 0, 0, 0, 0, 0, 0, 0, 0, 0, 
0, 0, 0, 0, 0, 0, 0, 0, 0, 0, 0, 0.903225806451613, 0, 0, 0, 
0, 0, 0, 0, 0, 0, 0, 0, 0, 0, 0, 0, 0, 0, 0, 0, 0, 0, 0, -0.166666666666667, 
0, 0, 0, 0, 0, 0, 0, 0, 0, 0, 0, 0, -0.0804020100502513, 0, -0.0336134453781513, 
0, 0, 0, 0, 0, 0, 0, 0, 0, 0, 0, 0, 0, 0, 0, 0, 0, 0, 0, 0, 0, 
0, 0, 0, 0, 0, 0, 0, 0, 0, 0, 0, 0, 0, -0.782608695652174, 0, 
0, 0, 0, 0, 0.151260504201681, 0, 0, 0, 0, 0, -1, 0, 0, 0.5, 
0, 0, 0, 0, 0.5, 0, 0, 0, 0, 0, 0, 0, 0, 0, -0.166666666666667, 
0, 0, 0.774193548387098, 0, 0, 0, 0, 0, 0, 0, 0, 0, 0, 0, 0, 
0, 0, 0, 0, 0, 0, 0, -0.0645161290322586, 0, 0, 0.741935483870968, 
0, 0, 0, 0.419354838709677, 0, 2.45161290322581, 0, 0, 0, 0, 
0, 0.0645161290322581, 1.12903225806452, 0, 0, 0, 0.774193548387098, 
0, 0, 0, 0, 0, 0, 0, 0.0363849765258217, 0, 0, 0, 0, 0.00251256281407034, 
0, 0, 0, 0, 0, 0, 0, 0, 0, 0, 0, 0, 0, 0, 0, 0, 0, 0, 0, 0, 0, 
0, 0, 0, 0, 0, 0, 0, 0, 0, 0, 0, 0, 0, 0, 0.0211267605633803, 
0, 0, 0, 0, 0.0150753768844221, 0, 0, 0, 0, 0.064516129032258, 
0, 0, 0, 0, 0, 0, 0, 0, 0, 0, 0, 0, 0, 0, 0, 0, 0, 0, 0, 0, 0, 
0, 0, 0, 0, 0, 0, 0, 0, 0, 0, 0, 0, 0, 0, 0, 0, 0.210084033613445, 
0, 0, 0, 0, 0, 0, 0, 0, 0, 0, 0, 0, 0, 0, 0, 0, 0, 0, 0, 0, 0, 
0, 0, 0, 0, 0, 0, 0, 0, 0, 0, 0, 0, 0, 0, 0, 0, 0, 0.0653266331658292, 
0, 0, 0, 0, 0, 0, 0, 0, 0, 0, 0, 0, 0, 0, 0, 0, 0, 0, 0, 0, 0, 
0, 0, 0, 0, 0, 0, 0, 0, 0, 0, 0, 0, 0, 0, 0, 0, 0, 0, 0, 0, 0, 
0, 0, 0, 0, 0, 0, 0, 0, 0, 0, 0, 0, 0, 0, 0, 0, 0, 0, 0, 0, 0, 
0, 0, 0, 0, 0, 0, 0, 0, 0, 0, 0, 0, 0, 0, 0.608695652173913, 
0, 0, 0, 0, 0, 0, 0, 0, 0.0645161290322581, 0, 0, 0, 0, 0, 0, 
0, 0, 0, 0, 0, 0, 0, 0, 0, 0, 0, 0, 0, 0, 0, 0, 0, 0, 0, 0, 0, 
0, 0, 0, 0, 0, 0, 0, 0, 0, 0, 0, 0, 0, 0, 0, 0.0269953051643192, 
0, 0, 0, 0, 0, 0, 0, 0.00821596244131456, 0, 0, 0, 0, -0.0375586854460094, 
0, 0, 0, 0, 0, 0, 0, 0, 0.0363849765258217, 0.0211267605633803, 
0, 0, 0, 0, 0, 0, 0, 0, 0, 0, 1.51758793969849, 0, 0, 0, 0, 0, 
0, 0, 0, 0, 0, 0, 0, 0, 0, 0, 0, 0, 0, 0, 0, 0, 0, 0, 0, 0, 0, 
-0.782608695652174, 0, 0, 0, 0, 0, 0, 0.608695652173913, 0, 0, 
0, 0, 0, 0, 0, 0, -0.19327731092437, 0, 0, 0, 0, 0, 0, 0, 0, 
0, 0, 0, 0, 0, 0, 0, 0, 0, 0, 0, 0, 0, 0, 0, 0, 0, 0, 0, 0, 0, 
0, 0, 0, 0, 0, 0, 0, 0, 0, 0, 0, 0, 0, 0, 0, 0, 0, 0, 0, 0, 0, 
0, 0, 0, 0, 0, 0, 0, 0, 0, 0, 0, 0, 0, 0, 0, 0, 0, 0, 0, 0, 0, 
0, 0, 0, 0, 0, 0, 0, 0, 0.0879396984924623, 0, 0, 0, 0, 0, 0, 
0, 0, 0, 0, 0, 0, 0, 0, 0, 0, 0, 0, 0, 0, 0, 0, 0, 0, 0, 0, 0, 
0, 0, 0, 0, 0, 0, 0, 0, 0, 0, 0, 0, 0, 0, 0, 0.210084033613445, 
0, 0, 0, 0, 0, 0, 0, 0, 0.103015075376884, 0, -0.85427135678392, 
0.0653266331658292, 0, 0, 0, 0, 0, 0, 0, 0.223618090452261, 0, 
0, 0, -0.0804020100502513, 0, 0, 0.00251256281407034, 0.0150753768844221, 
0, 0.0653266331658292, 0, 0, 0, 1.51758793969849, 0, 0, 0.0879396984924623, 
0, 0, 0, 0, 0, 0, 0, 0, 0, 0, 0, 0, 0, 0, 0, 0, 0, 0, 0, 0, 0, 
0, 0, 0, 0, 0, 0, 0, 0, 0, 0, 0, 0, 0, 0, 0, 0, 0, 0, 0, 0, 0, 
0, 0, 0, 0, 0, 0, 1.05042016806723, 0, 0, 0, 0.210084033613445, 
0, 0, 0, 0.151260504201681, 0, 0, 0, 0, 0, 0, 0, 0, 0.151260504201681, 
0, 0, -0.0336134453781513, 0.151260504201681, 0, 0, 0, 0.210084033613445, 
0, 0, 0, 0, 0, -0.19327731092437, 0, 0, 0.210084033613445, 0, 
0, 0, 0, 0, 0, 0, 0, 0, 0, 0, 0, 0, 0, 0, 0, 0, 0, 0, 0, 0, 0, 
0, 0, 0, 0, 0, 0, 0, 0, 0, 0, 0, 0, 0, 0, 0, 0, 0, 0, 0, 0, 0, 
0, 0, 0, 0, 0, 0, 0, 0, 0, 0, 0, 0, 0, 0, 0, 0, 0, 0, 0, 0, 0, 
0, 0, 0, 0, 0, 0, 0, 0, 0, 0, 0, 0, 0, 0, 0, 0, 0, 0, 0, 0, 0, 
0, 0, 0, 0, 0, 2, 0.0645161290322581, 0, 0, 0, 0, 0, 0, 0, 0, 
0, 0, 0, 0, 0.870967741935484, 0.32258064516129, 0.870967741935484, 
0.903225806451613, 0, 0, 0, 0, 0.064516129032258, 0, 0, 0, 0.0645161290322581, 
0, 0, 0, 0, 0, 0, 0, 0, 0, 0, 0, 0), .Dim = c(41L, 41L), .Dimnames = list(
    c("pb", "Assassin..rd.blk.", "BEB", "Braconid", "Calophorid", 
    "Cercopid..brn.", "Cercopid.brn.", "Chait..grn.", "Coenagrionidae", 
    "Earwig", "edge.mnr.", "egg.on.a.stick", "Formica.spp.2", 
    "Globuli", "Lacewing..grn.", "Lbb..many.spt.", "Lf.tier", 
    "Lfhppr..brn.", "Lfhppr..brnmtld.", "Lfhppr..fisheye.", "Lfhppr..grn.", 
    "Lfhppr..sknk.", "Melyrid..gry.blk.", "midge", "Mirid..blk.brn.", 
    "Mirid..brn.", "Muscid", "Myrm.ant", "Paras.", "Pentatomid..red.blk.wht.", 
    "Phylla", "punkie", "red.mite", "serp.lf.mnr.", "Syrphid..lttl.yllw.", 
    "T.dip", "Thec..aff.", "Thrip..blk.", "TinyT.dip", "Tip..mnr", 
    "Tip.roller"), c("pb", "Assassin..rd.blk.", "BEB", "Braconid", 
    "Calophorid", "Cercopid..brn.", "Cercopid.brn.", "Chait..grn.", 
    "Coenagrionidae", "Earwig", "edge.mnr.", "egg.on.a.stick", 
    "Formica.spp.2", "Globuli", "Lacewing..grn.", "Lbb..many.spt.", 
    "Lf.tier", "Lfhppr..brn.", "Lfhppr..brnmtld.", "Lfhppr..fisheye.", 
    "Lfhppr..grn.", "Lfhppr..sknk.", "Melyrid..gry.blk.", "midge", 
    "Mirid..blk.brn.", "Mirid..brn.", "Muscid", "Myrm.ant", "Paras.", 
    "Pentatomid..red.blk.wht.", "Phylla", "punkie", "red.mite", 
    "serp.lf.mnr.", "Syrphid..lttl.yllw.", "T.dip", "Thec..aff.", 
    "Thrip..blk.", "TinyT.dip", "Tip..mnr", "Tip.roller"))), 
    `1000` = structure(c(0, 0, 0, 0, 0, 0, 0, 0, 0, 0, 0, 0, 
    0, 0, 0, 0, 0, 0, 0, 0, 0, 0, 0, 0, 0, 0, 0, 0, 0, 0, 0, 
    2.125, 0, 0, 0, 0, 0, 0, 0, 0, 1.46963562753036, 0, 0, 0, 
    0, 0, 0, 0, 0, 0, 0, 0, 0, 0, 0, 0, 0, 0, 0, 0, 0, 0, 0, 
    0, 0, 0, 0, 0, 0, 0, 0, 0, 0, 0, 0, 0, 0, 0, 0, 0, 0, 0, 
    0, 0, 0, 0, 0, 0, 0, 0, 0, 0, 0, 0, 0, 0, 0, 0, 0, 0, 0, 
    0, 0, 0, 0, 0, 0, 0, 0, 0, 0, 0, 0, 0, 0, 0, 0, 0, 0, 0, 
    0, 0, 0, 0, 0, 0, 0, 0, 0, 0, 0, 0, 0, -0.132867132867133, 
    0, 0, 0, 0, 0, 0, 0, 0, 0, 0, 0, 0.0454545454545454, 0, 0, 
    0, 0, 0, 0, 0, -0.0229007633587786, 0, 0, 0, 0, 0, 0, 0, 
    0, 0, 0, 0, 0, 0, 0, 0, 0, 0, 0.0817096165933375, 0, 0, 0, 
    0, 0, 0, 0, 0, 0, 0, 0, 0, 0.75, 0, 0, 0, 0, 0, 0, 0, 0, 
    0, 0, 0, 0, 0, 0, 0, 0, 0, 0, 0, 0, 0, 0, 0, 0, 0, 0, 0, 
    0.0408548082966687, 0, 0, 0, 0, 0, 0, 0, 0, 0, 0, 0, 0, 0.375, 
    0, 0, 0, 0, 0, 0, 0, 0, 0, 0, 0, 0, 0, 0, 0, 0, 0, 0, 0, 
    0, 0, 0, 0, 0, 0, 0, 0, 0, 0, 0, 0, 0, 0, 0, 0, 0, 0, 0, 
    0, 0, 0, 0, 0, 0, 0, 0, 0, 0, 0, 0, 0, 0, 0, 0, 0, 0, 0, 
    0, 0, 0, 0, 0, 0, 0, 0, 0.0817096165933375, 0.0408548082966687, 
    0, 0, 0, 0, 1.36363636363636, 0, 0, 0, 0, 0, 0, 0, 0, 0, 
    0.624999999999999, 0, 0, 0, 0, 0, 0, 0, 0, 0, 0, -2.775, 
    0, -1.5, 0, 0, 0, 0, 0, 0, 0, 0, 0, 0, 0, 0, 0, 0, 0, 0, 
    0, 0, 0, 0, 0, 0, 0, 0, 0, 0, 0, 0, 0, 0, 0, 0, 0, 0, 0, 
    0, 0, 0, 0, 0, 0, 0, 0, 0, 0, 0, 0, 0, 0, 0, 0, 0, 0, 0, 
    0, 0, 0, 0, 0, 0, 0, 0, 0, 0, 0, 0, 0, 0.354838709677419, 
    0.125, 0, 0, 0, 0, 0, 0, 0, 0, 0, 0, 0, 0, 0, 0, 0, 0, 0, 
    0, 0, 0.0931174089068826, 0, 0, 0, -0.132867132867133, 0, 
    0, 0, 1.36363636363636, 0, 0, 0, 0, 0, 0, 0, 0, 0, 0, 0, 
    0, 0, 0, -0.772727272727273, 0, 0, 0, 0, 0, 0, 0, -0.120375807398708, 
    0, 0, 0.5, 0, 0, 0, 0, 0, 0, 0, 0, 0, 0, 0, 0, 0, 0, 0, 0, 
    0, 0, 0, 0, 0, 0, 0, 0, 0, 0, 0, 5.55111512312578e-17, 0, 
    0, 0, 0, 0, 0, 0, 0, 0, 0, 0, 0, 0, 0, 0, 0, 0, 0, 0, 0, 
    0, 0, 0, 0, 0, 0, 0, 0, 0, 0, 0, 0, 0, 0, 0, 0, 0, 0, 0, 
    0, 0, 0, 0, 0, 0, 0, 0, 0, 0, 0, 0, 0.05, 0, 0, 0, 0, 0, 
    0, 0, 0.0909090909090909, 0, 0, 0, 0, 0, 0, 0, 0, 0, 0, 0, 
    0, 0, 0, 0, 0, 0, 0, 0, 0, 0, 0, 0, 0, 0, 0, 0, 0, 0, 0, 
    0, 0, 0, 0, 0, 0, 0, 0, 0, 0, 0, 0, 0, 0, 0, 0, 0, 0, 0, 
    0, 0, 0, 0, 0, 0, 0, 0, 0, 0, 0, 0, 0, 0, 0, 0, 0, 0, 0, 
    0, 0, 0, 0, 0, 0, 0, 0, 0, 0, 0, 0, 0, 0, 0, 0, 0, 0, 0, 
    0, 0, 0, 0, 0, 0, 0, 0, 0, 0, 0, 0, 0, 0, 0, 0, 0.125, 0, 
    0, 0, 0, 0, 0, 0, 0, 0, 0, 0.175, 0, 0.357142857142857, 0, 
    0, 0, 0, 0, 0, 0.125506072874494, 0, 0, 0, 0, 0, 0, 0, 0, 
    0, 0, 0, 0, 0, 0, 0, 0, 0, 0, 0, 0, 0, 0, 0, 0, 0, 0, 0, 
    0, 0, 0, 0, 0, 0, 0, 0, 0, 0, 0, 0, 0.636363636363636, 0, 
    0, 0, 0, 0, 0, 0, 0, 0, 0, 0, 0, 0, 0, 0, 0, 0, 0, 0, 0, 
    0, 0, 0, 0, 0, 0, 0, 0, 0, 0, 0, 0, 0, 0, 0, 0, 0, 0, 0, 
    0, -0.272727272727273, 0, 0, 0, 0, 0, 0, 0, 0, 0, 0, 0, 0, 
    0, 0, 0, 0, 0, 0, 0, 0, 0, 0, 0, 0, 0, 0, 0, 0, 0, 0, 0, 
    0, 0, 0, 0, 0, 0, 0, 0, 0, 0, 0, 0, 0, 0, 0, 0, 0, 0, 0, 
    0, 0.354838709677419, 0, 0, 0, 0, 0, 0, 0, 0, 0, 0, 0.125, 
    0, 0, 0, 0, 0, 0, 0, 0, 0, 0, 0, 0, -0.5, 0, 0, 0, 0, 0, 
    0, 0.238866396761134, 0, 0, 0, 0, 0.75, 0.375, 0, 0.624999999999999, 
    0, 0.125, 0, 5.55111512312578e-17, 0, 0, 0, 0.125, 0, 0, 
    0, 0.125, 0, 0, 0, 0, 0, 0, 0, 0, 0, 0, 0, 0, 0, 0, 0, 0, 
    0, 0, 0, 0, 0, 0, 0, 0, 0, 0, 0, 0, 0, 0, 0, 0, 0, 0, 0, 
    0, 0, 0, 0, 0, 0, 0, 0, 0, 0, 0, 0, 0, 0, 0, 0, 0, 0, 0, 
    0, 0, 0, 0, 0, 0, 0, 0, 0, 0, 0, 0.0454545454545454, 0, 0, 
    0, 0, 0, 0, -0.772727272727273, 0, 0, 0, 0, 0, 0, 0, 0, 0, 
    0, 0, 0, 0, 0, 0, 0, 0, 0, 0, 0, 0, 0, 0.142857142857143, 
    0, 0, 0, 0, 0, 0, 0.105263157894737, 0, 0, 0, 0, 0, 0, 0, 
    0, 0, 0, 0, 0, 0, 0, 0, 0, 0, 0, 0, 0, 0, 0, 0, 0, 0, 0, 
    0, 0, 0, 0, 0, 0, 0, 0, 0, 0, 0, 0, 0, 0, 0, 0, 0, 0, 0, 
    0, 0, 0, 0, 0, 0, 0, 0, 0, 0, 0, 0, 0, 0, 0, 0, 0, 0, 0, 
    0, 0, 0, 0, 0, 0, 0, 0, 0, 0, 0, 0, 0, 0, 0, 0, 0, 0.0931174089068826, 
    0, 0, 0, 0, 0, 0, 0, 0, 0, 0, 0, 0, 0, 0, 0, 0, 0, 0, 0, 
    0, 0, 0, 0, 0, 0, 0, 0, 0, 0, 0, 0, 0, 0, 0, 0, 0, 0, 0, 
    0, -0.227272727272727, 0, 0, 0, 0, 0, 0, 0, 0, 0, 0, 0, 0, 
    0, 0, 0, 0, 0, 0, 0, 0, 0, 0, 0, 0, 0, 0, 0, 0, 0, 0, 0, 
    -0.0458015267175573, 0, 0, 0, 0, 0, 0, 0, 0, 0, 0, 0, 0, 
    0, 0, 0, 0, 0, 0, 0, 0, 0, 0, 0, 0, 0, 0, 0, 0, 0, 0, 0, 
    0, 0, 0, 0, 0, 0, 0, 0, 0, 0, 0, 0, 0, 0, 0, 0, 0, 0, 0, 
    0.0566801619433198, 0, 0, 0, 0, 0, 0, 0, 0, 0, 0, 0, 0, 0, 
    0, 0, 0, 0, 0, 0, 0, 0, 0, 0, 0, 0, 0, 0, 0, 0, 0, 0, 0, 
    0, 0, 0, 0, 0, 0, 0, 0, 0, 0, 0, 0, 0, 0, 0, 0, 0, 0, 0, 
    0, 0, 0, 0, 0, 0, 0, 0, 0, 0, 0, 0, 0, 0, 0, 0, 0, 0, 0, 
    0, 0, 0, 0, 0, 0, 0, 0, 0, 0, 0, 0, 0, 0, 0, -0.0229007633587786, 
    0, 0, 0, 0, 0, 0, -0.120375807398708, 0, 0, 0, 0, 0, 0, 0, 
    0, 0, 0, 0, 0, 0, 0, 0, -0.0458015267175573, 0, 0, 0, 0, 
    0, 0, 1.92857142857143, 0, 0, 0, 0, 0, 0, 0, 2.125, 0, 0, 
    0, 0, 0, 0, -2.775, 0, 0, 0, 0, 0.05, 0, 0, 0.175, 0, 0, 
    0, 0, 0, 0, 0, 0, 0, 0, 0, 0, 0, 0, 0, 0, 0, 1.14285714285714, 
    0, 0, 0, 0, 0, 0, 0.631578947368421, 0, 0, 0, 0, 0, 0, 0, 
    0, 0, 0, 0, 0, 0, 0, 0, 0, 0, 0, 0, 0, 0, 0, 0, 0, 0, 0, 
    0, 0, 0, 0, 0, 0, 0, 0, 0, 0, 0, 0, 0, 0, 0, 0, 0, 0, 0, 
    0, 0, 0, -1.5, 0, 0, 0.5, 0, 0, 0, 0, 0.357142857142857, 
    0, 0, 0, -0.5, 0, 0, 0.142857142857143, 0, 0, 0, 0, 0, 0, 
    0, 1.92857142857143, 1.14285714285714, 0, 0, 0, 0, 0, 0, 
    0, 0, 0.105263157894737, 0, 0, 0, 0, 0, 0, 0, 0, 0, 0, 0, 
    0, 0, 0, 0, 0, 0, 0, 0, 0, 0, 0, 0, 0, 0, 0, 0, 0, 0, 0, 
    0, 0, 0, 0, 0, 0, 0, 0, 0, -0.272727272727273, 0, 0, 0, 0, 
    0, 0, 0, 0, 0, 0, 0, 0, 0, 0, 0, 0, 0, 0, 0, 0, 0, 0, 0, 
    0, 0, 0, 0, 0, 0, 0, 0, 0, 0, 0, 0, 0, 0, 0, 0, 0, 0, 0, 
    0, 0, 0, 0, 0, 0, 0, 0, 0, 0, 0, 0, 0, 0, 0, 0, 0, 0, 0, 
    0, 0, 0, 0, 0, 0, 0, 0, 0, 0, 0, 0, 0, 0, 0, 0, 0, 0, 0, 
    0, 0, 0, 0, 0, 0, 0, 0, 0, 0, 0, 0, 0, 0, 0, 0, 0, 0, 0, 
    0, 0, 0, 0, 0, 0, 0, 0, 0, 0, 0, 0, 0, 0, 0, 0, 0, 0, 0, 
    0, 0, 0, 0, 0, 0.0566801619433199, 0, 0, 0, 0, 0, 0, 0, 0, 
    0, 0, 0, 0, 0, 0, 0, 0, 0, 0, 0, 0, 0, 0, 0, 0, 0, 0, 0, 
    0, 0, 0, 0, 0, 0, 0, 0, 0, 0, 0, 0, 0, 0.0931174089068826, 
    0, 0, 0, 0, 0, 0, 0, 0, 0, 0, 0, 0, 0.0909090909090909, 0, 
    0, 0, 0.636363636363636, -0.272727272727273, 0, 0, 0, 0, 
    0, 0, 0, -0.227272727272727, 0, 0, 0, 0, 0, 0, 0, 0, -0.272727272727273, 
    0, 0, 0, 0, 0, 0, 1.46963562753036, 0, 0, 0, 0, 0, 0, 0, 
    0, 0.0931174089068826, 0, 0, 0, 0, 0, 0.125506072874494, 
    0, 0, 0, 0.238866396761134, 0, 0, 0.105263157894737, 0, 0.0931174089068826, 
    0, 0, 0.0566801619433198, 0, 0, 0, 0.631578947368421, 0, 
    0.105263157894737, 0, 0, 0, 0.0566801619433199, 0.0931174089068826, 
    0, 0), .Dim = c(41L, 41L), .Dimnames = list(c("pb", "Assassin..rd.blk.", 
    "BEB", "Braconid", "Calophorid", "Cercopid..brn.", "Cercopid.brn.", 
    "Chait..grn.", "Coenagrionidae", "Earwig", "edge.mnr.", "egg.on.a.stick", 
    "Formica.spp.2", "Globuli", "Lacewing..grn.", "Lbb..many.spt.", 
    "Lf.tier", "Lfhppr..brn.", "Lfhppr..brnmtld.", "Lfhppr..fisheye.", 
    "Lfhppr..grn.", "Lfhppr..sknk.", "Melyrid..gry.blk.", "midge", 
    "Mirid..blk.brn.", "Mirid..brn.", "Muscid", "Myrm.ant", "Paras.", 
    "Pentatomid..red.blk.wht.", "Phylla", "punkie", "red.mite", 
    "serp.lf.mnr.", "Syrphid..lttl.yllw.", "T.dip", "Thec..aff.", 
    "Thrip..blk.", "TinyT.dip", "Tip..mnr", "Tip.roller"), c("pb", 
    "Assassin..rd.blk.", "BEB", "Braconid", "Calophorid", "Cercopid..brn.", 
    "Cercopid.brn.", "Chait..grn.", "Coenagrionidae", "Earwig", 
    "edge.mnr.", "egg.on.a.stick", "Formica.spp.2", "Globuli", 
    "Lacewing..grn.", "Lbb..many.spt.", "Lf.tier", "Lfhppr..brn.", 
    "Lfhppr..brnmtld.", "Lfhppr..fisheye.", "Lfhppr..grn.", "Lfhppr..sknk.", 
    "Melyrid..gry.blk.", "midge", "Mirid..blk.brn.", "Mirid..brn.", 
    "Muscid", "Myrm.ant", "Paras.", "Pentatomid..red.blk.wht.", 
    "Phylla", "punkie", "red.mite", "serp.lf.mnr.", "Syrphid..lttl.yllw.", 
    "T.dip", "Thec..aff.", "Thrip..blk.", "TinyT.dip", "Tip..mnr", 
    "Tip.roller"))), `1008` = structure(c(0, 0, 0, 0, 0, 0, 0, 
    0, 0, 0.419354838709678, 0, 0, 0, 0, 0, 0, 0, 0, 0, 0, 0, 
    0, 0.125, 0, 0, 0.125, 0, 0, 0, 0, 0, 0, 0, 0, 0, 0, 0, 0, 
    0, 0, 0, 0, 0, 0, 0, 0, 0, 0, -0.0516838946315439, 0, 0, 
    0.263157894736842, 0, 0, 0, 0, 0, 0, 0, 0, 0.08646998982706, 
    0, 0, 0, 0, 0, -0.0178571428571429, 0, 0, 0, 0, 0, 0, 0, 
    0, 0, 0, 0, 0, 0, 0, 0, 0, 0, 0, 0, 0, 0, 0, 0.136712237412471, 
    0, 1.74193548387097, 0, 4.32258064516129, 0, 0, 0, 1.875, 
    0, 0, 0, 0, 0, 0, 0, 0, 0, -0.857142857142858, 0, 0, 0, 0, 
    0, 0, -0.818181818181818, 0, 0, 0, 0, 0, 0, 0, 0, 0, 0, 0, 
    0, 0, 0, 0, 0, 0, 0, 0.4, 0, 0, 0, 0, 0, 0.283828382838284, 
    0, 0, 0.111902339776195, 0.5, 0, 0.25, 0, 0, 0, 0, 0, 0, 
    0, 0, 2.2662332591842e-17, 0, 0, 0, 0, 0, 0, 0, 0, 0, 0, 
    0, 0, 0, 0, 0, 0, 0, 0, 0, 0, 0, 0, 0, 0, 0, 0, 0, 0, 0, 
    0, 0, 0, 0, 0, 0, 0, 0, 0, 0, 0, 0, 0, 0, 0, 0, 0, 0, 0, 
    0, 0, 0, 0, 0, 0, 0, 0, 0, 0, 0, 0, 0, 0, 0, 0, 0, 0, 0, 
    0, 0, 0, 0, 0, 0, 0, 0, 0, 0, 0, 0, 0, 0, 0, 0, 0, 0, 0, 
    0, 0, 0, 0, 0, 0, 0, 0, 0, 0, 0, 0, 0, 0, 0, 0, 0, 0, 0, 
    0, 0, 0, 0, 0, 0, 0, 0, 0, 0, 0, 0, 0, 0, 0, 0, 0, 0, 0, 
    0, 0, 0, 0, 0, 0, 0.285714285714286, 0, 0, -0.0516838946315439, 
    0.136712237412471, 0, 0, 0, 0, 0, 0, 0, 0, 0, 0, 0, 0, 0, 
    0, 0, 0, 0, -3.08333333333333, 0, 0, 0, 0, -1.76785714285714, 
    0, 0, 0, 0, -0.491801257551473, -5.5, 0, 0, 0, 0, 0, 0, 0, 
    0, 0, 0, 0, 0, 0, 0, 0, 0, 0, 0, 0, 0, 0, 0, 0, 0, 0, 0, 
    0, 0, 0, 0, 0, 0, 0, 0, 0, 0, 0, 0, 0, 0, 0, 0, 0, 0, 0, 
    0, 0, 0, 0, 0, 0.419354838709678, 0, 1.74193548387097, 0, 
    0, 0, 0, 0, 0, 0, 0, 0, 0, 0, 0, 0, 0, 0, 0, 0, 0, 0, 0, 
    0, 0, 0.196428571428572, 0, 0, 0, 0, 0, 0, 0, 0, 0, 0, 0, 
    0, 0, 0, 0.1, 0, 0.263157894736842, 0, 0.4, 0, 0, 0, 0, 0, 
    0, 0, 0, 0, 0, 0, 0, 0, 0, 0, 0.173957273652086, 0, 0, 0, 
    0, 0, 0, 0, 0, 0, 0, 0, 0, 0, 0, 0, 0, 0, 0, 0, 0, -0.233333333333333, 
    0, 0, 4.32258064516129, 0, 0, 0, 0, 0, 0, 0, 0, 0, 0, 0, 
    0, 0, 0, 0, 0, 0, 0, 0, 0, 0, 0, 0, 0, 0, 0, 0, 0, 0, 0.136363636363636, 
    0, 0, 0, 0, 0, 0, 0, 0, 0, 0, 0, 0, 0, 0, 0, 0, 0, 0, 0, 
    0, 0, 0, 0, 0, 0, 0, 0, 0, 0, 0, 0.125, 0, 0, 0.125, 0, 0, 
    0, 0, 0, 0, 0, 0, 0, 0, 0, 0, 0, 0, 0, 0, 0, 0, 0, 0, 0, 
    0, 0, 0, 0, 0, 0, 0, 0, 0, 0, 0.099009900990099, 0, 0, 0, 
    0.166666666666667, 0, 0.25, 0, 0, 0, 0, 0, 0, 0, 0, 0, 0, 
    0, 0, 0, 0, 0, 0, 0, 0.0666666666666667, 0, 0, 0, 0, 0, 0, 
    0, 0, 0, 0, 0, 0, 0, 0, 0, 0, 0, 0, 0, 0, 0, 0, 0, 0, 0, 
    0.0178571428571429, 0, 0, 0, 0, 0.0220687954629515, 0, 0, 
    0.375, 0, 0, 0, 0, 0, 0, 0.3, 0, 0, 1.875, 0, 0, 0, 0, 0, 
    0, 0, 0, 0, 0, 0, 0, 0, 0, 0, 0, 0, 0, 0, 1, 0, 0, 0, 0, 
    0, 0, 0, 0, 0, 0, 0, 0, 0, 0.0686175580221998, 0, 0, -0.5, 
    0, 0, 0, 0, 0.283828382838284, 0, 0, 0, 0, 0, 0, 0, 0, 0, 
    0.099009900990099, 0, 0, 0, 0, 0, 0.393692777212615, 0, 0, 
    0, 0, 0, 0, 0, 0, 0, 0, 0, 0.166666666666667, 0, 0, 0, 0, 
    0, 0, 0, 0, 0, 0, 0, 0, 0, 0, 0, 0, 0, 0, 0, 0, 0, 0, 0, 
    0, 0, 0, 0, 0, 0.0559511698880977, 0.25, 0, 0.125, 0, 0, 
    0, 0, 0, 0, 0, 0, 1.1331166295921e-17, 0, 0, 0, 0, 0, 0, 
    0, 0, 0, 0, 0, 0, 0, 0, 0, 0, 0, 0, 0, 0, 0, 0, 0, 0, 0, 
    0, 0, 0, 0, 0, 0, 0, 0, 0, 0, 0, 0, 0, 0, 0, 0, 0, 0.25, 
    0, 0, 0, 0, 0, 0, 0, 0, 0.08646998982706, 0, 0.111902339776195, 
    0, 0, 0, 0, 0, 0, 0.173957273652086, 0, 0, 0, 0, 0, 0.393692777212615, 
    0.0559511698880977, 0, 0, 0, 0, 3.125, 0, 0, 0, 0, 0, 0, 
    0, 0.092097152015781, 0, -3.95454545454546, 0, 0, 0, 0, 0, 
    0, 1.5, 0, 0, 0, 0, 0.5, 0, 0, 0, -3.08333333333333, 0, 0, 
    0, 0, 0, 0.166666666666667, 0, 0, 0, 0.25, 0, 0, 0, 0, 0, 
    0, 0, 0, 0, 0, 0, 0, 0, 0.166666666666667, 0, 0, 0, 0, 0, 
    0, 0, 0, 0, 0, 0, 0, 0, 0, 0, 0, 0, 0, 0, 0, 0, 0, 0, 0, 
    0, 0, 0, 0, 0, 0, 0, 0.125, 0, 0, 0, 0, 0, 0, 0, 0, 1.1331166295921e-17, 
    0, 0, 0, 0, 0, 0, 0, 0, 0, 0.125, 0, 0, 0.25, 0, 0, 0, 0, 
    0, 0, 0, 0, 0.125, 0.25, 0, 1, 0, 0.125, 0, 3.125, 0, 0.125, 
    0, 0, 0, 0, 0, 0, 0, 0, 0, 0.166666666666666, 0, 0, 0, 0, 
    -0.036326942482341, 0, 0, 0, 0, 0, 0, 0, 0, 0, 0, 0, 0, 0, 
    0, 0, 0, 0, 0, 0, 0, 0, 0, 0, 0, 0, 0, 0, 0, 0, 0, 0, 0, 
    0, 0, 0, 1.1331166295921e-17, 0, 0, 0, 0, 0, 0, 0, 0, 0, 
    0, 0, 0, 0, 0, 0, 0, 0, 0, 0, 0, 0, 0, 0, 0, 0, 0, 0, 0, 
    0, 0, 0, 0, 0, 0, 0, 0, 0, 0, 0, 0, 0, 0, 0, 0, 0, 0, 0, 
    0, 0, 0, 0.125, -0.0178571428571429, -0.857142857142858, 
    0, 0, 0, 0, -1.76785714285714, 0, 0.196428571428572, 0, 0, 
    0.125, 0, 0.0178571428571429, 0, 0, 0, 0, 0, 0, 0, 0, 0, 
    0, 0, 0, 0, 0, 0, 0, 0, 0, 0, 0, 0, 0, 0, 0, 0, 0, 0, 0, 
    0, 0, 0, 0, 0, 0, 0, 0, 0, 0, 0, 0, 0, 0, 0, 0, 0, 0, 0, 
    0, 0, 0, 0, 0, 0, 0, 0, 0, 0, 0, 0.0454545454545455, 0, 0, 
    0, 0.0837537840565085, 0, 0, 0, 0, 0, 0, 0, 0, 0, 0, 0, 0, 
    0, 0, 0, 0, 0, 0, 0, 0, 0, 0, 0, 0, 0, 0, 0, 0, 0, 0, 0, 
    0, 0, 0, 0, 2.2662332591842e-17, 0, 0, 0, 0, 0, 0, 0, 0, 
    0, 0, 0, 0, 0, 0, 0, 0, 0, 0, 0, 0, 0, 0, 0, 0, 0, 0, 0, 
    0, 0, 0, 0, 0, 0, 0, 0, 0, 0, 0, 0, 0, 0, 0.0909090909090908, 
    0, 0, 0, 0, 0, 0, 0, 0, 0, 0, 0, 0, 0, 0, 0, 0, 0, 0, 0, 
    0, 0, 0, 0, 0, 0, 0, 0, 0, 0, 0, 0, 0, 0, 0, 0, 0, 0, 0, 
    0, 0, 0, 0, 0, 0, 0, 0, 0, 0, 0, 0, 0, 0, 0, 0, 0, 0, -0.491801257551473, 
    0, 0, 0, 0, 0, 0, 0.0220687954629515, 0, 0, 0, 0, 0.092097152015781, 
    0, 0, 0, 0, 0, 0, 0, 0, 0, 0, 0, 0, 0, 7.625, 0, 0, 0, 0, 
    0, 0, 0, 0, 0, 0, 2.2662332591842e-17, 0, 0, 0, -5.5, 0, 
    0, 0, 0, 0, 0, 0, 0, 0.166666666666667, 1.1331166295921e-17, 
    0, 0, 0.166666666666667, 1.1331166295921e-17, 0.166666666666666, 
    1.1331166295921e-17, 0, 0, 0, 2.2662332591842e-17, 0, 0, 
    0, 0, 0, 0, 0, 0, 0, 0, 0, 0, 0.666666666666667, 0, 0, -0.818181818181818, 
    0, 0, 0, 0, 0, 0, 0, 0, 0.136363636363636, 0, 0, 0, 0, 0, 
    0, 0, -3.95454545454546, 0, 0, 0, 0, 0, 0, 0.0454545454545455, 
    0, 0.0909090909090908, 0, 0, 0, 0, 0, 0, 0, 0, 0, 0, 0, 0, 
    0, 0, 0, 0, 0, 0, 0, 0, 0, 0, 0, 0, 0, 0, 0.375, 0, 0, 0, 
    0.25, 0, 0, 0, 0, 0, 0, 0, 0, 0, 0, 0, 7.625, 0, 0, 0, 0, 
    0, 0, 0, 0, 0, 0.4, 0, 0, 0, 0, 0, 0, 0, 0, 0, 0, 0, 0, 0, 
    0, 0, 0, 0, 0, 0, 0, 0, 0, 0, 0, 0, 0, 0, 0, 0, 0, 0, 0, 
    0, 0, 0, 0, 0, 0, 0, 0, 0, 0, 0, 0, 0, 0, 0, 0, 0, 0, 0, 
    0, 0, 0, 0, 0, 0, 0, 0, 0, 0, 0, 0, 0, 0, 0, 0, 0, 0, 0, 
    0, 0, 0, 0, 0, 0, 0, 0, 0, 0, 0, 0, 0, 0, 0, 0, 0, 0, 0, 
    0, 0, 0, 0, 0, 0, 0, 0, 0.0686175580221998, 0, 0, 0, 0, 0, 
    0, -0.036326942482341, 0, 0, 0, 0.0837537840565085, 0, 0, 
    0, 0, 0, 0, 0, 0, 0, 0, 0, 0, 0, 0, 0, 0, 0, 0, 0, 0, 0, 
    0, 0, 0, 0, 0, 0, 0, 0, 0, 0, 0, 0, 0, 0, 0, 0, 0, 0, 0, 
    0, 0, 0, 0, 0, 0, 0, 0, 0, 0, 0, 0, 0, 0, 0, 0, 0, 0, 0, 
    0, 0, 0, 0, 0, 0, 0, 0, 0, 0, 0, 0, 0, 0, 0, 0, 0, 0, 0, 
    0, 0, 0, 0, 0, 0, 0, 0, 0, 0, 0, 0, 0, 0, 0, 0, 0, 0.3, 0, 
    0, 0, 0, 0, 0, 0.285714285714286, 0, 0, 0, 0, 0, 0, 0, 0, 
    -0.5, 0, 0, 0, 1.5, 0, 0, 0, 0, 0, 0, 0, 0, 0, 0, 0, 0, 0, 
    0, 0, 0, 0, 0, 0, 0, 0, 0, 0, 0, 0, 0, 0, 0, 0, 0, 0.1, -0.233333333333333, 
    0, 0, 0.0666666666666667, 0.3, 0, 0, 0, 0, 0, 0, 0, 0, 0, 
    0, 0, 0, 0, 0, 0, 0, 0.666666666666667, 0, 0.4, 0, 0, 0, 
    0, 0.3, 0, 0), .Dim = c(41L, 41L), .Dimnames = list(c("pb", 
    "Assassin..rd.blk.", "BEB", "Braconid", "Calophorid", "Cercopid..brn.", 
    "Cercopid.brn.", "Chait..grn.", "Coenagrionidae", "Earwig", 
    "edge.mnr.", "egg.on.a.stick", "Formica.spp.2", "Globuli", 
    "Lacewing..grn.", "Lbb..many.spt.", "Lf.tier", "Lfhppr..brn.", 
    "Lfhppr..brnmtld.", "Lfhppr..fisheye.", "Lfhppr..grn.", "Lfhppr..sknk.", 
    "Melyrid..gry.blk.", "midge", "Mirid..blk.brn.", "Mirid..brn.", 
    "Muscid", "Myrm.ant", "Paras.", "Pentatomid..red.blk.wht.", 
    "Phylla", "punkie", "red.mite", "serp.lf.mnr.", "Syrphid..lttl.yllw.", 
    "T.dip", "Thec..aff.", "Thrip..blk.", "TinyT.dip", "Tip..mnr", 
    "Tip.roller"), c("pb", "Assassin..rd.blk.", "BEB", "Braconid", 
    "Calophorid", "Cercopid..brn.", "Cercopid.brn.", "Chait..grn.", 
    "Coenagrionidae", "Earwig", "edge.mnr.", "egg.on.a.stick", 
    "Formica.spp.2", "Globuli", "Lacewing..grn.", "Lbb..many.spt.", 
    "Lf.tier", "Lfhppr..brn.", "Lfhppr..brnmtld.", "Lfhppr..fisheye.", 
    "Lfhppr..grn.", "Lfhppr..sknk.", "Melyrid..gry.blk.", "midge", 
    "Mirid..blk.brn.", "Mirid..brn.", "Muscid", "Myrm.ant", "Paras.", 
    "Pentatomid..red.blk.wht.", "Phylla", "punkie", "red.mite", 
    "serp.lf.mnr.", "Syrphid..lttl.yllw.", "T.dip", "Thec..aff.", 
    "Thrip..blk.", "TinyT.dip", "Tip..mnr", "Tip.roller"))), 
    `1017` = structure(c(0, 0, 0, 0, 0, 0, 0, -0.883582089552239, 
    0, 0, 0, 0, 0, 0, 0, 0, 4.69461077844311, 0, 0, 0, 0, 0, 
    0, 0, 2.52631578947368, 0, 0, 14.75, 0, 0, 0, 0, 0, 0, 0, 
    0, 0, 0, 0, -2.5430463576159, 0, 0, 0, 0.115384615384615, 
    0, 0, 0, 0, 0, 0, 0, 0, 0, 0, 0.774193548387097, 0, 0, 0, 
    0, 0, 0, 0, 0, 0, 0, 0, 0, 0, 0, 0, 0, 0, 0, 0, 0, 0, 0, 
    0, 0, 0, 0, 0, 0, 0.115384615384615, 0, 0, 0, 0, 0, 0.0597014925373134, 
    0, 0, 0, 0, 0, 0, 0, 0, 0, 0, 0, 0.047244094488189, 0, 0, 
    0, 0, 0, 0, 0, 0, 0, 0, 0, 0, 0, 0, 0, 0, 0, 0, 0, 0, 0, 
    0, 0, 0, 0, 0, 0, 0, 0, 0, 0.193548387096774, 0, 0, 0, 0.32258064516129, 
    0, 0, 0, 0, 0, -0.0078740157480315, 0, 0, 0, 0.0967741935483871, 
    0, 0, 0, 0, 0.157894736842105, 0, 0, 0, 0, 0, 0, 0, 0, 0, 
    0, 0, 0, 0, 0, 0, 0, 0, 0, 0, 0, 0, 0, 0, 0, 0, 0, 0, 0, 
    0.0119760479041917, 0, 0, 0, -0.0714285714285712, 0, 0, 0, 
    0.0526315789473685, 0, 0, 0.750000000000001, 0, 0.25, 0, 
    0, 0, 0, 0, 0, 0, 0, 0, -0.198675496688742, 0.219435736677116, 
    0, 0, 0, 0, 0, 0, 0, 0, 0, 0, 0, 0, 0, 0, 0, 0, 0.0179640718562875, 
    0, 0, 0, -0.107142857142857, 0, 0, 0, 0.0789473684210526, 
    0, 0, 1.125, 0, 0.375, 0, 0, 0, 0, 0, 0, 0, 0, 0, -0.298013245033113, 
    0.329153605015674, 0, 0, 0, 0, 0, 0, 0, 0, 0, 0, 0, 0.838709677419356, 
    0, 0, 0, 0, 0, 0, 0.220338983050848, 0, 0, 0, 0, 0, 0, 0, 
    0, 0, 0, 0, 0, 0, 0, 0, 0, 0, 0, 0, 0, 0, 0, -0.883582089552239, 
    0, 0.0597014925373134, 0, 0, 0, 0, 0, 0, 0, 0, 2.80645161290323, 
    0, 0, 0, 0, 0, 0, 0, 0, 0, -0.748502994011976, 1.16666666666667, 
    0, 0, 0, 0, 0, 0, 0, 0, 0, 0, 0, 0, 0, 0, 0, 0, 0, 0, 0, 
    0, 0, 0, 0, 0, 0, 0, 0, 0, 0, 0, 0, 0.161290322580645, 0, 
    0, 0, 0, 0, 0, 0.0357142857142857, 0, -0.166666666666667, 
    0, 0.236842105263158, 0, 0, 0.125, 0, 0.125, 0, 0, 0, 0, 
    0, 0, 0, 0, 0, 0, 0, 0, 0, 0, 0.193548387096774, 0, 0, 0, 
    0, 0, 0, 0, 0, 0, 0.548387096774194, 0, 0, 0.173652694610778, 
    0, 0, 0, 0, 0, 0, 0, 0.131578947368421, 0, 0, 0, 0, 0, 0, 
    0, 0, 0, 0, 0, 0, 0, 0, 0, 0, 0, 0, 0, 0, 0, 0, 0, 0, 0, 
    0, 0, 0, 0, -0.193548387096774, 0, 0, 0, 0, 0, 0, -0.285714285714286, 
    0, 0, 0, 0, 0, 0, 0, 0.368421052631579, 1.5, 0, 0, 0, 0, 
    0, 0, 0, 0, 0, 0.0662251655629139, 0, 0, 0, 0, 0, 0, 0, 0.838709677419356, 
    2.80645161290323, 0, 0, 0, 0, 0, 0, 0, 0, 0, 0, 0.161016949152542, 
    0, 0, 0, 0, 0, 0, 0, 0, 0, 0, 0, 0, 0, 0, 0, 0, 0, 0, 0, 
    0, 0.178807947019868, 0, 0, 0, 0, 0, 0, 0, 0, 0, 0, 0, 0, 
    0, 0, 0, 0, 0, 0.00598802395209587, 0, 0, 0, -0.0357142857142856, 
    0, 0, 0, 0.0263157894736843, 0, 0, 0.375, 0, 0.125, 0, 0, 
    0, 0, 0, 0, 0, 0, 0, -0.0993377483443709, 0.109717868338558, 
    0, 0.774193548387097, 0, 0.32258064516129, 0, 0, 0, 0, 0.161290322580645, 
    0.548387096774194, -0.193548387096774, 0, 0, 0, 0, 0, 0, 
    0, 0, 0, 0, 0, 0, -0.241935483870968, 0, 0, 0, 0, 0, 0, 0.229166666666667, 
    0, 0, 0, 0, 0, 0, 0, 0, 0, 0, 0, 0, 0, 0, 0, 0, 0, 0, 0, 
    0, 0, 0, 0, 0, 0, 0, 0, 0, 0, 0, 0, 0, 0.166666666666667, 
    0, 0, 0, 0, 0, 0, 0, 0, 0, 0, 0, 0, 0, 0, 0, 0, 0, 0, 0, 
    0, 0, 0, 0, 0, 0, 0, 0, 0, 0, 0, 0, 0, 0, 0, 0, 0, 0, -0.102362204724409, 
    0, 0, 3.20493781063927e-17, -0.161290322580645, 0.157894736842105, 
    0, 0, 0, 0, 0, 0, 0, 0, 0, 0, 0, 0, 0, 0, 0, 0, 4.69461077844311, 
    0, 0, 0, 0.0119760479041917, 0.0179640718562875, 0, 0, 0, 
    0.173652694610778, 0, 0, 0.00598802395209587, 0, 0, 0, 0, 
    0, 0, 0, 0, 0, 0, 0, 0, 0, 0, 0, 1.13157894736842, 1.875, 
    0, 0, 0, 0, 0, 0, 0, 0, 0, 0.682119205298013, 0, 0, 0, 0, 
    0, 0, 0, 0, 0, 0, 0, 0, 0, 0, 0, 0, 0, 0, 0, 0, 0, 0, 0, 
    0, 0, 0, 0, 0, 0, 0, 0, 0, 0, 0, 0, 0, 0, 0, 0, 0, 0, 0, 
    0, 0, 0, 0, 0, 0, 0.220338983050848, 0, 0, 0, 0, 0.161016949152542, 
    0, 0, 0, 0, 0, 0, 0, 0, 0, 0, 0, 0.806451612903226, 0, 0, 
    0, 0, 0, 0, 0, 0, 0, 0, 0, 0, 0, 0, 0, 0, -0.294670846394984, 
    0, 0, 0.047244094488189, -0.0078740157480315, 0, 0, 0, 0, 
    0, 0, 0, 0, 0, 0, 0, -0.102362204724409, 0, 0, 0, 0, 0, 0, 
    -0.333333333333333, 1.25806451612903, 0, 0, 0, 0, 0, 0, 0, 
    0, 0, 0, 0, 0, 0, 0, 0, 0, -0.282131661442006, 0, 0, 0, 0, 
    -0.0714285714285712, -0.107142857142857, 0, 0, 0.0357142857142857, 
    0, -0.285714285714286, 0, -0.0357142857142856, 0, 0, 0, 0, 
    0, 0, 0, 0, 0, 0, -0.129032258064516, 0, 0, 0, 0, 0, 0, 0.104166666666667, 
    0, 0, 0, 0, 0, 0, 0, 0, 0, 0.263322884012539, 0, 0, 0, 0, 
    0, 0, 0, -0.748502994011976, 0, 0, 0, 0, 0, 0, 0, 0, 0, 0, 
    0, 0, 0, 0, 0, 0, 0, 0, 0, 0, 0, 0, 0, 0, 0, 0, 0, 0, 0, 
    0, 0, 0, 0, 0, 0, 0, 0, 0, 0, 0, 1.16666666666667, -0.166666666666667, 
    0, 0, 0, 0, 0, 0.166666666666667, 3.20493781063927e-17, 0, 
    0, 0, -0.333333333333333, 0, 0, 0, 0, 0, 0, 0, -1.25, 0, 
    -0.75, 0, 0, 0, 0, 0, 0, 0, 0, 0, 0.370860927152318, 0, 0, 
    0, 0, 0.0967741935483871, 0, 0, 0, 0, 0, 0, 0, 0, 0, -0.241935483870968, 
    0, -0.161290322580645, 0, 0, 0.806451612903226, 1.25806451612903, 
    -0.129032258064516, 0, 0, 0, 0, 0, 0, 0, 0, 0, 0, 0, 0, 0, 
    0, 0, 0, 0, 0, 0, 0, 2.52631578947368, 0, 0, 0, 0.0526315789473685, 
    0.0789473684210526, 0, 0, 0.236842105263158, 0.131578947368421, 
    0, 0, 0.0263157894736843, 0, 0, 0.157894736842105, 0, 0, 
    0, 0, 0, 0, 0, 0, 0, 0, 0, 0, 0, 0.25, 0.333333333333333, 
    0, 0, 0, 0, 0, 0, 0, 0, 0, 0, 0, 0, 0, 0, 0, 0, 0, 0, 0, 
    0, 0, 0, 0, 0, 0, 0, 0, 0, 0, 0, 0, 0, 0, 0, 0, 0, 0, 0.25, 
    0, 0, 0, 0, 0, 0, 0, 0, 0, 0, 0, 0, 0, 0, 0, 0, 0, 0, 0, 
    0, 0, 0, 0, 0, 0, 0, 0, 0, 0, 0, 0, 0, 0, 0, 0, 0, 0, 0, 
    0, 0, 0.375, 0, 0.125, 0, 0, 0, 0, 0, 0, 0, 0, 0, -0.0993377483443709, 
    0.109717868338558, 14.75, 0, 0, 0, 0.750000000000001, 1.125, 
    0, 0, 0.125, 0, 0, 0, 0.375, 0, 0, 0, 0, 0, 0, 0, 0, 0, -1.25, 
    0, 0, 0.25, 0.375, 0, 0, 0.25, 0, 0, 0, 0, 0, 0, 0, 0, 0, 
    -0.291390728476821, 0, 0, 0, 0, 0.157894736842105, 0, 0, 
    0, 0, 0, 0, 0.368421052631579, 0, 0, 0, 0, 0, 1.13157894736842, 
    0, 0, 0, 0, 0, 0, 0, 0, 0, 0, 0, 0, 0.75, -0.208333333333333, 
    0, 0, 0, 0, 0, 0, 0, 0, 0.357615894039735, 0, 0, 0, 0, 0, 
    0.25, 0.375, 0, 0, 0.125, 0, 1.5, 0, 0.125, 0, 0, 0, 1.875, 
    0, 0, 0, 0, 0, -0.75, 0, 0.25, 0, 0.125, 0.25, 0.75, 0, 0, 
    0, 0, 0, 0, 0, 0, 0, 0, 0.185430463576159, 0, 0, 0, 0, 0, 
    0, 0, 0, 0, 0, 0, 0, 0, 0, 0.229166666666667, 0, 0, 0, 0, 
    0, 0, 0.104166666666667, 0, 0, 0, 0.333333333333333, 0, 0, 
    0, -0.208333333333333, 0, 0, 0, 0, 0, 0, 0, 0, 0, 0, 0, 0, 
    0, 0, 0, 0, 0, 0, 0, 0, 0, 0, 0, 0, 0, 0, 0, 0, 0, 0, 0, 
    0, 0, 0, 0, 0, 0, 0, 0, 0, 0, 0, 0, 0, 0, 0, 0, 0, 0, 0, 
    0, 0, 0, 0, 0, 0, 0, 0, 0, 0, 0, 0, 0, 0, 0, 0, 0, 0, 0, 
    0, 0, 0, 0, 0, 0, 0, 0, 0, 0, 0, 0, 0, 0, 0, 0, 0, 0, 0, 
    0, 0, 0, 0, 0, 0, 0, 0, 0, 0, 0, 0, 0, 0, 0, 0, 0, 0, 0, 
    0, 0, 0, 0, 0, 0, 0, 0, 0, 0, 0, 0, 0, 0, 0, 0, 0, 0, 0, 
    0, 0, 0, 0, 0, 0, 0, 0, 0, 0, 0, 0, 0, 0, 0, 0, 0, 0, 0, 
    0, 0, 0, 0, 0, 0, 0, 0, 0, 0, 0, 0, 0, 0, 0, 0, 0, 0, 0, 
    0, 0, 0, 0, 0, 0, 0, 0, 0, 0, 0, 0, 0, 0, 0, 0, 0, 0, 0, 
    0, 0, 0, 0, 0, 0, 0, 0, 0, 0, 0, 0, 0, 0, 0, 0, 0, 0, 0, 
    0, 0, 0, 0, 0, 0, 0, 0, 0, 0, 0, 0, 0, 0, 0, 0, 0, 0, 0, 
    0, 0, 0, 0, 0, 0, 0, 0, 0, 0, 0, 0, 0, 0, 0, 0, 0, 0, 0, 
    0, 0, 0, 0, 0, 0, 0, 0, 0, 0, 0, 0, 0, 0, 0, 0, 1.65562913907285, 
    0, 0, 0, 0, 0, 0, 0, 0, 0, 0, 0, 0, 0, 0, 0, 0, 0, 0, 0, 
    0, 0, 0, 0, 0, 0, 0, 0, 0, 0, 0, 0, 0, 0, 0, 0, 0, 0, 0, 
    0, 0, -0.145695364238411, 0, 0, 0, 0, 0, 0, 0, 0, 0, 0, 0, 
    0, 0, 0, 0, 0, 0, 0, 0, 0, 0, 0, 0, 0, 0, 0, 0, 0, 0, 0, 
    0, 0, 0, 0, 0, 0, 0, 0, 0, 0, -0.291390728476821, 0, -2.5430463576159, 
    0, 0, 0, -0.198675496688742, -0.298013245033113, 0, 0, 0, 
    0, 0.0662251655629139, 0.178807947019868, -0.0993377483443709, 
    0, 0, 0, 0.682119205298013, 0, 0, 0, 0, 0, 0.370860927152318, 
    0, 0, 0, -0.0993377483443709, -0.291390728476821, 0.357615894039735, 
    0.185430463576159, 0, 0, 0, 0, 0, 0, 1.65562913907285, -0.145695364238411, 
    -0.291390728476821, 0, 0, 0, 0, 0, 0, 0.219435736677116, 
    0.329153605015674, 0, 0, 0, 0, 0, 0, 0.109717868338558, 0, 
    0, 0, 0, 0, -0.294670846394984, -0.282131661442006, 0.263322884012539, 
    0, 0, 0, 0, 0, 0.109717868338558, 0, 0, 0, 0, 0, 0, 0, 0, 
    0, 0, 0, 0, 0, 0), .Dim = c(41L, 41L), .Dimnames = list(c("pb", 
    "Assassin..rd.blk.", "BEB", "Braconid", "Calophorid", "Cercopid..brn.", 
    "Cercopid.brn.", "Chait..grn.", "Coenagrionidae", "Earwig", 
    "edge.mnr.", "egg.on.a.stick", "Formica.spp.2", "Globuli", 
    "Lacewing..grn.", "Lbb..many.spt.", "Lf.tier", "Lfhppr..brn.", 
    "Lfhppr..brnmtld.", "Lfhppr..fisheye.", "Lfhppr..grn.", "Lfhppr..sknk.", 
    "Melyrid..gry.blk.", "midge", "Mirid..blk.brn.", "Mirid..brn.", 
    "Muscid", "Myrm.ant", "Paras.", "Pentatomid..red.blk.wht.", 
    "Phylla", "punkie", "red.mite", "serp.lf.mnr.", "Syrphid..lttl.yllw.", 
    "T.dip", "Thec..aff.", "Thrip..blk.", "TinyT.dip", "Tip..mnr", 
    "Tip.roller"), c("pb", "Assassin..rd.blk.", "BEB", "Braconid", 
    "Calophorid", "Cercopid..brn.", "Cercopid.brn.", "Chait..grn.", 
    "Coenagrionidae", "Earwig", "edge.mnr.", "egg.on.a.stick", 
    "Formica.spp.2", "Globuli", "Lacewing..grn.", "Lbb..many.spt.", 
    "Lf.tier", "Lfhppr..brn.", "Lfhppr..brnmtld.", "Lfhppr..fisheye.", 
    "Lfhppr..grn.", "Lfhppr..sknk.", "Melyrid..gry.blk.", "midge", 
    "Mirid..blk.brn.", "Mirid..brn.", "Muscid", "Myrm.ant", "Paras.", 
    "Pentatomid..red.blk.wht.", "Phylla", "punkie", "red.mite", 
    "serp.lf.mnr.", "Syrphid..lttl.yllw.", "T.dip", "Thec..aff.", 
    "Thrip..blk.", "TinyT.dip", "Tip..mnr", "Tip.roller"))), 
    `1020` = structure(c(0, 0, 0, 0, 0, 0, 0, 0, 0, 0, 0, 0, 
    0, 1, 0.25, 0, 0, 0, 0, 0, 0, 0, 0, 0, 0, 0, 0, 0, 0, 0, 
    0, 0, 0, 0, 0, 0, 0, 0, 0, 0, 0, 0, 0, 0, 0, 0, 0, 0, 0, 
    0, 0, 0, 0, 0, 0, 0, 0, 0, 0, 0, 0, 0, 0, 0, 0, 0, 0, 0, 
    0, 0, 0, 0, 0, 0, 0, 0, 0, 0, 0, 0, 0, 0, 0, 0, 0, 0, 0, 
    0, 0, 0, 0, 1.09677419354839, 0, 0, 0, 0, 0, 0, 0.126126126126126, 
    0, 0, 0, 0, 0, 0, 0, 0, 0, 0, 0, 0, 0, 0, 0, 0, 0, 0, 0, 
    0, 0, 0, 0, 0, 0, 0, 0, 0, 0, 0, 0, 0, 0, 0, 0, 0, 0, 0, 
    0, 0, 0, 0, 0, 0, 0, 0, 0, 0, 0, 0, 0, 0, 0, 0, 0, 0, 0, 
    0, 0, 0, 0, 0, 0, 0, 0, 0, 0, 0, 0, 0, 0, 0, 0, 0, 0, 0, 
    0.875, 0, 0, 0, 0, 0, 0, 0, 0, 0, 0, 0, 0, 0, 0, 0, 0, 0, 
    0, 0, 0, 0.741935483870968, 0, 0, 0, 0, 0, 0, 0, 0, 0, 0, 
    0, 0, 0, 0, 0, 0, 0, 0, 0, 0.375, 0, 0, 0, 0, 0, 0, 0, 0.0932203389830508, 
    0, 0, 0, 0, 0, 0, 0, 0, 0, 0, 0, 0, 0.419354838709678, 0, 
    0, 0, 0, 0, 0, 0, 0, 0, 0, 0, 0, 0, 0, 0, 0.252205500778412, 
    0, 0, 0, 0.75, 0, 0, 0, 0, 0, 0, 1.58620689655172, 0, 0, 
    0, 0, 0, 0, 0, 0, 0, 0, 0, 0, 0, 0, 0, 0, 0, 0, 0, 0, 0, 
    0, 0, 0, 0, 0, 0, 0, 0.252205500778412, 0, 0, 0, 0, 0, 0, 
    0, 2.875, 0, 0, 0, 0, 0, 0, 0, 0, 0, 0, 0, 0, 0, 0, 0, 0, 
    0, 0, 0, 0, 0, 0, 0, 0, 0, 0, 0, 0, 0, 0, 0, 0, 0, 0, 0, 
    0.32258064516129, 0, 0, 0, 0, 0, 0, 0, 0, 0, 0.0847457627118644, 
    0, 0, 0.157894736842105, 0, 0, 0.174757281553398, 0, 0, 0, 
    0, 0, 0, 0, 0, 0, 0, 0, 0, 0, 0, 0, 0, 0, 1.09677419354839, 
    0, 0, 0, 0, 0, 0.32258064516129, 0, 0, 0, 0, 0, 0, 0, 0.513513513513513, 
    0, 0, 0.211864406779661, 0, 0, 0.394736842105263, 0, 0, 0, 
    0, 0, 0, 0, 0.0804352464262855, 0, 0, 0, 0, 0, 0, 0, 0, 0, 
    0, 0, 0, 0, 0, 0, 0, 0, 0, 0, 0, 0, 0, 0, 0.875, 0, 0, 0, 
    0, 0, 0, 0, 0, 0, 0, 0, 0, 0, 0, 0, 0, 0, 0, 0, 0, 0, 0, 
    0, 0, 0, 0.535211267605634, 0, 0, 0, 0, 0, 0.875, 0.375, 
    0.75, 0, 0, 0, 0, 0, 0, 0, 0, 0, 0, 0, 0, 0, 0, 0, 0, 0, 
    0, -0.271844660194175, 0, 0, 0, 0, 0, 0, 0.645161290322581, 
    0, 0, 0, 0, 0, 0, 0, 0, 0, 0, 0, 0, 0, 0, 0, 0, 0, 0, 0, 
    0, 0, 0, 0, 0, 0, 0, 0, 0, 0, 0, 0.210526315789474, 0, 0, 
    0, 0, 0, 0, 0, 0, 0, 0, 0, 0, 0, 0, 0, 0, 0, 0, 1, 0, 0, 
    0, 0, 0, 0, 0, 0, 0, 0.875, 0, 0, 0, 0, 0, 0, 0, 0, 0, 0, 
    0, 0, 0, 0, 0, 0, 0, 0, 0, 0, 0, 0, 0, 0, 0, 0, 0, 0, 0, 
    0, 0.25, 0, 0, 0, 0, 0, 0, 2.875, 0, 0, 0, 0, 0, 0, 0, 0, 
    0, 0, 0, 0, 0, 0, 0, 0, 0, 0, 0, 0, 0, 0, 0, 0, 0, 0, 0, 
    0, 0, 0, 0, 0, 0, 0, 0, 0, 0, 0, 0, 0, 0, 0, 0, 0, 0, 0, 
    0, 0, 0, 0, 0, 0, 0, 0, 0, 0.157894736842105, 0, 0, 0.0194174757281553, 
    0, 0, 0, 0, 0, 0, 0.0645161290322581, 0, 0, 0, 0, 0, 0, 0, 
    0, 0, 0, 0.126126126126126, 0, 0, 0, 0, 0, 0, 0.513513513513513, 
    0, 0, 0, 0, 0, 0, 0, 0, 0, 0.466101694915254, 0, 0, 0.868421052631578, 
    0, 0, 0.980582524271844, 0, 0, 0, 0, 0.146575634734372, 0, 
    0, 0, 0, 0, 0, 0, 0, 0, 0, 0, 0, 0, 0, 0, 0, 0, 0, 0, 0, 
    0, 0, 0, 0, 0, 0, 0, 0, 0, 0, 0, 0, 0, 0, 0, 0, 0, 0, 0, 
    0, 0, 0, 0, 0, 0, 0, 0, 0, 0, 0, 0, 0, 0, 0, 0, 0, 0, 1.58620689655172, 
    0, 0, 0, 0, 0, 0, 0, 0, 0, 0, 0, 0, 0, 0, 0, 0, 0, 0, 0, 
    0, 0, 0, 0, -0.0420311499893322, 0, 0, 0, 0, 0, 0, 0, 0, 
    0, 0, 0, 0, 0, 0, 0, 0.0932203389830508, 0, 0, 0.0847457627118644, 
    0.211864406779661, 0, 0, 0, 0, 0, 0, 0.466101694915254, 0, 
    0, 0, 0, 0, 1, 0, 0, 0.951456310679612, 0, 0, 0, 0, 0.120759547685086, 
    0, 0, 0, 0, 0, 0, 0, 0, 0, 0, 0, 0, 0, 0, 0, 0, 0, 0, 0, 
    0, 0, 0, 0, 0, 0, 0, 0, 0, 0, 0, 0, 0, 0, 0, 0, 0, 0, 0, 
    0, 0, 0, 0, 0.419354838709678, 0, 0, 0, 0, 0, 0, 0, 0, 0, 
    0, 0, 0, 0, 0, 0, 0, 0, 0, 0, 0, 0, 0, 0, 0, 0, 0, 0, 0, 
    0, 0, 0, 0, 0, 0, 0, 0, 0, 0, 0, 0, 0, 0, 0, 0, 0, 0, 0, 
    0, 0, 0, 0, 0, 0, 0, 0, 0, 0, 0.157894736842105, 0.394736842105263, 
    0, 0, 0.210526315789474, 0, 0, 0.157894736842105, 0.868421052631578, 
    0, 0, 1, 0, 0, 0, 0, 0, 0, 0, 0, 0, 0, 0, 0, 0, 0, 0, 0, 
    0, 0, 0, 0, 0, 0, 0, 0, 0, 0, 0, 0, 0, 0, 0, 0, 0, 0, 0, 
    0, 0, 0, 0, 0, 0, 0, 0, 0, 0, 0, 0, 0, 0, 0, 0, 0, 0, 0, 
    0, 0, 0, 0, 0, 0, 0, 0, 0, 0, 0, 0, 0, 0, 0, 0, 0, 0, 0, 
    0, 0, 0, 0, 0, 0, 0, 0, 0, 0, 0, 0, 0, 0, 0.728155339805825, 
    0, 0, 0, 0, 0.0992105824621293, 0, 0, 0, 0, 0, 0, 0, 0, 0, 
    0, 0, 0, 0, 0, 0, 0, 0, 0, 0.174757281553398, 0, 0, -0.271844660194175, 
    0, 0, 0, 0.0194174757281553, 0.980582524271844, 0, 0, 0.951456310679612, 
    0, 0, 0, 0, 0.728155339805825, 0, 0, 0, 0, 0, 0.135907830168551, 
    0, 0, 0, 0, 0, 0, 0, 0, 0, 0, 0, 0, 0, 0, 0, 0, 0, 0, 0, 
    0, 0, 0, 0, 0, 0, 0, 0, 0, 0, 0, 0, 0, 0, 0, 0, 0, 0, 0, 
    0, 0, 0, 0, 0, 0, 0, 0, 0, 0, 0, 0, 0, 0, 0, 0, 0, 0, 0, 
    0, 0, 0, 0, 0, 0, 0, 0, 0, 0, 0, 0, 0, 0, 0, 0, 0, 0, 0, 
    0, 0, 0, 0, 0, 0, 0, 0, 0, 0, 0, 0, 0, 0, 0, 0, 0, 0, 0, 
    0, 0, 0, 0, 0, 0, 0, 0, 0, 0, 0, 0, 0, 0, 0, 0, 0, 0, 0, 
    0, 0, 0, 0, 0, 0, 0, 0, 0, 0, 0.0645161290322581, 0, 0, 0, 
    0, 0, 0, 0, 0, 0, 0, 0, 0, 0, 0, 0, 0, 0, 0, 0, 0, 0, 0, 
    0, 0, 0, 0, 0, 0, 0, 0, 0, 0, 0, 0, 0, 0, 0, 0, 0, 0, 0.161290322580645, 
    0, 0, 0, 0, 0, 0, 0.0211267605633803, 0, 0, 0, 0, 0, 0, 0, 
    0, 0, 0, 0.0804352464262855, 0, 0, 0, 0, 0, 0, 0.146575634734372, 
    0, -0.0420311499893322, 0.120759547685086, 0, 0, 0, 0, 0.0992105824621293, 
    0.135907830168551, 0, 0, 0, 0, 0, 0, 0, 0, 0, 0, 0, 0, 0, 
    0, 0, 0, 0, 0, 0, 0, 0, 0, 0, 0, 0, 0, 0, 0, 0, 0, 0, 0, 
    0, 0, 0, 0, 0, 0, 0, 0, 0, 0, 0, 0, 0, 0, 0, 0, 0, 0, 0, 
    0, 0, 0, 0, 0, 0, 0, 0, 0, 0.741935483870968, 0.419354838709678, 
    0, 0, 0, 0, 0, 0.645161290322581, 0, 0, 0, 0.0645161290322581, 
    0, 0, 0, 0, 0.419354838709678, 0, 0, 0, 0, 0, 0, 0, 0.0645161290322581, 
    0.161290322580645, 0, 0, 0, 0, 0, 0, 0, 0, 0, -0.0492957746478873, 
    0, 0, 0, 0, 0, 0, 0, 0, 0, 0, 0, 0, 0, 0, 0, 0, 0, 0, 0, 
    0, 0, 0, 0, 0, 0, 0, 0, 0, 0, 0, 0, 0, 0, 0, 0, 0, 0, 0, 
    0, 0, 0, 0, 0, 0, 0, 0, 0, 0, 0, 0, 0, 0, 0, 0, 0, 0, 0, 
    0, 0, 0, 0, 0, 0, 0, 0, 0, 0, 0, 0, 0, 0, 0, 0, 0, 0, 0, 
    0, 0, 0, 0, 0, 0, 0, 0, 0, 0, 0, 0, 0, 0, 0, 0, 0, 0, 0, 
    0, 0, 0, 0, 0, 0, 0, 0, 0, 0, 0, 0, 0, 0, 0, 0, 0, 0, 0, 
    0, 0, 0, 0, 0, 0, 0, 0, 0, 0, 0, 0, 0, 0, 0, 0, 0, 0, 0, 
    0, 0, 0, 0, 0, 0, 0, 0, 0, 0, 0, 0, 0, 0, 0, 0, 0, 0, 0, 
    0, 0, 0, 0, 0, 0, 0, 0, 0, 0, 0, 0, 0, 0, 0, 0, 0, 0, 0, 
    0, 0, 0, 0, 0, 0, 0, 0, 0, 0, 0, 0, 0, 0, 0, 0, 0, 0, 0, 
    0, 0, 0, 0, 0, 0, 0, 0, 0, 0, 0, 0, 0, 0, 0, 0, 0, 0, 0, 
    0, 0, 0, 0, 0, 0, 0, 0, 0, 0, 0, 0, 0, 0, 0, 0, 0, 0, 0, 
    0, 0, 0, 0, 0, 0, 0, 0, 0, 0, 0, 0, 0, 0, 0, 0, 0, 0, 0, 
    0, 0, 0, 0, 0, 0, 0, 0, 0, 0, 0.535211267605634, 0, 0, 0, 
    0, 0, 0, 0, 0, 0, 0, 0, 0, 0, 0, 0, 0, 0, 0, 0.0211267605633803, 
    0, 0, -0.0492957746478873, 0, 0, 0, 0, 0, 0, 0, 0, 0, 0, 
    0, 0, 0, 0, 0, 0, 0, 0, 0, 0, 0, 0, 0, 0, 0, 0, 0, 0, 0, 
    0, 0, 0, 0, 0, 0, 0, 0, 0, 0, 0, 0, 0, 0, 0, 0, 0, 0, 0, 
    0), .Dim = c(41L, 41L), .Dimnames = list(c("pb", "Assassin..rd.blk.", 
    "BEB", "Braconid", "Calophorid", "Cercopid..brn.", "Cercopid.brn.", 
    "Chait..grn.", "Coenagrionidae", "Earwig", "edge.mnr.", "egg.on.a.stick", 
    "Formica.spp.2", "Globuli", "Lacewing..grn.", "Lbb..many.spt.", 
    "Lf.tier", "Lfhppr..brn.", "Lfhppr..brnmtld.", "Lfhppr..fisheye.", 
    "Lfhppr..grn.", "Lfhppr..sknk.", "Melyrid..gry.blk.", "midge", 
    "Mirid..blk.brn.", "Mirid..brn.", "Muscid", "Myrm.ant", "Paras.", 
    "Pentatomid..red.blk.wht.", "Phylla", "punkie", "red.mite", 
    "serp.lf.mnr.", "Syrphid..lttl.yllw.", "T.dip", "Thec..aff.", 
    "Thrip..blk.", "TinyT.dip", "Tip..mnr", "Tip.roller"), c("pb", 
    "Assassin..rd.blk.", "BEB", "Braconid", "Calophorid", "Cercopid..brn.", 
    "Cercopid.brn.", "Chait..grn.", "Coenagrionidae", "Earwig", 
    "edge.mnr.", "egg.on.a.stick", "Formica.spp.2", "Globuli", 
    "Lacewing..grn.", "Lbb..many.spt.", "Lf.tier", "Lfhppr..brn.", 
    "Lfhppr..brnmtld.", "Lfhppr..fisheye.", "Lfhppr..grn.", "Lfhppr..sknk.", 
    "Melyrid..gry.blk.", "midge", "Mirid..blk.brn.", "Mirid..brn.", 
    "Muscid", "Myrm.ant", "Paras.", "Pentatomid..red.blk.wht.", 
    "Phylla", "punkie", "red.mite", "serp.lf.mnr.", "Syrphid..lttl.yllw.", 
    "T.dip", "Thec..aff.", "Thrip..blk.", "TinyT.dip", "Tip..mnr", 
    "Tip.roller"))), `coal 3` = structure(c(0, 0, 8.9037037037037, 
    0, 33.8064516129032, 0, 0, 0, 0, 0, 0, 0, 0, 0, 0, 0, 0, 
    0, 0, 0, 0, 0, 0, 0, 0, 0, 0, 0, 0, 0, 0, 0, 0, 0, 0, 0, 
    3.60902255639098, 0, 0, 0, 0, 0, 0, 0, 0, 0, 0, 0, -0.05, 
    0, 0, 0, 0, 0, 0, 0, 0, 0, 0.0625000000000001, 0, 0.0987593052109181, 
    0.394736842105263, 0, 0, 0, 0, 0, 0, 0, 0, 0, 0, 0.0625000000000001, 
    0, 0, 0, 0, 0, 0, 0, 0, 0.444444444444445, 8.9037037037037, 
    0, 0, 0, 3.80645161290323, 0, 0, 0, 0, 0, 0, 0, 0, 0, 0, 
    0, 0, 0, 0, 0, 0, 0, 0, 0, 0, 0, 0, 0, 0, 0, 0, 0, 0, 0, 
    0, 0, 0.616541353383458, 0, 0, 0, 0, 0, 0, 0, 0, 0, 0, 0, 
    0, 0, 0, 0, 0, 0, 0, 0, 0, 0, 0.3125, 0, 0.0709677419354839, 
    0, 0, 0, 0, 0, 0, 0, 0, 0, 0, 0, 0.3125, 0, 0, 0, 0, 0, 0, 
    0, 0, 0, 33.8064516129032, 0, 3.80645161290323, 0, 0, 0, 
    0, 0, 0, 0, 0, 0, 0, 0, 0, 0, 0, 0, 0, 0, 0, 0, 0, 0, 0, 
    0, 0, 0, 0, 0, 0, 0, 0, 0, 0, 0, 0.0776942355889724, 0, 0, 
    0, 0, 0, 0, 0, 0, 0, 0, 0, 0, 0, 0, 0, 0, 0, 0, 0, 0, 0, 
    0, 0, 0, 0, 0, 0, 0, 0, 0, 0, 0, 0, 0, 0, 0, 0, 0, 0, 0, 
    0, 0, 0, 0, 0, 0, 0, 0, 0, 0, 0, 0, 0, 0, 0, 0, 0, 0, 0, 
    0, 0, 0, 0, 0, 0, 0, 0, 0, 0, 0, 0, 0, 0, 0, 0, 0, 0, 0, 
    0, 0, 0, 0, 0, 0, 0, 0, 0, -0.05, 0, 0, 0, 0, 0, 0, 0, 0, 
    0, 0, 0, 0, 0, 0, 0, 0, 0, 0, 0, 0, 0, 0, 0, 0, 0, 0, 0, 
    0, 0, 0, 0, 0, 0, 0, 1.83458646616541, 0, 0, 0, 0, 0, 0, 
    0, 0, 0, 0, 0, 0, 0, 0, 0, 0, 0, 0, 0, 0, 0, 0.3125, 0, 0, 
    0.131578947368421, 0, 0, 0, 0, 0, 0, 0, 0, 0, 0, 0, 0, 0, 
    0, 0.197674418604651, 0, 0, 0, 0, -3.2710259555912e-18, 0, 
    0, 0, 0, 0, 0, 0, 0, 0, 0, 0, 0, 0, 0, 0, 0, 0, 0, 0, 0, 
    0, 0, 0, 0, 0, 0, 0, 0, 0, 0, 0, 0, 0, 0, 0, 0, 0, 0, 0, 
    0, 0, 0, 0, 0, 0, 0, 0, 0, 0, 0, 0, 0, 0, 0, 0, 0, 0, 0, 
    -0.3125, 0, 0, -0.0789473684210525, 0, 0, 0, 0, 0, 0, 0, 
    0, 0, 0, 0, 0, 0, 0, -0.22093023255814, 0, 0, 0, 0, 0, 0, 
    0, 0, 0, 0, 0, 0, 0, 0, 0, 0, 0, 0, 0, 0, 0, 0, 0, 0, 0, 
    0, 0, 0, 0, 0, 0, 0, 0, 0, 0, 0, 0, 0, 0, 0, 0, 0, 0, 0, 
    0, 0, 0, 0, 0, 0, 0, 0, 0, 0, 0, 0, 0, 0, 0, 0, 0, 0, 0, 
    0.3125, 0, 0, 0.131578947368421, 0, 0, 0, 0, 0, 0, 0, 0, 
    0, 0, 0, 0, 0, 0, 0.197674418604651, 0, 0, 0, 0, -3.2710259555912e-18, 
    0, 0, 0, 0, 0, 0, 0, 0, 0, 0, 0, 0, 0, 0, 0, 0, 0, 0, 0, 
    0, 0, 0, 0, 0, 0, 0, 0, 0, 0, 0, 0, 0, 0, 0, 0, 0, 0.210526315789474, 
    0, 0, 0, 0, 0, 0, 0, 0, 0, 0, 0, 0, 0, 0, 0, 0, 0, 0, 0, 
    0, 0, 0, 0, 0, 0, 0, 0, 0, 0, 0, 0, 0, 0, 0, 0, 0, 0, 0, 
    0, 0, 0.025062656641604, 0, 0, 0, 0, 0, 0, 0, 0, 0, 0, 0, 
    0, 0, 0, 0, 0, 0, 0, 0, 0, 0, 0, 0, 0, 0, 0, 0, 0, 0, 0, 
    0, 0, 0, 0, 0, 0, 0, 0, 0, 0, 0, 0, 0, 0, 0, 0, 0, 0, 0, 
    0, 0, 0, 0, 0, 0, 0, 0, 0, 0, 0, 0, 0, 0, 0, 0, 0, 0, 0, 
    0, 0, 0, 0, 0, 0, 0, 0, 0, 0, 0, 0, 0, 0, 0, 0, 0, 0, 0, 
    0.0625000000000001, 0, 0.3125, 0, 0, 0, 0, 0.3125, 0, -0.3125, 
    0, 0.3125, 0, 0, 0, 0, 0, 0, 0, 0, 0, 0, 0, 0, 0, 0, 0, 0, 
    0, 0, 0, 0, 0, 0, 0.558139534883721, 0, 0, 0, 0, 0, 0, 0, 
    0, 0, 0, 0, 0, 0, 0, 0, 0, 0, 0, 0, 0, 0, 0, 0, 0, 0, 0.131578947368421, 
    0, 0, 0, 0, 0, 0, 0, 0, 0, 0, 0, 0, 0, 0, 0.197674418604651, 
    0, 0, 0, 0, -3.2710259555912e-18, 0, 0.0987593052109181, 
    0, 0.0709677419354839, 0, 0, 0, 0, 0, 0, 0, 0, 0, 0, 0, 0, 
    0, 0, 0, 0, 4.28947368421052, 0, 0, 0, 0, 0, 0, 0, 0, 0, 
    0, 2.1875, 0, 0, 0, 0, 0, 0, 0, 0, 0, 0, 0.394736842105263, 
    0, 0, 0, 0, 0, 0, 0.131578947368421, 0, -0.0789473684210525, 
    0, 0.131578947368421, 0, 0, 0, 0, 0, 0.131578947368421, 4.28947368421052, 
    0, 0, 0, 0, 0, 0, 0, 0, 0, 0, 0, -1.57009245868377e-16, 0.407766990291262, 
    0, 0, 0, 0, 0, 0, 0, 0, 0, 0, 0, 0, 0, 0, 0, 0, 0, 0, 0, 
    0, 0, 0, 0, 0, 0, 0, 0, 0, 0, 0, 0, 0, 0, 0, 0, 0, 0, 0, 
    0, 0.375, 0, 0, 0, 0, 0, 0, 0, 0, 0.111111111111111, 0, 0, 
    0, 0, 0, 0, 0, 0, 0, 0, 0, 0, 0, 0, 0, 0, 0, 0, 0, 0, 0, 
    0, 0, 0, 0, 0, 0, 0, 0, 0, 0, 0, 0, 0, 0, 0, 0, 0, 0, 0, 
    0, 0, 0, 0, 0, 0, 0, 0, 0, 0, 0, 0, 0, 0, 0, 0, 0, 0, 0, 
    0, 0, 0, 0, 0, 0, 0, 0, 0, 0, 0, 0, 0, 0.0625000000000001, 
    0, 0, 0, 0, 0, 0, 0, 0, 0.166666666666667, 0, 0, 0, 0, 0, 
    0, 0, 0, 0, 0, 0, 0, 0, 0, 0, 0, 0, 0, 0, 0, 0, 0, 0, 0, 
    0, 0, 0, 0, 0, 0, 0, 0, 0, 0, 0, 0, 0, 0, 0, 0, 0, 0, 0, 
    0, 0, 0, 0, 0, 0, 0, 0, 0, 0, 0, 0, 0, 0, 0, 0, 0, 0, 0, 
    0, 0, 0, 0, 0, 0, 0, 0, 0, 0, 0.3125, 0, 0, 0, 0, 0, 0, 0, 
    0, 0, 0, 0, 0, 0, 0, 0, 0, 0, 0, 0, 0, 0, 0, 0, 0, 0, 0, 
    0, 0, 0, 0, 0, 0, 0, 0, 0, 0, 0, 0, 0, 0, 0, 0, 0, 0, -0.0232558139534884, 
    0, 0, 0, 0.109090909090909, 0, 0, 0, 0, 0, 0, 0, 0, 0, 0, 
    0, 0, 0, 0, 0, 0, 0, 0, 0, 0, 0, 0, 0, 0, 0, 0, 0, 0, 0, 
    0, 0, 0, 0.0625000000000001, 0, 0, 0, 0, 0, 0, 0, 0, 0.166666666666667, 
    0, 0, 0, 0, 0, 0, 0, 0, 0, 0, 0, 0, 0, 0, 0, 0, 0, 0, 0, 
    0, 0, 0, 0, 0, 0, 0, 0, 0, 0, 0, 0, 0, 0, 0, 0, 0, 0, 0, 
    0, 0, 0, 0, 0, 0, 0, 0, 0, 0, 0, 0, 0, 0, 0, 0, 0, 0, 0, 
    0, 0, 0, 0, 0, 0, 0, 0, 0, 0, 0, 0, 0, 0, 0, 0, 0, 0, 0, 
    0, 0, 0, 0, 0, 0, 0, 0, 0, 0, 0, 0, 0, 0, 0, 0, 0, 0, 0, 
    0, 0, 0, 0, 0, 0, 0, 0, 0, 0, 0, 0, 0, 0, 0, 0, 0, 0, 0, 
    0, 0, 0, 0, 0, 0, 0, 0, 0, 0, 0.0625000000000001, 0, 0.3125, 
    0, 0, 0, 0, 0, 0, 0, 0, 0, 0, 0, 0, 0, 0, 0, 2.1875, -1.57009245868377e-16, 
    0.375, 0, 0.0625000000000001, 0, 0.3125, 0, 0.0625000000000001, 
    0, 0, 0, 0, 0, 0, 0, 0, 0, 0, 0, 0, 0, 0, 0, 0, 0, 0, 0, 
    0, 0, 0, 0, 0, 0, 0, 0, 0, 0, 0, 0, 0, 0, 0.407766990291262, 
    0, 0, 0, 0, 0, 0, 0, 0, 0, 0, 0, 0, 0, 0, 0, 0, 0, 0, 0, 
    0.166666666666667, 0, 0, 0, 0, 0, 0, 0, 0, 0, 0, 0, 0, 0, 
    0, 0, 0, 0, 0, 0, 0, 0, 0, 0, 0, 0, 0, 0, 0, 0, 0, 0, 0, 
    0, 0, 0, 0, 0, 0, 0, 0, 0, 0, 0, 0, 0, 0, 0, 0, 0, 0, 0, 
    0, 0, 0, 0, 0, 0, 0, 0, 0, 0, 0, 0, 0, 0, 0, 0, 0, 0, 0, 
    0, 0, 0, 0, 0, 0, 0, 0, 0, 0, 0, 0, 0, 0, 0, 0, 0, 0, 0, 
    0, 0.197674418604651, 0, -0.22093023255814, 0, 0.197674418604651, 
    0, 0, 0, 0, 0.558139534883721, 0.197674418604651, 0, 0, 0, 
    0, 0, 0, 0, -0.0232558139534884, 0, 0, 0, 0, 0, 0, 0, 0, 
    0, 0, 0, 0, 0, 0.111111111111111, 3.60902255639098, 0, 0.616541353383458, 
    0, 0.0776942355889724, 0, 0, 1.83458646616541, 0, 0, 0, 0, 
    0, 0.210526315789474, 0.025062656641604, 0, 0, 0, 0, 0, 0, 
    0, 0, 0, 0, 0, 0, 0, 0, 0, 0, 0, 0, 0, 0, 0, 0, 0, 0, 0, 
    0, 0, 0, 0, 0, 0, 0, 0, 0, 0, 0, 0, 0, 0, 0, 0, 0, 0, 0, 
    0, 0, 0, 0, 0, 0, 0, 0, 0, 0, 0, 0, 0, 0, 0, 0, 0, 0, 0, 
    0, 0, 0, 0, 0, 0, 0, 0, 0, 0, 0, 0, 0, 0, 0, 0, 0, 0, 0, 
    0, 0, 0, 0, 0, 0, 0, 0, 0, 0, 0, 0, 0, 0, 0, 0, 0, 0, 0, 
    0, 0, 0, 0, 0, 0, 0, 0, 0, 0, 0, 0, 0, 0, 0, 0, 0, 0, 0, 
    0, 0, 0, 0, 0, 0, 0, 0, 0, 0, 0, 0, 0, 0, 0.109090909090909, 
    0, 0, 0, 0, 0, 0, 0, 0, 0, 0, 0, 0, 0, 0, 0, 0.444444444444445, 
    0, 0, 0, 0, 0, 0, -3.2710259555912e-18, 0, 0, 0, -3.2710259555912e-18, 
    0, 0, 0, 0, 0, -3.2710259555912e-18, 0, 0, 0.111111111111111, 
    0, 0.166666666666667, 0, 0, 0, 0.166666666666667, 0, 0, 0, 
    0, 0.166666666666667, 0, 0, 0.111111111111111, 0, 0, 0, 0, 
    0), .Dim = c(41L, 41L), .Dimnames = list(c("pb", "Assassin..rd.blk.", 
    "BEB", "Braconid", "Calophorid", "Cercopid..brn.", "Cercopid.brn.", 
    "Chait..grn.", "Coenagrionidae", "Earwig", "edge.mnr.", "egg.on.a.stick", 
    "Formica.spp.2", "Globuli", "Lacewing..grn.", "Lbb..many.spt.", 
    "Lf.tier", "Lfhppr..brn.", "Lfhppr..brnmtld.", "Lfhppr..fisheye.", 
    "Lfhppr..grn.", "Lfhppr..sknk.", "Melyrid..gry.blk.", "midge", 
    "Mirid..blk.brn.", "Mirid..brn.", "Muscid", "Myrm.ant", "Paras.", 
    "Pentatomid..red.blk.wht.", "Phylla", "punkie", "red.mite", 
    "serp.lf.mnr.", "Syrphid..lttl.yllw.", "T.dip", "Thec..aff.", 
    "Thrip..blk.", "TinyT.dip", "Tip..mnr", "Tip.roller"), c("pb", 
    "Assassin..rd.blk.", "BEB", "Braconid", "Calophorid", "Cercopid..brn.", 
    "Cercopid.brn.", "Chait..grn.", "Coenagrionidae", "Earwig", 
    "edge.mnr.", "egg.on.a.stick", "Formica.spp.2", "Globuli", 
    "Lacewing..grn.", "Lbb..many.spt.", "Lf.tier", "Lfhppr..brn.", 
    "Lfhppr..brnmtld.", "Lfhppr..fisheye.", "Lfhppr..grn.", "Lfhppr..sknk.", 
    "Melyrid..gry.blk.", "midge", "Mirid..blk.brn.", "Mirid..brn.", 
    "Muscid", "Myrm.ant", "Paras.", "Pentatomid..red.blk.wht.", 
    "Phylla", "punkie", "red.mite", "serp.lf.mnr.", "Syrphid..lttl.yllw.", 
    "T.dip", "Thec..aff.", "Thrip..blk.", "TinyT.dip", "Tip..mnr", 
    "Tip.roller"))), `HE-10` = structure(c(0, 0, -4.88636363636363, 
    0, 0, 0, 0, 0, 0, 0, 0, 0, 0, 0, 0, 0, 0, 0, 0, 0, 0, 0, 
    0, 0, 0, 0, 0, 0, 0, 0, 0, 0.420765027322404, 0, 0, 0, 0, 
    0, 0, 0, 6.2, 0, 0, 0, 0, 0, 0, 0, 0, 0, 0, 0, 0, 0, 0, 0, 
    0, 0, 0, 0, 0, 0, 0, 0, 0, 0, 0, 0, 0, 0, 0, 0, 0, 0, 0, 
    0, 0, 0, 0, 0, 0, 0, 0, -4.88636363636363, 0, 0, 0, 0, 0, 
    0, 0, 0, 0, 0, 0, 0, 0, 0, 0, 0, 0, 0, 0, 0, 0, 0, 0, 0, 
    0, 0, 0, 0, 0, 0, -0.459016393442623, 0, 0, 0, 0, 0, 0, 0, 
    0, 0, 0, 0, 0, 0, 0, 0, 0, 0, 0, 0, 0, 0, 0, 0, 0, 0, 0, 
    0, 0, 0, 0, 0, 0, 0, 0, 0, 0, 0, 0, 0, 0, 0, 0, 0, 0, 0, 
    0, 0, 0, 0, 0, 0, 0, 0, 0, 0, 0, 0, 0, 0.193548387096774, 
    0, 0, 0, 0, 0, 0, 0, 0, 0, 0, 0.117171717171717, 0.322580645161291, 
    0, 0, 0, 0, 0, 0, 0.0645161290322581, 0, 0, 0, 0, 0, 0, 0, 
    0, 0, 0, 0, 0, 0, 0, 0, 0, 0, 0, 0, 0, 0, 0, 0, 0, 0, 0, 
    0, 0, 0, 0, 0, 0, 0, 0, 0, 0, 0, 0, 0, 0, 0, 0, 0, 0, 0, 
    0, 0, 0, 0, 0, 0, 0, 0, 0, 0, 0, 0, 0, 0, 0, 0, 0, 0, 0, 
    0, 0, 0, 0, 0, 0, 0, 0, 0, 0, 0, 0, 0, 0, 0, 0, 0, 0, 0, 
    0, 0, 0, 0, 0, 0, 0, 0, 0, 0, 0, 0, 0, 0, 0, 0, 0, 0, 0, 
    0, 0, 0, 0, 0, 0, 0, 0, 0, 0, 0, 0, 0, 0, 0, 0, 0, 0, 0, 
    0, 0, 0, 0, 0, -1.32786885245902, 2.28947368421053, 0, 0, 
    0, 0, 0, 0, 0, 0, 0, 0, 0, 0, 0.193548387096774, 0, 0, 0, 
    0, 0, -0.358490566037736, 0, 0, 0, 0, 0, 0, 0, 0, 0, 0, 0, 
    0, 0, 0, 0, 0, 0, 0, 0, 0, 0, 0, 0.625, 0, 0, 0, 0, 0, 0, 
    0, 0, 0, 0, 0, 0, 0, 0, 0, 0, 0, 0, 0, 0, 0, 0, 0, 0, 0, 
    0.354838709677419, 0, 0, 0, 0, 0, 0, 0, 0, 0, 0, 0, 0, 0, 
    0.236842105263158, 0, 0, 0, 0.0317686107159791, 0, 0, -0.163636363636364, 
    0, 0, 0, 0, 0, 0, 0, 0, 0, -0.358490566037736, 0, 0, 0, 0, 
    0, 0, 0, 0, 0, 0, 0, 0.548387096774194, 0, 0, 0, 0, 0, 0, 
    0, 0, 0, 0, 0, 0, -1.125, 0, 0, 0, 0, 0, 0, 0, 0, 0, 0, 0, 
    0, 0, 0, 0, 0, 0, 0, 0, 0, 0, 0, 0, 0, 0, 0, 0, 0, 0, 0, 
    0, 0, 0, 0, 0, 0, 0, 0, 0, 0, 0, 0, 0, 0, 0, 0, 0, 0, 0, 
    0, 0, 0, 0, 0, 0, 0, 0, 0, 0, 0, 0, 0, 0, 0, 0, 0, 0, 0, 
    0, 0, 0, 0, 0, 0, 0, 0, 0, 0, 0.00816421740144623, 0, 0.131578947368421, 
    0, 0, 0, 0.00521574205784732, 0, 0, 0, 0, 0, 0, 0, 0, 0, 
    0, 0, 0, 0, 0, 0, 0, 0, 0, 0, 0, 0, 0, 0, 0, 0, 0, 0, 0, 
    0, 0, 0, 0, 0, 0, 0, 0, 0, 0, 0, 0, 0, 0, 0, 0, 0, 0, 0, 
    0, 0, 0, 0, 0, 0, 0, 0, 0, 0, 0, 0, 0, 0, 0, 0, 0, 0, 0, 
    0, 0, 0, 0, 0, 0, 0, 0, 0, 0, 0, 0, 0.125, 0, 0, 0, 0, 0, 
    0, 0, 0, 0, 0, 0, 0, 0, 0, 0, 0, 0, 0, 0, 0, 0, 0, 0, 0, 
    0, 0, 0, 0, 0, 0, 0, 0, 0, 0, 0, 0, 0, 0, -0.0109289617486339, 
    0.0526315789473684, 0, 0, 0, 0, 0, 0, 0.545454545454546, 
    0, 0, 0, 0, 0, 0, 0, 0, 0, 0, 0, 0, 0, 0, 0, 0, 0, 0, 0, 
    0, 0, 0, 0, 0.109004739336493, 0, 0, 0, 0, 0.838709677419355, 
    0, 0, 0.0723116398413809, 0, 0, 0, 0, 0, 0, 0, 0, 0, 0, 0, 
    0, 0, 0, 0, 0, 0, 0, 0, 0, 0, 0, 0, 0, 0, 0, 0, 0, 0, 0, 
    0, 0, 0, 0, 0, 0, 0, 0, 0, 0, 0, 0, 0, 0, 0, 0, 0, 0, 0, 
    0, 0, 0, 0, 0, 0, 0, 0, 0, 0, 0, 0.354838709677419, 0, 0, 
    0, 0, 0, 0, 0, 0, 0, 0, 0, 0, 0, 0, 0, 0, 0, 0, 0, 0, -0.0114299043620247, 
    0, 0.236842105263158, 0, 0, 0, 0.045045045045045, 0, 0, 0, 
    0, 0, 0, 0, 0, 0.117171717171717, 0, 0, 0, 0, 0, 0, 0, 0, 
    0, 0, 0, 0, 0, 0, 0, 0, 0, 0, 0, 0, 0, 0, 0, 0, 0, 0, 0, 
    0, 0, 0, 0, 0, 0, 0, 0, 0, 0, 0, 0, 0, 0.322580645161291, 
    0, 0, 0, 0, 0, 0.548387096774194, 0, 0, 0, 0, 0, 0, 0, 0, 
    0, 0, 0, 0, 0, 0, 0, 0, 0.225806451612903, 0, 0, 0, 0, 0, 
    0, 0, 0, 0, 0.785714285714286, 0, 0, 0, 0, 0, 0, 0, 0, 0, 
    0, 0, 0, 0, 0, 0, 0, 0, 0, 0, 0, 0, 0, 0, 0, 0, 0, 0, 0, 
    0, 0, 0, 0, 0, 0, 0, 0, 0, 0, 0, 0, 0, 0, 0, 0, 0, 0, 0, 
    0, 0, 0, 0, 0, 0, 0, 0, 0, 0, 0, 0, 0, 0.109004739336493, 
    0, 0, 0, 0, 0, 0, 0, 0, 0, 0, 4.70967741935484, 0, 0, 0, 
    2.08743169398907, 0, 0, 0, 0, 0, 0, 0, 0, 0, 0, 0, 0, 0, 
    0, 0, 0, 0, 0, 0, 0, 0, 0, 0, 0, 0, 0, 0, 0, 0, 0, 0, 0, 
    0, 0, 0, 0, 0, 0, 0, 0, -0.00546448087431694, 0.0263157894736842, 
    0, 0, 0, 0, 0, 0, 0.272727272727273, 0, 0, 0, 0, 0, 0, 0, 
    0, 0, 0, 0, 0, 0, 0, 0, 0, 0, 0, 0, 0, 0, 0, 0, 0, 0, 0, 
    0, 0, 0, 0, 0, 0, 0, 0, 0, 0, 0, 0, 0, 0, 0, 0, 0, 0, 0, 
    0, 0, 0, 0, 0, 0, 0, 0, 0, 0, 0, 0, 0, 0, 0, 0, 0, 0, 0, 
    0, 0, 0, 0, 0, 0, 0, 0, 0, 0, 0, 0, 0, 0, 0, 0, 0, 0, 0, 
    0, 0, 0, 0, 0, 0, 0, 0, 0, 0, 0, 0, 0, 0, 0, 0, 0, 0, 0, 
    0, 0, 0, 0, 0, 0, 0, 0, 0.161290322580645, 0, 0, 0, 0, 0, 
    0.125, 0, 0, 0, 0.357142857142857, 0, -0.163636363636364, 
    0, 0, 0, 0, 0, 0.0645161290322581, 0, 0, 0, 0, 0, 0, 0, 0, 
    0, 0, 0, 0.838709677419355, 0, 0, 0, 0.225806451612903, 0, 
    4.70967741935484, 0, 0, 0, 0.161290322580645, 0, 0, 0, 0, 
    0, 0, 0, 0, 0, 0, 0, 0, 0, 0, 0, 0, 0, 0, 0, 0, 0, 0, 0, 
    0, 0, 0, 0, 0, 0, 0, 0, 0, 0, 0, 0, 0, 0, 0, 0, 0, 0, 0, 
    0, 0, 0.00816421740144623, 0, 0.131578947368421, 0, 0, 0, 
    0.00521574205784732, 0, 0, 0, 0, 0, 0, 0, 0, 0, 0, 0, 0, 
    0, 0, 0, 0, 0, 0, 0, 0, 0, 0, 0, 0, 0, 0, 0, 0, 0, 0, 0, 
    0, 0, 0, 0, 0, 0, 0, 0, 0, 0, 0, 0, 0, 0, 0, 0, 0, 0, 0, 
    0, 0, 0, 0, 0, 0, 0, 0.00816421740144623, 0, 0, 0, 0.0723116398413809, 
    0, -0.0114299043620247, 0, 0, 0, 0, 0, 0, 0, 0, 0, 0.00816421740144623, 
    0, 0, 0, 0, 0, 0, 0, 0, 0, 0, 0, 0, 0.420765027322404, 0, 
    -0.459016393442623, 0, 0, 0, 0, -1.32786885245902, 0, 0, 
    0, 0, 0, 0, 0, -0.0109289617486339, 0, 0, 0, 0, 0, 0, 2.08743169398907, 
    -0.00546448087431694, 0, 0, 0, 0, 0, 0, 0, 0, 0, 0, 0, 0, 
    0, 0, 0, 0, 0, 0, 0, 0, 0, 0, 0, 0, 2.28947368421053, 0, 
    0.236842105263158, 0, 0, 0.131578947368421, 0, 0, 0.0526315789473684, 
    0, 0, 0.236842105263158, 0, 0, 0, 0, 0.0263157894736842, 
    0, 0, 0, 0, 0.131578947368421, 0, 0, 0, 0, 0, 0, 0, 0.0995732574679943, 
    0, 0, 0, 0, 0, 0, 0, 0, 0, 0, 0, 0, 0.625, 0, -1.125, 0, 
    0, 0, 0.125, 0, 0, 0, 0, 0, 0, 0, 0, 0, 0, 0, 0.125, 0, 0, 
    0, 0, 0, 0, 0, 0, 0, 0, 0, 0, 0, 0, 0, 0, 0, 0, 0, 0, 0, 
    0, 0, 0, 0, 0, 0, 0, 0, 0, 0, 0, 0, 0, 0, 0, 0, 0, 0, 0, 
    0, 0, 0, 0, 0, 0, 0, 0, 0, 0, 0, 0, 0, 0, 0, 0, 0, 0, 0, 
    0, 0, 0, 0, 0, 0, 0, 0, 0, 0, 0, 0, 0, 0, 0, 0, 0, 0, 0, 
    0, 0, 0, 0, 0, 0, 0, 0, 0, 0, 0, 0, 0, 0, 0, 0, 0, 0, 0, 
    0, 0, 0, 0, 0, 0, 0, 0, 0.0317686107159791, 0, 0, 0.00521574205784732, 
    0, 0, 0, 0, 0, 0.045045045045045, 0, 0, 0, 0, 0, 0, 0, 0, 
    0, 0.00521574205784732, 0, 0, 0, 0.0995732574679943, 0, 0, 
    0, 0, 0, 0, 0, 0, 0, 0, 0, 0, 0, 0, 0, 0, 0, 0, 0, 0, 0, 
    0, 0, 0, 0, 0, 0, 0, 0.785714285714286, 0, 0, 0, 0, 0, 0.357142857142857, 
    0, 0, 0, 0, 0, 0, 0, 0, 0, 0, 0, 0, 0, 0, 0, 0, 0, 0, 0, 
    0, 0, 0, 0, 0, 0, 0, 0, 0, 0, 0, 0, 0, 0, 0, 0, 0, 0, 0, 
    0, 0, 0, 0, 0, 0, 0, 0, 0, 0, 0, 0, 0, 0, 0, 0, 0, 6.2, 0, 
    0, 0, 0, 0, 0, 0, 0, -0.163636363636364, 0, 0, 0, 0, 0, 0.545454545454546, 
    0, 0, 0, 0, 0, 0, 0, 0.272727272727273, 0, 0, -0.163636363636364, 
    0, 0, 0, 0, 0, 0, 0, 0, 0, 0, 0, 0, 0, 0, 0, 0, 0, 0, 0, 
    0, 0, 0, 0, 0, 0, 0, 0, 0, 0, 0, 0, 0, 0, 0, 0, 0, 0, 0, 
    0, 0, 0, 0, 0, 0, 0, 0, 0, 0, 0, 0, 0, 0, 0, 0, 0), .Dim = c(41L, 
    41L), .Dimnames = list(c("pb", "Assassin..rd.blk.", "BEB", 
    "Braconid", "Calophorid", "Cercopid..brn.", "Cercopid.brn.", 
    "Chait..grn.", "Coenagrionidae", "Earwig", "edge.mnr.", "egg.on.a.stick", 
    "Formica.spp.2", "Globuli", "Lacewing..grn.", "Lbb..many.spt.", 
    "Lf.tier", "Lfhppr..brn.", "Lfhppr..brnmtld.", "Lfhppr..fisheye.", 
    "Lfhppr..grn.", "Lfhppr..sknk.", "Melyrid..gry.blk.", "midge", 
    "Mirid..blk.brn.", "Mirid..brn.", "Muscid", "Myrm.ant", "Paras.", 
    "Pentatomid..red.blk.wht.", "Phylla", "punkie", "red.mite", 
    "serp.lf.mnr.", "Syrphid..lttl.yllw.", "T.dip", "Thec..aff.", 
    "Thrip..blk.", "TinyT.dip", "Tip..mnr", "Tip.roller"), c("pb", 
    "Assassin..rd.blk.", "BEB", "Braconid", "Calophorid", "Cercopid..brn.", 
    "Cercopid.brn.", "Chait..grn.", "Coenagrionidae", "Earwig", 
    "edge.mnr.", "egg.on.a.stick", "Formica.spp.2", "Globuli", 
    "Lacewing..grn.", "Lbb..many.spt.", "Lf.tier", "Lfhppr..brn.", 
    "Lfhppr..brnmtld.", "Lfhppr..fisheye.", "Lfhppr..grn.", "Lfhppr..sknk.", 
    "Melyrid..gry.blk.", "midge", "Mirid..blk.brn.", "Mirid..brn.", 
    "Muscid", "Myrm.ant", "Paras.", "Pentatomid..red.blk.wht.", 
    "Phylla", "punkie", "red.mite", "serp.lf.mnr.", "Syrphid..lttl.yllw.", 
    "T.dip", "Thec..aff.", "Thrip..blk.", "TinyT.dip", "Tip..mnr", 
    "Tip.roller"))), `Rm-2` = structure(c(0, 0, 5.81818181818182, 
    0, 0, 0, 0, 1.7669508729192, 0, 0, 0, 0, 0, 0, 0, 0, 0, 0, 
    0, 0, 0, 0, 0, 0, 0, 0, 0, -2.19241982507289, 0, 0, -3.34308943089431, 
    8, 0, 0, 0, 0, 0, 0, 0, -3.33980582524272, 0, 0, 0, 0, 0, 
    0, 0, 0, 0, 0, 0, 0, 0, 0, 0, 0, 0, 0, 0, 0, 0, 0, 0, 0, 
    0, 0, 0, 0, 0, 0, 0, 0, 0, 0, 0, 0, 0, 0, 0, 0, 0, 0, 5.81818181818182, 
    0, 0, 0, 0, 0, 0, 0, 0, 0, 0, 0, 0, 0, 0, 0, 0, 0, 0, 0, 
    0, 0, 0, 0, 0, 0, 0, 0, 0, 0, 0, 0, 0, 0, 0, 0, 0, 0, 0, 
    0, 0, 0, 0, 0, 0, 0, 0, 0, 0, 0, 0, 0, 0, 0, 0.0579439252336449, 
    0, 0, 0, 0, 0, 0.139240506329114, 0.242718446601942, 0, 0, 
    0, 0, 0, 0, 0, 0, 0, 0, 0.125, 0, 0, 0, 0, 0, 0, 0, 0, 0.240740740740741, 
    0, 0, 0, 0, 0, 0, 0, 0, 0, 0, 0, 0, 0, 0, 0, 0, 0, 0, 0.419354838709677, 
    0, 0, 0, 0, 0, 0, 0, 0, 0.0204081632653061, 0, 0, 0, 0.125, 
    0, 0, 0, 0, 0, 0, 0, 0, 0, 0, 0, 0, 0, 0, 0, 0, 0, 0, 0, 
    0, 0, 0, 0, 0, 0, 0, 0, 0, 0, 0, 0, 0, 0, 0, 0, 0, 0, 0, 
    0, 0, 0, 0, 0, 0, 0, 0, 0, 0, 0, 0, 0, 0, 0, 0, 0, 0, 0, 
    0, 0, 0, 0, 0, 0, 0, 0, 0, 0, 0, 0, 0, 0, 0, 0, 0, 0, 0, 
    0, 0, 0, 0, 0, 0, 0, 0, 0, 0, 0, 0, 0, 0, 0, 1.7669508729192, 
    0, 0, 0, 0, 0, 0, 0, 0, 0, 0, 0, 0, 1.41121495327103, 0, 
    0, 0, 0, 0, 0, 0, 0, 0, 0, 0, 0, 0, 0, 0, 0, 0, 0, 0, 0, 
    0, 0, 0, 0, 0, -0.572815533980582, 0, 0, 0, 0, 0, 0, 0, 0, 
    0, 0, 0, 0, 0, 0, 0.0579439252336449, 0, 0, 0, 0, 0, 0.139240506329114, 
    0.242718446601942, 0, 0, 0, 0, 0, 0, 0, 0, 0, 0, 0.125, 0, 
    0, 0, 0, 0, 0, 0, 0, 0.240740740740741, 0, 0, 0, 0, 0, 0, 
    0, 0, 0, 0, 0, 0, 0, 0, 0, 0, 0, 0, 0, 0, 0, 0, 0.125, 0, 
    0, 0, 0, 0.274052478134111, 0, 0, 0, 0, 0, 0, 0, 0, 0, 0, 
    0, 0, 0.037037037037037, 0, 0, 0, 0, 0, 0, 0, 0, 0, 0, 0, 
    0, 0, 0.214953271028037, 0, 0, 0, 0, 0, 0, -0.41747572815534, 
    0, 0, 0, 0, 0, 0, 0, 0, 0, 0, 0, 0, 0, 0, 0, 0, 0, 0, 0, 
    0, 0, 0, 0, 0, 0, 0, 0, 0, 0, 0, 0, 0, 0, 0, 0, 0, 0, 0, 
    0, 0, 0, 0, 0, 0, 0, 0, 0, 0, 0, 0, 0, 0, 0, 0, 0, 0, 0, 
    0, 0, 0, 0, 0, 0, 0, 0, 0, 0, 0, 0, 0, 0, 0, 0, 0, 0, 0, 
    0, 0, 0, 0, 0, 0, 0, 0, 0, 0, 0, 0, 0, 0, 0, 0, 0, 0, 0, 
    0, 0, 0, 0, 0, 0, 0, 0, 0, 0, 0.0579439252336449, 0, 0, 0, 
    1.41121495327103, 0.0579439252336449, 0, 0.214953271028037, 
    0, 0, 0, 0, 0, 0, 0, 0, 0, 0, 0, 0, 0, 0, 0, 0, 0, 0, 0, 
    -0.622764227642276, 0, 0, 0, 0, 0, 0, 0, 0, 0, 0, 0, 0, 0, 
    0, 0, 0, 0, 0, 0, 0, 0, 0, 0, 0, 0, 0, 0, 0, 0.419354838709677, 
    0, 0, 0, 0, 0, 0, 0, 0, 0.0204081632653061, 0, 0, 0, 0.125, 
    0, 0, 0, 0, 0, 0, 0, 0, 0, 0, 0, 0, 0, 0, 0, 0, 0, 0, 0, 
    0, 0, 0, 0, 0, 0, 0, 0, 0, 0, 0, 0, 0, 0, 0, 0, 0, 0, 0, 
    0, 0, 0, 0, 0, 0, 0, 0, 0, 0, 0, 0, 0, 0, 0, 0, 0, 0, 0, 
    0, 0, 0, 0, 0, 0, 0, 0, 0, 0, 0, 0, 0, 0, 0, 9.81307786677359e-18, 
    0, 0, 0, 0, 0, 0, 0, 0, 0, 0, 0, 0, 0, 0, 0, 0, 0.174757281553398, 
    0, 0, 0, 0, 0, 0, 0, 0, 0, 0, 0, 0, 0, 0, 0, 0, 0, 0, 0, 
    0, 0, 0, 0, 0, 0, 0, 0, 0, 0, 0, 0, 0, 0, 0, 0, 0, 0, 0, 
    0, 0, 0, 0, 0, 0, 0, 0, 0.419354838709677, 0, 0, 0, 0, 0, 
    0, 0, 0, 0, 0.419354838709677, 0, 0, 0, 0, 0, 0, 0, 0, 0, 
    0, 0, 0, 0.0145772594752187, 0, 0, 0, 0, 0, 0, 0, 0, 0, 0, 
    0, 0.0291262135922331, 0, 0, 0, 0, 0.139240506329114, 0, 
    0, 0, 0, 0.139240506329114, 0, 0, 0, 0, 0, 0, 0, 0, 0, 0, 
    0, 0, 0, 0, 0, 0, 0, 0, 0, 0, 0, -0.2, -0.375, 0, 0, 0, 0, 
    0, 0, 0, 0, 0, 0, 0, 0, 0.242718446601942, 0, 0, 0, 0, 0.242718446601942, 
    0, -0.41747572815534, 0, 0, 0, 0, 0, 0, 0, 0, 0, 0, 0, 0, 
    0, 0, 0, 0, 0, 0, 0, 0, 0.875, 0, 0, 0, 0, 0, 0, 0, 0, 0.87037037037037, 
    0, 0, 0, 0, 0, 0, 0, 0, 0, 0, 0, 0, 0, 0, 0, 0, 0, 0, 0, 
    0, 0, 0, 0, 0, 0, 0, 0, 0, 0, 0, 0, 0, 0, 0, 0, 0, 0, 0, 
    0, 0, 0, 0, 0, 0, 0, 0, 0, 0, 0, 0, 0.125, 0, 0, 0, 0, 0, 
    0, 9.81307786677359e-18, 0, 0, 0, 0, 0, 0, 0, 0, 0, 0, 0, 
    0, 0, 0, 1, 0, 0, 0, 0, 0.340080971659919, 0, 0, 0, 0.074074074074074, 
    0, 0, 0, 0, 0, 0, 0, 0, 0, 0, 0, 0, 0, 0, 0, 0, 0, 0, 0, 
    0, 0, 0, 0, 0, 0, 0, 0, 0, 0, 0, 0.00325203252032521, 0, 
    0, 0, 0, 0, 0, 0, 0, 0, 0, 0, 0, 0, 0, 0, 0, 0, 0, 0, 0, 
    0, 0, 0, 0, 0, 0, 0, 0, 0, 0, 0, 0, 0, 0, 0, 0, 0, 0, 0, 
    0, 0, 0, 0, 0, 0, 0, 0, 0, 0, 0.970873786407767, 0, 0, 0, 
    0, 0, 0, 0, 0, 0, 0, 0, 0, 0, 0, 0, 0, 0, 0, 0, 0, 0, 0, 
    0, 0, 0, 0, 0, 0, 0.274052478134111, 0, 0, 0, 0, 0, 0, 0, 
    0, 0, 0, 0, 0, 0.037037037037037, 0, 0, 0, 0, 0, 0, 0, 0, 
    0, 0, 0, 0, 0, 0, 0, 0, 0, 0, 0, 0, 0, 0, 0, 0, 0, 0, 0, 
    0, 0, 0, 0, 0.125, 0, 0, 0, 0, 0, 0, 0, 0, 0.240740740740741, 
    -2.19241982507289, 0, 0, 0, 0.0204081632653061, 0, 0, 0, 
    0, 0.274052478134111, 0, 0, 0, 0, 0.0204081632653061, 0, 
    0, 0, 0.0145772594752187, 0, 0, 0, 0, 0, 0, 0.274052478134111, 
    0, 0, 0, 0, 0, 0, 0, 0, 0, 0, 0, 0, 0, 0, 0, 0, 0, 0, 0, 
    0, 0, 0, 0, 0, 0, 0, 0, 0, 0, 0, 0, 0, 0, 0, 0, 0, 0, 0, 
    0, 0, 0, 0, 0, 0, 0, 0, 0, 0, 0, 0, 0, 0, 0, 0, 0, 0, 0, 
    0, 0, 0, 0, 0, 0, 0, 0, 0, 0, 0, 0, 0, 0, 0, 0, 0, 0, 0, 
    0, 0, 0, 0, 0, 0, 0, 0, 0, 0, 0, 0, 0, 0, 0, 0, 0, 0, 0, 
    0, 0.0185185185185185, -3.34308943089431, 0, 0, 0, 0, 0, 
    0, 0, 0, 0, 0, 0, 0, -0.622764227642276, 0, 0, 0, 0, 0, -0.2, 
    0, 0, 0, 0.00325203252032521, 0, 0, 0, 0, 0, 0, 0, 0.375, 
    0, 0, 0, 0, 0, 0, 0, 0.378640776699029, 0, 8, 0, 0, 0.125, 
    0.125, 0, 0, 0, 0.125, 0, 0, 0, 0, 0, 0.125, 0, 0, 0, 0, 
    -0.375, 0.875, 0, 1, 0, 0, 0, 0.125, 0, 0, 0, 0.375, 0, 0, 
    0, 0, 0, 0.178137651821862, 0, 0, 0, 0, 0, 0, 0, 0, 0, 0, 
    0, 0, 0, 0, 0, 0, 0, 0, 0, 0, 0, 0, 0, 0, 0, 0, 0, 0, 0, 
    0, 0, 0, 0, 0, 0, 0, 0, 0, 0, 0, 0, 0, 0, 0, 0.240740740740741, 
    0, 0, 0, 0, 0, 0, 0, 0, 0, 0, 0, 0, 0, 0, 0, 0, 0, 0, 0, 
    0, 0, 0, 0, 0, 0, 0, 0, 0, 0, 0, 0, 0, 0, 0, 0, 0, 0.089068825910931, 
    0, 0, 0, 0.0370370370370371, 0, 0, 0, 0, 0, 0, 0, 0, 0, 0, 
    0, 0, 0, 0, 0, 0, 0, 0, 0, 0, 0, 0, 0, 0, 0, 0, 0, 0, 0, 
    0, 0, 0, 0, 0, 0, 0, 0, 0, 0, 0, 0, 0, 0, 0, 0, 0, 0, 0, 
    0, 0, 0, 0, 0, 0, 0, 0, 0, 0, 0, 0, 0, 0, 0, 0, 0, 0, 0, 
    0, 0, 0, 0, 0, 0, 0, 0, 0, 0, 0, 0, 0, 0, 0.0185185185185185, 
    0, 0, 0, 0, 0, 0, 0, 0, 0, 0, 0, 0, 0, 0, 0, 0, 0, 0, 0, 
    0, 0, 0, 0.340080971659919, 0, 0, 0, 0, 0, 0, 0, 0, 0.178137651821862, 
    0, 0.089068825910931, 0, 0, 0, 0, 0, 0, 0, 0, 0, 0, 0, 0, 
    0, 0, 0, 0, 0, 0, 0, 0, 0, 0, 0, 0, 0, 0, 0, 0, 0, 0, 0, 
    0, 0, 0, 0, 0, 0, 0, 0, 0, 0, 0, 0, 0, 0, 0, 0, 0, 0, 0, 
    0, 0, 0, 0, 0, 0, 0, 0, 0, 0, 0, 0, 0, 0, 0, 0, 0, 0, 0, 
    0, 0, 0, 0, 0, 0, 0, 0, 0, 0, 0, 0, 0, 0, 0, 0, 0, 0, 0, 
    0, -3.33980582524272, 0, 0, 0, 0, 0, 0, -0.572815533980582, 
    0, 0, 0, 0, 0, 0, 0, 0, 0.174757281553398, 0, 0.0291262135922331, 
    0, 0, 0, 0, 0, 0.970873786407767, 0, 0, 0, 0, 0, 0.378640776699029, 
    0, 0, 0, 0, 0, 0, 0, 0, 0, 0, 0, 0, 0, 0.240740740740741, 
    0, 0, 0, 0, 0.240740740740741, 0.037037037037037, 0, 0, 0, 
    0, 0, 0, 0, 0, 0, 0, 0.87037037037037, 0, 0.074074074074074, 
    0, 0, 0.037037037037037, 0.240740740740741, 0, 0, 0.0185185185185185, 
    0, 0, 0.240740740740741, 0.0370370370370371, 0, 0.0185185185185185, 
    0, 0, 0, 0, 0), .Dim = c(41L, 41L), .Dimnames = list(c("pb", 
    "Assassin..rd.blk.", "BEB", "Braconid", "Calophorid", "Cercopid..brn.", 
    "Cercopid.brn.", "Chait..grn.", "Coenagrionidae", "Earwig", 
    "edge.mnr.", "egg.on.a.stick", "Formica.spp.2", "Globuli", 
    "Lacewing..grn.", "Lbb..many.spt.", "Lf.tier", "Lfhppr..brn.", 
    "Lfhppr..brnmtld.", "Lfhppr..fisheye.", "Lfhppr..grn.", "Lfhppr..sknk.", 
    "Melyrid..gry.blk.", "midge", "Mirid..blk.brn.", "Mirid..brn.", 
    "Muscid", "Myrm.ant", "Paras.", "Pentatomid..red.blk.wht.", 
    "Phylla", "punkie", "red.mite", "serp.lf.mnr.", "Syrphid..lttl.yllw.", 
    "T.dip", "Thec..aff.", "Thrip..blk.", "TinyT.dip", "Tip..mnr", 
    "Tip.roller"), c("pb", "Assassin..rd.blk.", "BEB", "Braconid", 
    "Calophorid", "Cercopid..brn.", "Cercopid.brn.", "Chait..grn.", 
    "Coenagrionidae", "Earwig", "edge.mnr.", "egg.on.a.stick", 
    "Formica.spp.2", "Globuli", "Lacewing..grn.", "Lbb..many.spt.", 
    "Lf.tier", "Lfhppr..brn.", "Lfhppr..brnmtld.", "Lfhppr..fisheye.", 
    "Lfhppr..grn.", "Lfhppr..sknk.", "Melyrid..gry.blk.", "midge", 
    "Mirid..blk.brn.", "Mirid..brn.", "Muscid", "Myrm.ant", "Paras.", 
    "Pentatomid..red.blk.wht.", "Phylla", "punkie", "red.mite", 
    "serp.lf.mnr.", "Syrphid..lttl.yllw.", "T.dip", "Thec..aff.", 
    "Thrip..blk.", "TinyT.dip", "Tip..mnr", "Tip.roller"))), 
    `T-15` = structure(c(0, 0, 0, 0, 0, 0, 0, 0, 0, 0, 0, 0, 
    0, 0, 0, 0, 0, 0, 0, 0, 0, 0, 0, 6.5483870967742, 0, 0, 0, 
    0, 0, 0, 0, 0, 0, 0, 0, 0, 0, 0, 0, 0, 0, 0, 0, 0, 0, 0, 
    0, 0, 0, 0, 0, 0, 0, 0, 0, 0, 0, 0, 0, 0, 0, 0, 0, 0, 0, 
    0, 0, 0, 0, 0, 0, 0, 0, 0, 0, 0, 0, 0, 0, 0, 0, 0, 0, 0, 
    0, 0, 0, 0, 0, 0.224334600760456, 0, 0, 0, 0, 0, 0.170949720670391, 
    0, 0, 0, 0, 0, 0, 0, 0, 0, 0, 0, 0, 0, 0, 0, 0, 0.178571428571429, 
    0, 0, 0, 0, 0, 0, 0, 0, 0, 0, 0, 0, 0, 0, 0, 0, 0, 0, 0, 
    0, 0, 0, 0, 0, 0, 0, 0, 0, 0, 0, 0, 0, 0, 0, 0, 0, 0, 0, 
    0, 0, 0, 0, 0, 0, 0, 0, 0, 0, 0, 0, 0, 0, 0, 0, 0, 0, 0, 
    0, -0.35361216730038, 0, 0, 0, 0, 0, 0, 0, 0, 0, 0, 0, 0, 
    0, 0, 0, 0, 0, 0, 0, 0, 0, 0, 0, 0, 0, 0, 0, 0, 0, 0, 0, 
    1.17391304347826, 0, 0, 0, 0, 0, 0, 0, 0, 0.159695817490494, 
    0, 0.0645161290322581, -0.162962962962963, 0, 0, 0, 0, 0, 
    0, 0, 0, 0, 0, 0, 0.32258064516129, 0, 0, 0, 0, 0, 0, 0, 
    0.0238095238095238, 0.0645161290322581, 0, 0, 0, 0, -0.0232558139534884, 
    0, 0, 0, 0, 0, 0, 0, 0, 0, 0, 0, 0, 0, 0.322580645161291, 
    0.0740740740740742, 0, 0, 0, 0, 0, 0, 0, 0, -0.2, 0, 0, 0.064516129032258, 
    0.0645161290322582, 0, 0, 0, 0, 0, 0, 0, 0, 0, 0, 0, 0, 0, 
    0, 0, 0, 0, 0, 0, 0.224334600760456, 0, -0.35361216730038, 
    0.159695817490494, 0, 0, 0, 1.38709677419355, 0, 0, 0, 0, 
    0, 0, 0, 0, 0, 0, 0, 0, 0, 0, 0, 0, 0, 0, 0, 0, 0.107142857142857, 
    0, 0, 0, 0, 0, 0.406976744186046, 0, 0, -1.78260869565217, 
    0, 0, 0, 0, 0, 0, 0, 0, 0, 0, 0, 0, 0, 0, 0, 0, 0, 0, 0, 
    0, 0, 0, 0, 0, 0.161290322580645, 0, 0, 0, 0, 0, 0, 0, 0, 
    0, 0, 0, 0, 0, 0, 0, 0, 0, 0, 0, 0, 0, 0, 0.0645161290322581, 
    0.322580645161291, 1.38709677419355, 0, 0, 0, 0, 0, 0, 0, 
    0, 0, 0, 0, -0.35, 0, 0, 0.741935483870968, 0, 0, 0, 0, 0, 
    0, 0, 0, 0, 0, 0, 0, 0, 0.406976744186046, 0, 0, 0, 0, 0, 
    0, 0, 0, 0, -0.162962962962963, 0.0740740740740742, 0, 0, 
    0, 0, 0, 0, 0, 0, 0, 0, 0, 0, 0.65, 0, 0, 0, 0, 0, 0, 0, 
    0, 0, 0, 0.392857142857143, 1.38709677419355, 0, 0, 0, 0, 
    0, 0, 0, 0, 0, 0, 0, 0, 0, 0, 0, 0, 0, 0, 0, 0, 0, 0, 0, 
    0, 0, 0, 0, 0, -0.2, 0, 0, 0.0645161290322581, 0, 0, 0, 0, 
    0, 0, 0, 0, 0, 0, 0, 0, 0, 0, 0, 0, 0, 0, 0, 0, 0, 0, 0, 
    0, 0, 0, 0, 0, 0, 0, 0, 0, 0, 0, 0, 0, 0, -0.2, 0, 0, 0.580645161290323, 
    0, 0, 0, 0, 0, 0, 0, 0, 0.0645161290322581, 0, 0, 0, 0, 0.209302325581395, 
    0, 0, 0, 0, 0, 0, 0.170949720670391, 0, 0, 0, 0, 0, 0, 0, 
    0, 0, 0, 0, 0, 0, 0, 0, 0, 0, 0, 0, 0, 0, 0, 0, 0, 0, 0, 
    0, 0.154761904761905, 0, 0, 0, 0, 0, 0, 0, 0, 0, 0, 0, 0, 
    0, 0, 0, 0, 0, 0, 0, 0, 0, 0, 0, 0, 0, 0, 0, 0, 0, 0, 0, 
    0, 0, 0, 0, 0, 0, 0, 0, 0, 0, 0, 0, 0, 0, 0, 0, 0, 0, 0, 
    0, 0, 0, 0, 0, 0, 0, 0, 0, 0, 0, 0, 0, 0, 0, 0, 0, 0, 0, 
    0, 0, 0, 0, 0, 0, 0, 0, 0, 0, 0, 0, 0, 0, 0, 0, 0, 0, 0, 
    0, 0, 0, 0, 0, 0, 0, 0, 0, 0, 0, 0, 0, 0, 0, 0, 0, 0, 0, 
    0, 0, 0, 0, -0.2, 0, 0, 0.580645161290323, 0, 0, 0, 0, 0, 
    0, 0, 0, 0.0645161290322581, 0, 0, 0, 0, 0.209302325581395, 
    0, 0, 0, 0, 0, 0, 0, 0, 0, 0, 0, 0, 0, 0, 0, 0, 0, 0, 0, 
    0, 0, 0, 0, 0, 0, 0, 0, 0, 0, 0, 0, 0, 0, 0, 0, 0, 0, 0, 
    0, 0, 0, 0, 0, 0, 0, 0, 0, 0, 0, 0, 0, 0, 0, 0, 0, 0, 0, 
    0, 0, 0, 0, 0, 0, 0, 0.75, 0, 0, 0, 0, 0, 0, 0, 0, 0, 0, 
    0.392857142857143, 1.25806451612903, 0, 0, 0, 0, 0, 0, 0, 
    0, 0, 0, 0, 0, 0, 0, 0, -0.2, 0, 0, -0.35, 0.65, -0.2, -0.2, 
    0, 0, 0, -0.2, 0, 0.75, 0, 0, 0, 0, 0, 0, 0, 0, 0, 0, 0, 
    0.333333333333333, 1.16129032258065, 0, 0, 0, 0, 0, 0, 0, 
    0, 0, 0, 0, 0, 0, 0, 0, 0, 0, 0, 0, 0, 0, 0, 0, 0, 0, 0, 
    0, 0, 0, 0, 0, 0, 0, 0, 0, 0, 0, 0, 0, 0.0952380952380952, 
    0.32258064516129, 0, 0, 0, 0, 0, 0, 0, 0, 0, 0, 0, 0, 0, 
    0, 0, 0, 0, 0, 0, 0, 0, 0, 0, 0, 0, 0, 0, 0, 0, 0, 0, 0, 
    0, 0, 0, 0, 0, 0, 0, 0, 0, 0, 0, 0, 0, 0, 0, 0, 0, 0, 0, 
    0, 0, 0, 0, 0.32258064516129, 0.064516129032258, 0, 0, 0.741935483870968, 
    0, 0.0645161290322581, 0.580645161290323, 0, 0, 0, 0.580645161290323, 
    0, 0, 0, 0, 0, 0, 0, 0, 0, 0, 0, 0, 0, 0, 0.225806451612903, 
    0, 0, 0, 0, 0.220930232558139, 0, 0, 0, 0, 6.5483870967742, 
    0, 0, 0, 0, 0, 0.0645161290322582, 0, 0.161290322580645, 
    0, 0, 0, 0, 0, 0, 0, 0, 0, 0, 0, 0, 0, 0, 0, 0, 0, 0, 0, 
    0, 0, 0, 0, 0, 0, 0, 0, 0, 0, 0, 0, 0, 0, 0, 0, 0, 0, 0, 
    0, 0, 0, 0, 0, 0, 0, 0, 0, 0, 0, 0, 0, 0, 0, 0, 0, 0, 0, 
    0, 0, 0, 0, 0, 0, 0, 0, 0, 0, 0, 0, 0, 0, 0, 0, 0, 0, 0, 
    0, 0, 0, 0, 0, 0, 0, 0, 0, 0, 0, 0, 0, 0, 0, 0, 0, 0, 0, 
    0, 0, 0, 0, 0, 0, 0, 0, 0, 0, 0, 0, 0, 0, 0, 0, 0, 0, 0, 
    0, 0, 0, 0, 0, 0, 0, 0, 0, 0, 0, 0, 0, 0, 0, 0, 0, 0, 0, 
    0, 0, 0, 0, 0, 0, 0, 0, 0, 0, 0, 0, 0, 0, 0, 0, 0, 0, 0, 
    0, 0, 0, 0, 0, 0, 0, 0, 0, 0, 0, 0, 0, 0, 0, 0, 0, 0, 0, 
    0, 0, 0, 0, 0, 0, 0, 0, 0, 0, 0, 0, 0, 0, 0, 0, 0, 0, 0, 
    0, 0, 0, 0, 0, 0, 0, 0, 0, 0, 0, 0, 0, 0, 0, 0, 0, 0, 0, 
    0, 0, 0, 0, 0, 0, 0, 0, 0, 0, 0, 0, 0, 0, 0, 0, 0, 0, 0, 
    0, 0, 0, 0, 0, 0, 0, 0, 0, 0, 0, 0, 0, 0, 0, 0, 0, 0, 0, 
    0, 0, 0, 0, 0, 0, 0, 0, 0, 0, 0, 0, 0, 0, 0, 0, 0, 0, 0, 
    0, 0, 0, 0, 0, 0, 0, 0, 0, 0, 0, 0, 0, 0, 0.178571428571429, 
    0, 0, 0.0238095238095238, 0, 0.107142857142857, 0, 0, 0.392857142857143, 
    0, 0, 0.154761904761905, 0, 0, 0, 0, 0.392857142857143, 0.333333333333333, 
    0.0952380952380952, 0, 0, 0, 0, 0, 0, 0, 0, 0, 0, 2.70967741935484, 
    0, 0, 0, 0, 0, 0, 0, 0, 0, 0, 0, 0, 0, 0, 0.0645161290322581, 
    0, 0, 0, 0, 1.38709677419355, 0, 0.0645161290322581, 0, 0, 
    0, 0.0645161290322581, 0, 1.25806451612903, 1.16129032258065, 
    0.32258064516129, 0, 0.225806451612903, 0, 0, 0, 0, 0, 0, 
    0, 2.70967741935484, 0, 0, 0, 0, 0, 0, 0, 0, 0, 0, 0, 0, 
    0, 0, 0, 0, 0, 0, 0, 0, 0, 0, 0, 0, 0, 0, 0, 0, 0, 0, 0, 
    0, 0, 0, 0, 0, 0, 0, 0, 0, 0, 0, 0, 0, 0, 0, 0, 0, 0, 0, 
    0, 0, 0, 0, 0, 0, 0, 0, 0, 0, 0, 0, 0, 0, 0, 0, 0, 0, 0, 
    0, 0, 0, 0, 0, 0, 0, 0, 0, 0, 0, 0, 0, 0, 0, 0, 0, 0, 0, 
    0, 0, 0, 0, 0, 0, 0, 0, 0, 0, 0, 0, 0, 0, 0, 0, 0, 0, 0, 
    0, 0, 0, 0, 0, 0, 0, 0, 0, 0, 0, 0, 0, 0, 0, 0, 0, 0, 0, 
    0, 0, 0, 0, 0, 0, 0, 0, 0, 0, 0, 0, 0, 0, 0, 0, 0, 0, 0, 
    0, 0, 0, 0, 0, 0, 0, 0, 0, 0, 0, 0, 0, 0, 0, 0, 0, 0, 0, 
    0, 0, 0, 0, 0, 0, 0, 0, 0, 0, 0, 0, 0, 0, 0, -0.0232558139534884, 
    0, 0.406976744186046, 0, 0.406976744186046, 0, 0, 0.209302325581395, 
    0, 0, 0, 0.209302325581395, 0, 0, 0, 0, 0, 0.220930232558139, 
    0, 0, 0, 0, 0, 0, 0, 0, 0, 0, 0, 0, 0, 0, 0, 0, 0, 0, 0, 
    0, 0, 0, 0, 0, 0, 0, 0, 0, 0, 0, 0, 0, 0, 0, 0, 0, 0, 0, 
    0, 0, 0, 0, 0, 0, 0, 0, 0, 0, 0, 0, 0, 0, 0, 0, 0, 0, 0, 
    0, 0, 0, 0, 0, 0, 0, 0, 0, 0, 0, 0, 0, 0, 0, 0, 0, 0, 0, 
    0, 0, 0, 0, 0, 0, 0, 0, 0, 0, 0, 0, 0, 0, 0, 0, 0, 0, 0, 
    0, 0, 0, 0, 0, 0, 0, 0, 0, 1.17391304347826, 0, 0, -1.78260869565217, 
    0, 0, 0, 0, 0, 0, 0, 0, 0, 0, 0, 0, 0, 0, 0, 0, 0, 0, 0, 
    0, 0, 0, 0, 0, 0, 0, 0, 0, 0, 0, 0, 0, 0, 0, 0, 0, 0, 0, 
    0, 0, 0, 0, 0, 0, 0, 0, 0, 0, 0, 0, 0, 0, 0, 0, 0, 0, 0, 
    0, 0, 0, 0, 0, 0, 0, 0, 0, 0, 0, 0, 0, 0, 0, 0, 0), .Dim = c(41L, 
    41L), .Dimnames = list(c("pb", "Assassin..rd.blk.", "BEB", 
    "Braconid", "Calophorid", "Cercopid..brn.", "Cercopid.brn.", 
    "Chait..grn.", "Coenagrionidae", "Earwig", "edge.mnr.", "egg.on.a.stick", 
    "Formica.spp.2", "Globuli", "Lacewing..grn.", "Lbb..many.spt.", 
    "Lf.tier", "Lfhppr..brn.", "Lfhppr..brnmtld.", "Lfhppr..fisheye.", 
    "Lfhppr..grn.", "Lfhppr..sknk.", "Melyrid..gry.blk.", "midge", 
    "Mirid..blk.brn.", "Mirid..brn.", "Muscid", "Myrm.ant", "Paras.", 
    "Pentatomid..red.blk.wht.", "Phylla", "punkie", "red.mite", 
    "serp.lf.mnr.", "Syrphid..lttl.yllw.", "T.dip", "Thec..aff.", 
    "Thrip..blk.", "TinyT.dip", "Tip..mnr", "Tip.roller"), c("pb", 
    "Assassin..rd.blk.", "BEB", "Braconid", "Calophorid", "Cercopid..brn.", 
    "Cercopid.brn.", "Chait..grn.", "Coenagrionidae", "Earwig", 
    "edge.mnr.", "egg.on.a.stick", "Formica.spp.2", "Globuli", 
    "Lacewing..grn.", "Lbb..many.spt.", "Lf.tier", "Lfhppr..brn.", 
    "Lfhppr..brnmtld.", "Lfhppr..fisheye.", "Lfhppr..grn.", "Lfhppr..sknk.", 
    "Melyrid..gry.blk.", "midge", "Mirid..blk.brn.", "Mirid..brn.", 
    "Muscid", "Myrm.ant", "Paras.", "Pentatomid..red.blk.wht.", 
    "Phylla", "punkie", "red.mite", "serp.lf.mnr.", "Syrphid..lttl.yllw.", 
    "T.dip", "Thec..aff.", "Thrip..blk.", "TinyT.dip", "Tip..mnr", 
    "Tip.roller"))), `WC-5` = structure(c(0, 0, 0, 0, 0, 0, 0, 
    0, 0, 0, 0.374999999999999, 0, 0, 0, 0, 0, 0, 0, 0, 0, 0, 
    0, 0, 0, 0, 0, 0, 0, 0, 0, 0, 0, 0, 0, 0, 0, 0, 0, 0, 0, 
    0, 0, 0, 0, 0, 0, 0, 0, 0.0894039735099338, 0, 0, -0.125, 
    0, 0, 0, 0, 0, 0, 0, 0, 0, 0, 0, 0, 0, 0, 0, 0, 0, 0, 0, 
    0.0361079437476245, 0, 0, 0, 0, 0, 0, 0, 0, -1.1331166295921e-17, 
    0, 0, 0, 0, 0, 0, 0, 0, -0.225165562913907, 0, 0, 0, 0, 0, 
    0, 0, 0, 0, 0, 0, 0, 0, 0, 0, 0, 0, 0, 0, 0, 0, 0, 0, 0, 
    0, 0, 0, 0, 0, 0, 0, 0, 0, 0, 0, 0, 0, 0, 0, 0, 0, 0, 0, 
    0, 0, 0, 0, 0, 0, 0, 0, 0, 0, 0, 0, 0, 0, 0, 0, 0, 0, 0, 
    0, 0, 0, 0, 0, 0, 0, 0, 0, 0, -1.1331166295921e-17, 0, 0, 
    0, 0, 0, 0, 0, 0, 0, 0, 0, 0, 0, 0, 0, 0, 0, 0, 0, 0, 0, 
    0, 0, 0, 0, 0, 0, 0, 0, 0, 0, 0, 0, 0, 0, 0, 0, 0, 0, 0, 
    0, 0, 0, 0, 0, 0, 0, 0, 0, 0, 0, 0, 0, 0, 0, 0, 0, 0, 0, 
    0, 0, 0, 0, 0, 0, 0, 0, 0, 0, 0, 0, 0, 0, 0, 0, 0, 0, 0, 
    0, 0, 0, 0, 0, 0, 0, 0, 0, 0, 0, 0, 0, 0, 0, 0, 0, 0, 0, 
    0, 0, 0, 0, 0, 0, 0, 0, 0, 0, 0, 0, 0, 0, 0, 0, 0, 0, 0, 
    0, 0, 0, 0, 0, 0, 0, 0, 0, 0.0894039735099338, -0.225165562913907, 
    0, 0, 0, 0, 0, 0, 0, 0, 0, 0, 0, 0, 0, 0, 0, 0, 0, 0, 0, 
    0, 0, 0, 0, 0, 0, 0, 0, 0.373242113264918, 0, 0, 0, 0, 0, 
    0, 0, 0, -2.71947991102104e-16, 0, 0, 0, 0, 0, 0, 0, 0, 0, 
    0, 0, 0, 0, 0, 0, 0, 0, 0, 0, 0, 0, 0, 0, 0, 0, 0, 0, 0, 
    0, 0, 0, 0, 0, 0, 0, 0, 0, 0, 0, 0, 0, 0, 0, 0, 0, 0, 0, 
    0, 0, 0, 0, 0, 0, 0, 0, 0, 0, 0, 0, 0, 0, 0, 0, 0, 0, 0, 
    0, 0, 0, 0, 0, 0, 0, 0, 0, 0, 0, 0, 0, 0, 0, 0, 0, 0.374999999999999, 
    -0.125, 0, 0, 0, 0, 0, 0, 0, 0, 0, 0, 0, 0, 0, 0, 0, 0, 0, 
    0, 0, 0, 0, 0, 0, 0, 0, 0, 0, 0, 0, -0.378947368421053, 0, 
    0, 0, 0, 0, 0, 0, 0, 0, 0, 0, 0, 0, 0, 0, 0, 0, 0, 0, 0, 
    0, 0, 0, 0, 0, 0, 0, 0, 0, 0.140845070422535, 0, 0, 0, 0, 
    0, 0, 0, 0, 0, 0, 0, 0, 0, 0, 0, 0, 0, 0, 0, -0.25, 0, 0, 
    0, 0, 0, 0, 0, 0, 0, 0, 0, 0, 0, 0, 0, 0, 0, 0, 0, 0, 0, 
    0, 0, 0, 0, 0, 0, 0, 0, 0, 0, 0, 0, 0, 0, 0, 0, 0, 0, 0, 
    0, 0, 0, 0, 0, 0, 0, 0, 0, 0, 0, 0, 0, 0, 0, 0, 0, 0, 0, 
    0, 0, 0, 0, 0, 0, 0, 0, 0, 0, 0, 0, -0.0247054351957431, 
    0, 0, 0, 0, 0, 0, 0, 0, 0, 0, 0, 0, 0, 0, 0, 0, 0, 0, 0, 
    0, 0, 0, 0, 0, 0, 0, 0, 0, 0, 0, 0, 0, 0, 0, 0, 0, 0, 0, 
    0, 0, 0, 0, 0, 0, 0, 0, 0, 0, 0, 0, 0, 0, 0, 0, 0, 0, 0, 
    0, 0, 0, 0, 0, 0, 0, 0, 0, 0, 0, 0, 0, 0, 0, 0, 0, 0, 0, 
    0, 0, 0, 0, 0, 0, 0.442105263157895, 0, 0, 0, 0, 0, 0, 0, 
    0, 0, 0, 0, 0, 0, 0, 0, 0, 0, 0, 0, 0, 0, 0, 0, 0, 0, 0, 
    0, 0.625, 0, 0, 0, 0, 0, 0, 0, 0, 0, 0, 0, 0, 0, 0, 0, 0, 
    0, 0.0116009280742459, 0, 0, 0, 0, 0, 0, 0, 0, 0, 0, 0, 0, 
    0, 0, 0, 0, 0, 0, 0, 0, 0, 0, 0, 0, 0, 0, 0, 0, 0, 0, 0, 
    0, 0, 0, 0, 0.221052631578947, 0, 0, 0, 0, 0, 0, 0, 0, 0, 
    0, 0, 0, 0, 0, 0, 0, 0, 0, 0, 0, 0, 0, 0, 0, 0, 0.625, 0, 
    0, 0, 0, 0, 0, 0, 0, 0, 0, 0, 0, 0, 0, 0, 0, 0, 0, 0, 0.0788863109048724, 
    0, 0, 0, 0, 0, 0, 0, 0, 0, 0, 0, 0, 0, 0, 0, 0, 0, 0, 0, 
    0, 0, 0, 0, 0, 0, 0, 0, 0, 0, 0, 0, 0, 0, 0, 0.139490687951349, 
    0, 0, 0, 0, 0, 0, 0, 0, 0, 0, 0, 0, 0, 0, 0, 0, 0, 0, 0, 
    0, 0, 0.140845070422535, 0, 0, 0, 0, 0, 0, 0, 0, 0, 0, 0, 
    0, 0, 0, 0, 0, 0, 0, 0.0520714557202585, 0, 0, 0, 0, 0, 0, 
    0, 0, 0, 0, 0, 0, 0, 0, 0, 0, 0, 0, 0, 0, 0, 0, 0, 0, 0, 
    0, 0, 0, 0, 0, 0, 0, 0, 0, 0, 0, 0, 0, 0, 0, 0, 0, 0, 0, 
    0, 0, 0.00580046403712297, 0, 0, 0, 0, 0, 0, 0, 0, 0, 0, 
    0, 0, 0, 0, 0, 0, 0, 0, 0, 0, 0, 0, 0, 0, 0, 0, 0, 0, 0, 
    0, 0, 0, 0, 0, 0, 0, 0, 0, 0, 0, 0.00580046403712297, 0, 
    0, 0, 0, 0, 0, 0, 0, 0, 0, 0, 0, 0, 0, 0, 0, 0, 0, 0, 0, 
    0, 0, 0, 0, 0, 0, 0, 0, 0, 0, 0, 0, 0, 0, 0, 0, 0, 0, 0, 
    0, 0, 0, 0, 0, 0, 0, 0, 0, 0, 0, 0, 0, 0, 0, 0, 0, 0, 0, 
    0, 0, 0, 0, 0, 0, 0, 0, 0, 0, 0, 0, 0, 0, 0, 0, 0, 0, 0, 
    0, 0, 0, 0, 0, 0, 0, 0, 0, 0, 0, 0, 0, 0, 0, 0, 0, 0, 0, 
    0, 0, 0, 0, 0, 0, 0, 0, 0, 0, 0, 0, 0, 0, 0, 0, 0, 0, 0, 
    0, 0, 0, 0, 0, 0, 0, 0, 0, 0, 0, 0.25, 0, 0, 0, 0, 0, 0, 
    0, 0, 0, 0, 0, 0, 0, 0, 0, 0, 0, 0, 0, 0, 0, 0, 0, 0, 0, 
    0, 0, 0, 0, 0, 0, 0, 0, 0, 0, 0, 0, 0, 0, 0, 0, 0, 0, 0, 
    0, 0, 0, 0, 0, 0, 0, 0, 0, 0, 0, 0, 0, 0, 0, 0, 0, 0, 0, 
    0, 0, 0, 0, 0, 0, 0, 0, 0, 0, 0, 0, 0, 0, 0, 0, 0, 0, 0.125, 
    0, 0, 0, 0, 0, 0, 0, 0, 0, 0, 0, 0, 0, 0, 0, 0, 0, 0, 0, 
    0, 0, 0, 0, 0, 0, 0, 0, 0, 0, 0, 0, -0.263157894736842, 0, 
    0, 0, 0, 0, 0, 0, 0, 0, 0, 0, 0, 0, 0, 0, 0, 0, 0, 0, 0, 
    0, 0, 0, 0, 0, 0, 0, 0, 0, 0, 0, 0, 0, 0, 0, 0, 0, 0, 0, 
    0, 0, 0, 0, 0, 0, 0, 0, 0, 0, 0.125, 0, 0.0361079437476245, 
    0, 0, 0, 0, 0, 0.373242113264918, 0, 0, 0, 0, 0, -0.0247054351957431, 
    0, 0, 0, 0, 0, 0.139490687951349, 0.0520714557202585, 0, 
    0, 0, 0, 0, 0, 0, 0, 0, 0, 0, 0, 0, 0, 0, 0, 0, 0, -0.666666666666666, 
    0, 0, 0, 0, 0, 0, 0, 0, 0, 0, 0, -0.378947368421053, 0, 0, 
    0, 0, 0.442105263157895, 0, 0.221052631578947, 0, 0, 0, 0, 
    0, 0, 0, 0, 0, 0, -0.263157894736842, 0, 0, 0, 0, 0, 0, 0, 
    0, 0, 0, 0, 0.25, 0, 0, 0, 0, 0, 0, 0, 0, 0, 0, 0, 0, 0, 
    0, 0, 0, 0, 0, 0, 0, 0, 0, 0, 0, 0, 0, 0, 0, 0, 0, 0, 0, 
    0, 0, 0, 0, 0, 0, 0, 0, 0, 0, 0, 0, 0, 0, 0, 0, 0, 0, 0, 
    0, 0, 0, 0, 0, 0, 0, 0, 0, 0, 0, 0, 0, 0, 0, 0, 0, 0, 0, 
    0, 0, 0, 0, 0, 0, 0, 0, 0, 0, 0, 0, 0, 0, 0, 0, 0, 0, 0, 
    0, 0, 0, 0, 0, 0, 0, 0, 0, 0, 0, 0, 0, 0, 0, 0, 0, 0, 0, 
    0, 0, 0, 0, 0, 0, 0, 0, 0, 0, 0, 0, 0, 0, 0, 0, 0, 0, 0, 
    0, 0, 0, 0, 0, 0, 0, 0, 0, 0, 0, 0, 0, 0, 0, 0, 0, 0, 0, 
    0, 0, 0, 0, 0, 0, 0, 0, 0, 0, 0, 0, 0, 0, 0, 0, 0, 0, 0, 
    0, 0, 0, 0, 0, 0, 0, 0, 0, 0, 0, 0, 0, 0, 0, 0.0116009280742459, 
    0, 0.0788863109048724, 0, 0, 0.00580046403712297, 0.00580046403712297, 
    0, 0, 0, 0, 0, 0, 0, 0, 0, 0, 0, 0, 0, 0, 0, 0, 0, 0, 0, 
    0, 0, 0, 0, 0, 0, 0, 0, 0, 0, 0, 0, 0, 0, 0, 0, 0, 0, 0, 
    0, 0, 0, 0, 0, 0, 0, 0, 0, 0, 0, 0, 0, 0, 0, 0, 0, 0, 0, 
    -1.1331166295921e-17, 0, 0, 0, 0, 0, 0, 0, 0, 0, 0, 0, 0, 
    0, 0, 0, 0, 0, 0, 0, 0, 0, 0, 0, 0, 0, 0, 0, 0, 0, 0, 0, 
    0, 0, 0, 0, 0, 0, 0, 0, 0, 0, 0, 0, -1.1331166295921e-17, 
    0, -1.1331166295921e-17, 0, 0, 0, -2.71947991102104e-16, 
    0, 0, 0, 0, 0, 0, 0, 0, 0, 0, 0, 0, 0, 0, 0, 0, 0, 0, 0, 
    0, 0, 0, -0.666666666666666, 0, 0, 0, 0, 0, 0, -1.1331166295921e-17, 
    0, 0, -0.0625000000000001, 0, 0, 0, 0, 0, 0, 0, 0, 0, 0, 
    0, -0.25, 0, 0, 0, 0, 0, 0, 0, 0, 0, 0, 0, 0, 0, 0.25, 0, 
    0.125, 0, 0.125, 0, 0.25, 0, 0, 0, 0, 0, 0, 0, -0.0625000000000001, 
    0), .Dim = c(41L, 41L), .Dimnames = list(c("pb", "Assassin..rd.blk.", 
    "BEB", "Braconid", "Calophorid", "Cercopid..brn.", "Cercopid.brn.", 
    "Chait..grn.", "Coenagrionidae", "Earwig", "edge.mnr.", "egg.on.a.stick", 
    "Formica.spp.2", "Globuli", "Lacewing..grn.", "Lbb..many.spt.", 
    "Lf.tier", "Lfhppr..brn.", "Lfhppr..brnmtld.", "Lfhppr..fisheye.", 
    "Lfhppr..grn.", "Lfhppr..sknk.", "Melyrid..gry.blk.", "midge", 
    "Mirid..blk.brn.", "Mirid..brn.", "Muscid", "Myrm.ant", "Paras.", 
    "Pentatomid..red.blk.wht.", "Phylla", "punkie", "red.mite", 
    "serp.lf.mnr.", "Syrphid..lttl.yllw.", "T.dip", "Thec..aff.", 
    "Thrip..blk.", "TinyT.dip", "Tip..mnr", "Tip.roller"), c("pb", 
    "Assassin..rd.blk.", "BEB", "Braconid", "Calophorid", "Cercopid..brn.", 
    "Cercopid.brn.", "Chait..grn.", "Coenagrionidae", "Earwig", 
    "edge.mnr.", "egg.on.a.stick", "Formica.spp.2", "Globuli", 
    "Lacewing..grn.", "Lbb..many.spt.", "Lf.tier", "Lfhppr..brn.", 
    "Lfhppr..brnmtld.", "Lfhppr..fisheye.", "Lfhppr..grn.", "Lfhppr..sknk.", 
    "Melyrid..gry.blk.", "midge", "Mirid..blk.brn.", "Mirid..brn.", 
    "Muscid", "Myrm.ant", "Paras.", "Pentatomid..red.blk.wht.", 
    "Phylla", "punkie", "red.mite", "serp.lf.mnr.", "Syrphid..lttl.yllw.", 
    "T.dip", "Thec..aff.", "Thrip..blk.", "TinyT.dip", "Tip..mnr", 
    "Tip.roller")))), .Names = c("996", "1000", "1008", "1017", 
"1020", "coal 3", "HE-10", "Rm-2", "T-15", "WC-5"))
