structure(c(0, 0, 0, 0, 0, 6.02985074626865, 0, 0, 0, 0, 0, 0, 
0, 2.24130273871206, 0, 0, 0, 0, 0, 0, 0, 0, 0, 0, 0, 0, 0, 0, 
0, 0, 0, 0, 0, 0, 4.67796610169492, 0, 0, 0, 5.8424467099166, 
0, 2.56669572798605, 0, 0, 0, 0, 0, 0, 0, -0.0259997159075963, 
0, 0, 0, 0, 0, 0, 0, 0, 0, 0.186440677966102, 0, 0.100788384096194, 
0.218884120171673, 0, 0.0374710194874365, 0.212121212121212, 
0, 0, 0, 0.0614101592115236, 0, 0, 0, 0, 0.195340501792115, 0, 
0, 0, 0, 0, 0, 0, 0, 0, 0, 0, 0, 0, 0, 0, 0, 0, 0, 0, 0, 0, 0, 
0, 0, 0, 0, 0, 0, 0, 0, 0, 0, 0, 0, 0, 0, 0, 0, 0, 0, 0, 0, 0, 
0, 0, 0, 0, 0, 0, 0, 0, 0, 0, 0, 0, 0, 0, 0, 0, 0, 0, 0, 0, 0, 
0, 0.115027829313543, 0, 0, 0, 0.207234825260576, 0.0927404028886358, 
0, 0, 0, 0, 0, 0.040940106141016, 0, 0, 0, 0, 0, 0, 0, 0.121230443655053, 
0, 0, 0, 0, 0, 0, 0, 0, 0, 0, 0, 0, 0, 0, 0, 0, 0.0743243243243241, 
0, 0, 0, 0, 0, 0, 0, 0, 0.0309625996321274, 0, 0, 0, 0, 0, 0, 
0.0655799848369977, 0, 0, 0, 0, 0, 0, 0.262711864406779, 0, 0, 
0, 0, 0, 0.0187110187110188, 6.02985074626865, 0, 0, 0, 0, 0, 
0, 0, 0, 0.14, 0, 0.175675675675676, 0.0290697674418613, 0, 0, 
0, 0.0352504638218926, 0, 0, 0, 0, 0, 0, 0.111989459815546, 0.0688360450563191, 
0, 0, 0.0644427596664135, 0, 0.402611534276391, 0, 0, 0, 0, 0, 
0, 0, 0, 0.342910101946246, 0, 0.0637113540339349, 0, 0, 0, 0, 
0, 0, 0, 0.0320498319119945, 0, 0, 0, 0, 0, 0, 0.83606557377049, 
0, 0, 0, 0.281512605042017, 0, 0, 0, 0, 0.255599472990777, 0, 
0, 0, 0, 0, 0, 0, 0, 0, 0, 0, 0, 0, 0, 0, 0, 0, 0, -0.0259997159075963, 
0, 0, 0, 0, 0.0320498319119945, 0, 0, 0, 0, 1.02027027027027, 
0, 0, 3.04508196721311, 0, 0, 0, 0, 0, 0, 0, 0, 0, 0, 0, 0, 0, 
0, 0, -0.237596515499144, 0, 1.15501792114695, 0, 0, -0.992139671982465, 
0, 0, 0, 0, -1.18348869961773, 0, 0, 0, 0, 0, 0, 0, 0, 0, 0, 
0, 0, 0, 0, 0, 0, 0, 0, 0, 0.0151721399807158, 0, 0, 0.0604674478350773, 
0, 0, 0, 0, 0, 0, 0, 0, 0, 0, 0, 0, 0, 0, 0, 0, 0, 0, 0, 0, 0, 
0, 0, 0.14, 0, 0, 0, 0, 0.022075055187638, -2.45215529674221e-16, 
0.0290697674418605, 0, 0, 0, 0.100185528756957, 0, 0, 0, 0, 0, 
0.0538880882260793, 0, 0.237797246558197, 0.225454545454545, 
0, 0.174374526156179, 0, 0, 0, 0, 0.0179211469534047, 0, 0, 0, 
0, 0, 0, 0, 0, 0, 0, 0, 0, 0, 0, 0, 0, 0, 0.022075055187638, 
0, 0, 0, 0, 0, 0, 0, 0, 0, -0.0335772219386308, 0, 0, 0, 0, 0, 
0, 0, 0, 0, 0, 0, 0, 0, 0, 0, 0, 0, 0, 0, 0, 0, 0, 0, 0, 0, 0.0743243243243241, 
0.175675675675676, 0, 1.02027027027027, 0, -2.45215529674221e-16, 
0, 0, 0, 0, 0, 0, 0, 0, 0, 0, 0, 0, 0.0576477222883645, 0, 0, 
0, 0, 0, 0, 0, 0, 0, 0, 0, 0, 0, 0, 0.0737735153080059, 0, 0, 
0, 0, 0, 0, 0, 0, 0.0290697674418613, 0, 0, 0, 0.0290697674418605, 
0, 0, 0, 0, 0, 0.241299303944315, 0, 0, 0, 0, 0, 0, 0, 0, 0, 
0, 0, 0, 0, 0, 0, 0, 0, 0, 0, 0, 0, 0, 0, 0.186903586706153, 
0, 2.24130273871206, 0, 0, 0, 0, 0, 0, 0, 0, 0, 0, 0, 0, 0, 0, 
0, 0, 0, 0, 0, 0.0232985898221949, 0, 0, 0, 0, 0, 0, 0, 0, 0, 
0, 0, 0, 0, 0, 0, 0, 0, 0, 0, 0, 0, 0, 0, 0, 0, 0, 0.83606557377049, 
3.04508196721311, 0, 0, 0, 0, 0, 0, 0, 0, 0, 0, 0, 0, 0, 0, 0, 
0, 0, 0, 0, 0, 0, 0, 0, 0, 0, 0, 0, 0, 0, 0, 0, 0, 0, 0, 0, 0, 
0, 0, 0, 0, 0, 0, 0, 0, 0, 0.241299303944315, 0, 0, 0, 0, 0, 
0, 0, 0, 0, 0, 0, 0, 0, 0, 0, 0, 0, 0.00367352262594859, 0, 0, 
0, 0, 0, 0, 0, 0, 0, 0, 0, 0, 0, 0.115027829313543, 0, 0.0352504638218926, 
0, 0, 0, 0.100185528756957, 0, 0, 0, 0, 0, 0, 0, 0, 0, 0.115988883217061, 
0.137952176578786, 0.178639300646143, 0.179835829312613, 0.164690382081687, 
0.469336670838548, 0, 0, 0, 0.410447761194029, 0.881392818280739, 
0, 0.250596658711216, 0, 0, 0, 0.334819741516137, 0, 0, 0, 0.12668641000329, 
0, 0, 0.186440677966102, 0, 0, 0, 0, 0, 0, 0, 0, 0, 0, 0, 0, 
0, 0, 0, 0, 0, 0, 0, 0, 0, 0, 0, 0, 0, 0, 0, 0, 0, 0, 0, 0, 0, 
0.0899402917390976, 0, 0, 0.268767377201113, 0, 0, 0, 0, 0, 0, 
0, 0, 0.281512605042017, 0, 0, 0, 0, 0, 0, 0, 0, 0, 0, 0, 0, 
0, 0, 0, 0, 0, 0, 0, 0, 0, 0, 0, 0, 0, -0.207885304659499, 0, 
0, 0, 0, 0, 0.474513438368861, 0, 0, 0, 0.100788384096194, 0, 
0, 0, 0, 0, 0, 0.0151721399807158, 0, -0.0335772219386308, 0, 
0, 0, 0, 0, 0.115988883217061, 0, 0, 0, 0, 2.24173318129989, 
0, 0, 0.296620775969963, 0, 0, 0.502653525398028, -0.641791044776119, 
0, 0.108191442274591, 0.551312649164677, -0.148745519713262, 
0, 0, 0.358098405260375, 0, 0, 0, 0, 0, 0, 0.218884120171673, 
0, 0.207234825260576, 0.0309625996321274, 0, 0, 0, 0, 0, 0, 0, 
0, 0.0232985898221949, 0, 0, 0.137952176578786, 0, 0, 0, 0, 0.128468263017865, 
0, 0, 0, 0, 0, 0.169067475360121, 0, 0, 0, 0, 0, 0, 0, 0, 0, 
0, 0, 0, 0.288243578566159, 0, 0, 0, 0.0927404028886358, 0, 0, 
0, 0, 0, 0, 0, 0, 0, 0, 0, 0, 0.178639300646143, 0, 0, 2.24173318129989, 
0.128468263017865, 0, 0, 0, 0, 0, 0, 0, 0, 0, 0, 0, 0, 0, 0, 
0, 0, 0, 0, 0, 0, 0, 0.0374710194874365, 0, 0, 0, 0, 0, 0, 0.0604674478350773, 
0.0538880882260793, 0, 0.0576477222883645, 0, 0, 0, 0, 0.179835829312613, 
0, 0, 0, 0, 0, 0, 0, 0, 0, 0, 0.273313115996967, 0, 0, 0, 0.683770883054892, 
0, 0, 0, 0, 0, 0, 0, 0, 0, 0, 0.212121212121212, 0, 0, 0, 0.111989459815546, 
0.255599472990777, 0, 0, 0, 0, 0, 0, 0, 0, 0, 0.164690382081687, 
0, 0, 0, 0, 0, 0, 0, 0, 0, 0, 0, 0.164179104477612, 0, 0, 0, 
0, 0, 0, 0, 0, 0, 0.591288229842448, 0, 0, 0, 0, 0, 0, 0, 0.0688360450563191, 
0, 0, 0, 0.237797246558197, 0, 0, 0, 0, 0, 0, 0.469336670838548, 
0, 0, 0.296620775969963, 0, 0, 0, 0, 0, 0, 0, 0, 0, 0, 0.0133983077847461, 
0, 0, 0, 0, 0, 0, 0, 0, 0, 0, 0, 0, 0, 0, 0, 0, 0, 0, 0, 0.225454545454545, 
0, 0, 0, 0, 0, 0, 0, 0, 0, 0, 0, 0, 0, 0, 0, 0, 0, 0, 0, 0, 0, 
0, 0, 0, 0, 0, 0, 0, 0, 0, 0.0838307289920193, 0, 0, 0, 0, 0, 
0, 0, 0, 0, 0, 0, 0, 0, 0, 0, 0, 0, 0, 0, 0, 0, 0, 0, 0, 0, 0, 
0, 0, 0, 0, 0, 0, 0, 0, 0, 0, 0, 0, 0, 0, 0, 0, 0.0614101592115236, 
0, 0.040940106141016, 0.0655799848369977, 0.0644427596664135, 
0, 0, 0, 0.174374526156179, 0, 0, 0, 0, 0, 0, 0, 0, 0, 0.502653525398028, 
0.169067475360121, 0, 0.273313115996967, 0, 0, 0, 0, 0, 0, 0.694232861806311, 
0, 0, 0, 0, 0, 0, 0, 0, 0, 0, 0, 0, 0, 0, 0, 0, 0, 0, 0, 0, 0, 
0, 0, 0, 0, 0, 0, 0.410447761194029, 0, 0, -0.641791044776119, 
0, 0, 0, 0.164179104477612, 0, 0, 0, 0, 0, 0.409140369967356, 
0, 0, 0, 0, 0, 0, 0.0134884505142472, 0, 0, 0.096084238236262, 
0, 0, 0, 0, 0, 0, 0.402611534276391, 0, 0, 0, 0, 0, 0, 0, 0, 
0, 0, 0.881392818280739, 0, 0, 0, 0, 0, 0, 0, 0, 0, 0, 0.694232861806311, 
0.409140369967356, 0, 0, 0, 0, 0, 0, 0, 0, 0, 0, 0.0380059230009871, 
0, 0, 0, 0, 0, 0, 0, 0, -0.237596515499144, 0, 0, 0, 0, 0, 0, 
0, 0.00367352262594859, 0, 0, 0, 0.108191442274591, 0, 0, 0, 
0, 0.0133983077847461, 0, 0, 0, 0, 0, 0, 3.21121718377088, 0, 
2.49031920460492, 0, 2.26294308820195, 0, 2.10955367023239, 2.23076923076923, 
0, 1.5546241030112, 0, 0, 0, 0, 0, 0, 0, 0, 0, 0, 0, 0, 0, 0, 
0, 0, 0.250596658711216, 0, 0, 0.551312649164677, 0, 0, 0.683770883054892, 
0, 0, 0, 0, 0, 0, 0, 3.21121718377088, 0, 0, 0.350601779173207, 
0, 0, 0, 0, 0, 0, 0.311850311850312, 0, 0.195340501792115, 0, 
0, 0, 0, 0, 1.15501792114695, 0, 0.0179211469534047, 0, 0, 0, 
0, 0, 0, 0, 0, -0.207885304659499, -0.148745519713262, 0, 0, 
0, 0, 0, 0, 0, 0, 0, 0, 0, 0, 0, 0, 0, 0, 0.0569887034226943, 
0, 0.22613531047266, 0, 0, 0, 0, 0, 0, 0, 0, 0, 0, 0, 0, 0, 0, 
0, 0, 0, 0, 0, 0, 0, 0, 0, 0, 0, 0, 0, 0, 0, 0, 0, 0, 2.49031920460492, 
0.350601779173207, 0, 0, 0, 0, 0, 0, 0, 0, 0, 4.67796610169492, 
0, 0, 0, 0.262711864406779, 0, 0, 0, 0, 0, 0, 0, 0, 0, 0, 0, 
0, 0, 0, 0, 0, 0, 0, 0, 0, 0, 0, 0, 0, 0, 0, 0, 0, 0, 0, 0, 0, 
0.0479527849502029, 0.194624652455978, 0, 0, 0, 0, 0, 0.121230443655053, 
0, 0, 0, -0.992139671982465, 0, 0, 0, 0, 0, 0, 0, 0, 0.334819741516137, 
0.0899402917390976, 0, 0.358098405260375, 0, 0, 0, 0, 0, 0, 0, 
0, 0, 0, 2.26294308820195, 0, 0, 0, 0, 0, 0, 0, 0, 0, 0, 0, 0, 
0, 0, 0, 0, 0, 0, 0, 0, 0, 0, 0, 0, 0, 0, 0, 0, 0, 0, 0, 0, 0, 
0, 0, 0, 0, 0, 0.0134884505142472, 0, 0, 0, 0.0569887034226943, 
0, 0, 0, 0, 0, 0, 0, 0, 0, 0, 0, 0, 0, 0, 0, 0, 0, 0, 0, 0.0737735153080059, 
0, 0, 0, 0, 0, 0, 0, 0, 0, 0, 0, 0, 0, 0, 0, 0, 0, 0, 2.10955367023239, 
0, 0, 0, 0.0479527849502029, 0, 0, 0, 0.466172381835032, 0, 0, 
5.8424467099166, 0, 0, 0, 0, 0.342910101946246, 0, 0, 0, 0, 0, 
0, 0, 0, 0, 0, 0, 0.268767377201113, 0.474513438368861, 0, 0, 
0, 0, 0.591288229842448, 0, 0, 0, 0, 0, 0, 2.23076923076923, 
0, 0.22613531047266, 0, 0.194624652455978, 0, 0, 0.466172381835032, 
0, 0, 0.107102139360204, 0, 0, 0, 0, 0, 0, 0, 0, 0, 0, 0, 0, 
0.186903586706153, 0, 0, 0, 0.12668641000329, 0, 0, 0, 0, 0, 
0, 0, 0, 0, 0, 0, 0.096084238236262, 0.0380059230009871, 0, 0, 
0, 0, 0, 0, 0, 0, 0, 0, 0, 2.56669572798605, 0, 0, 0, 0.0187110187110188, 
0.0637113540339349, 0, -1.18348869961773, 0, 0, 0, 0, 0, 0, 0, 
0, 0, 0, 0, 0, 0.288243578566159, 0, 0, 0, 0, 0.0838307289920193, 
0, 0, 0, 0, 1.5546241030112, 0.311850311850312, 0, 0, 0, 0, 0, 
0, 0.107102139360204, 0, 0), .Dim = c(41L, 41L), .Dimnames = list(
    c("pb", "Assassin (rd/blk)", "BEB", "Braconid", "Calophorid", 
    "Cercopid (brn)", "Cercopid(brn)", "Chait (grn)", "Coenagrionidae", 
    "Earwig", "edge mnr ", "egg on a stick", "Formica spp 2", 
    "Globuli", "Lacewing (grn)", "Lbb (many spt)", "Lf tier", 
    "Lfhppr (brn)", "Lfhppr (brnmtld)", "Lfhppr (fisheye)", "Lfhppr (grn)", 
    "Lfhppr (sknk)", "Melyrid (gry/blk)", "midge", "Mirid (blk/brn)", 
    "Mirid (brn)", "Muscid", "Myrm ant", "Paras ", "Pentatomid (red/blk/wht)", 
    "Phylla", "punkie", "red mite", "serp lf mnr ", "Syrphid (lttl/yllw)", 
    "T-dip", "Thec. aff.", "Thrip (blk)", "TinyT-dip", "Tip  mnr", 
    "Tip roller"), c("pb", "Assassin (rd/blk)", "BEB", "Braconid", 
    "Calophorid", "Cercopid (brn)", "Cercopid(brn)", "Chait (grn)", 
    "Coenagrionidae", "Earwig", "edge mnr ", "egg on a stick", 
    "Formica spp 2", "Globuli", "Lacewing (grn)", "Lbb (many spt)", 
    "Lf tier", "Lfhppr (brn)", "Lfhppr (brnmtld)", "Lfhppr (fisheye)", 
    "Lfhppr (grn)", "Lfhppr (sknk)", "Melyrid (gry/blk)", "midge", 
    "Mirid (blk/brn)", "Mirid (brn)", "Muscid", "Myrm ant", "Paras ", 
    "Pentatomid (red/blk/wht)", "Phylla", "punkie", "red mite", 
    "serp lf mnr ", "Syrphid (lttl/yllw)", "T-dip", "Thec. aff.", 
    "Thrip (blk)", "TinyT-dip", "Tip  mnr", "Tip roller")))
