structure(c(0, 0, 0, 0, 0, 6.35934664246823, 0, 0, 0, 0, 0, 0, 
0, 0, 0, 0, 0, 0, -0.447876447876449, 0, 0, 0, 0, 5.41127348643006, 
0, 0, 0, 0, 0, 0, 0, 0, 0, 0, 0, 0, 0, 0, 6.73239436619718, 0, 
2.10466300142537, 0, 0, 0, 0, 0, 0, 0, 0, 0, 0, 0, 0, 0, 0, 0, 
0, 0.0573215216258465, 0, 0, 0, 0, 0, 0, 0, 0.347222222222223, 
0, 0, 0, 0, 0, 0, 0, 0.430023455824863, 0, 0, 0.0747790618626786, 
0, 0, 0, 0, 0, 0, 0, 0, 0, 0, 0, 0, 0, 0, 0, 0, 0.0821052631578941, 
0, 0, 0, 0, 0, 0, 0, 0, 0, 0, 0, 0, 0, 0, 0, 0, 0.824503311258277, 
0, 0, 0, 0, 0, 0, 0, 0, 0, 0, 0, 0, 0, 0, 0, 0, 0, 0, 0, 0, 0, 
0, 0, 0, 0, 0, 0, 0, 0, 0, 0, 0, 0.181818181818182, 0, 0, 0, 
0, 0, 0, 0, 0, 0, 0, 0, 0.153244722439406, 0, 0, 0, 0, 0, 0.197183098591549, 
0, 0, 0, 0, 0, 0, 0, 0, 0, 0, 0, 0, 0, 0, 0, 0, 0, 0, 0, 0, 0, 
0, 0, 0, 0, 0, 0, 0, 0, 0.0772145902415918, 0, 0, 0, 0, 0, 0, 
0, 0, 0, 0, 0.514084507042253, 0, 0.0331907961718591, 6.35934664246823, 
0, 0, 0, 0, 0, 0, 0, 0, 0.194244604316547, 0, 0.178947368421053, 
0, 0, 0, 0, 0.0901511203751954, 0, 0.38030888030888, 0, 0, 0, 
0, 0, 0.25, 0, 0, 0.0895310279488396, 0, 0.381615598885794, 0, 
0, 0, 0, 0, 0, 0, 0, 0.697183098591547, 0, 0.095499898187742, 
0, 0, 0, 0, 0, 0, 0, 0, 0, 0, 0, 0, 0, 0.0169902912621359, 0, 
0, 0, 0, 0, 0, 0, 0, 0, 0.0605427974947808, 0, 0, 0, 0, 0, 0, 
0, 0, 0, 0, 0, 0, 0, 0, 0, 0, 0, 0, 0, 0, 0, 0, 0, 0, 0, 0, 0, 
0.673859432799013, 0.823157894736842, 0, 0.51051779935275, 0, 
0, 0, 0, 0, 0, 0, 0, 0, 0, 0, 0, 0, 0, 0, 0, -0.222552748788972, 
0, -0.125879593432369, 0, 0, 0, 0, 0, 0, 0, -1.18774180411322, 
0, 0, 0, 0, 0, 0, 0, 0, 0, 0, 0, 0, 0, 0, 0, 0, 0, 0, 0.0154440154440155, 
0.0235160641534732, 0, 0, 0.0431034482758621, 0, 0.0972222222222223, 
0, 0, 0, 0, 0, 0, 0, 0, 0, 0, 0.0652617267165195, 0, 0, 0, 0, 
0, 0, 0, 0, 0, 0, 0.194244604316547, 0, 0, 0, 0, 0, -0.0231578947368421, 
0, 0, 0, 0, 0.315268368942157, 0, 0, 0, 0, 0, 0.0775862068965517, 
0, 0, 0.310057321521626, 0, 0, 0, 0, 0, 0, 0.0664581704456607, 
0, 0, 0.0577838205302516, 0, 0, 0, 0, 0, 0, 0, 0, 0, 0, 0, 0, 
0.673859432799013, 0, 0, 0, 0, 0, 0, 0, 0, 0, 0, 0, -0.0145428291475427, 
0, 0, 0, 0, 0, 0, 0, 0, 0, 0, 0, 0, 0, 0, 0, 0, 0, 0, 0, 0, -0.199959275096722, 
0, 0, 0.0821052631578941, 0, 0, 0.178947368421053, 0, 0.823157894736842, 
0, -0.0231578947368421, 0, 0, 0, 0, 0, 0, 0, 0, 0, 0, 0, 0, 0, 
0.762004175365344, 0.208333333333333, 0, 0, 0, 0, 0, 0, 0, 0, 
0, 0, 0.350101971447994, 0, 0.197860962566845, 0, 0, 0, 0, 0, 
0, 0, 0, 0, 0, 0, 0, 0, 0, 0, 0, 0, 0, 0, 0, 0, 0, 0, 0, 0, 0, 
0, 0, 0.0755601875977073, 0, 0, 0, 0, 0, 0, 0, 0, 0, 0.0917743031951053, 
0, 0, 0, 0, 0.0193443290572185, 0, 0, 0, 0, 0, 0, 0.0169902912621359, 
0.51051779935275, 0, 0, 0, 0, 0, 0, 0, 0, 0, 0, 0, 0, 0.0808080808080809, 
0, 0, 0, 0, 0, 0, 0, 0, 0, -0.0779609220065672, 0, 0, 0, 0, 0, 
0, 0, 0, 0, 0, 0, 0, 0, 0, 0, 0, 0, 0, 0, 0, 0, 0, 0, 0, 0, 0, 
0, 0, 0, 0, 0, 0, 0, 0, 0.111111111111111, 0, 0, 0, 0, 0, 0, 
0, 0, 0, 0, 0, 0, 0, 0, 0, 0, 0, 0, 0, 0, 0, 0, 0, 0, 0, 0, 0, 
0, 0, 0, 0, 0, 0, 0, 0, 0, 0, 0, 0, 0, 0, 0, 0, 0, 0, 0, 0, 0, 
0.0265832681782643, 0, 0, 0, 0, 0, 0, 0.0919037199124725, 0, 
0, 0.0573215216258465, 0, 0, 0, 0.0901511203751954, 0, 0, 0, 
0.315268368942157, 0, 0, 0, 0, 0, 0, 0, 0, 0, 0.0462585735650558, 
0, 0, 0.129310344827586, 0, 0, 0, 0, 0, 0.771523178807946, 1.03342618384401, 
0, 0.222222222222222, 0, 0, 0, 0, 0.0256609642301711, 0, 0, 0.202875898718349, 
0, 0, 0, 0, 0, 0, 0, 0, 0, 0, 0, 0, 0, 0, 0, 0, 0, 0, 0, 0, 0, 
0, 0, 0, 0, 0, 0, 0, 0, 0, 0, 0, 0, 0, 0, 0, 0.364377974167233, 
0, 0, 0.535211267605633, 0, 0, -0.447876447876449, 0, 0, 0, 0, 
0.38030888030888, 0, 0, 0.0154440154440155, 0, 0, 0, 0, 0, 0, 
0, 0, 0, 0, 0, 0, 0, 0, 0, 0.305555555555556, 0, 0, 0, 0, 0, 
0, 0, 0, 0, 0, 0.276002719238613, 0.031104199066874, 0, 0.746478873239436, 
0, 0.090816534310731, 0, 0, 0, 0, 0, 0, 0, 0, 0.0235160641534732, 
0, -0.0145428291475427, 0, 0, 0, 0, 0, 0.0462585735650558, 0, 
0, 0, 0, 0, 0, 2.0187891440501, 0, 0, 0, 0.341544291804832, 0, 
0, 0.093419812087519, 0.611111111111111, 0.701329163408914, 0, 
0, 0, 0, 0, 0, 0, 0, 0, 0, 0, 0.181818181818182, 0, 0, 0, 0, 
0, 0, 0, 0, 0, 0.0808080808080809, 0, 0, 0, 0, 0, 0, 0, 0, 0, 
0, 0, 0, 0, 0.00473709142586455, 0, 0, 0, 0, 0, 0, 0, 0, 0, 0, 
0, 0, 0.335980452046427, 0, 0, 0, 0, 0, 0, 0, 0, 0, 0, 0, 0, 
0, 0, 0, 0, 0, 0, 0, 0, 0, 0, 0, 0.121085594989561, 0, 0, 0, 
0, 0.152317880794702, 0.172701949860724, 0, 0, 0.0609851446442534, 
0, 0, 0, 0, 0, 0, 0.0431384807752423, 0, 0, 0, 0, 0, 0, 0, 0, 
0, 0.0431034482758621, 0.0775862068965517, 0, 0, 0, 0, 0, 0, 
0.129310344827586, 0, 0, 0, 0, 0, 0, 0, 0, 0, 0, 0, 0, 0, 0.0227575668909912, 
0, 0, 0, 0, 0, 0, 0, 0, 0, 0, 5.41127348643006, 0, 0, 0, 0, 0, 
0.0605427974947808, 0, 0, 0, 0, 0.762004175365344, 0, 0, 0, 0, 
0, 0, 0, 2.0187891440501, 0, 0.121085594989561, 0, 0, 0.0555555555555556, 
0, 0, 0, -0.0562913907284769, 0, 0, 0, 0, 0, 0, 0.120326308633583, 
0, 0, 0, 0, 0, 0, 0.347222222222223, 0, 0, 0, 0.25, 0, 0, 0.0972222222222223, 
0, 0, 0.208333333333333, 0, 0, 0.111111111111111, 0, 0, 0, 0.305555555555556, 
0, 0, 0, 0, 0.0555555555555556, 0, 0, 0, 0, 0, 0, 0, 0, 0, 0, 
0, 0, 0, 0, 0, 0, 0, 0, 0, 0, 0, 0, 0, 0, 0, 0, 0.310057321521626, 
0, 0, 0.0755601875977073, 0, 0, 0, 0, 0, 0, 0, 0, 0, 0, 0, 0, 
0, 0, 0, 0, 0, 0, 0, 0, 0, 0, 0, 0, 0, 0, 0, 0, 0, 0, 0, 0, 0, 
0, 0, 0, 0, 0, 0, 0, 0, 0, 0, 0, 0, 0, 0, 0, 0, 0, 0, 0, 0, 0, 
0, 0.0322122216958787, 0, 0, 0, 0, 0, 0, 0, 0, 0, 0, 0.197183098591549, 
0, 0, 0, 0, 0, 0, 0.0772145902415918, 0.0895310279488396, 0, 
0, 0, 0, 0, 0, 0, 0, 0, 0, 0, 0, 0, 0.341544291804832, 0.00473709142586455, 
0, 0, 0, 0, 0, 0.0322122216958787, 0, 0, 0.788300835654597, 0, 
0, 0, 0.307692307692308, 0, 0, 0, 0, 0, 0, 0, 0, 0, 0.824503311258277, 
0, 0, 0, 0, 0, 0, 0, 0, 0, 0, 0, 0, 0, 0.771523178807946, 0, 
0, 0, 0, 0.152317880794702, 0, -0.0562913907284769, 0, 0, 0, 
0, 0, 0.540389972144847, 0, 0, 0, 0, 0, 0, 0.0124416796267496, 
0, 0, 0.139418568302595, 0, 0, 0, 0, 0, 0, 0.381615598885794, 
0, 0, 0, 0, 0, 0, 0, 0, 0, 0, 1.03342618384401, 0, 0, 0, 0, 0.172701949860724, 
0, 0, 0, 0, 0, 0.788300835654597, 0.540389972144847, 0, 0, 0, 
0, 0, 0, 0, 0, 0, 0, 0.106595811190997, 0, 0, 0, 0, 0, 0, 0, 
0, -0.222552748788972, 0, 0, 0, 0, 0, -0.0779609220065672, 0, 
0, 0, 0, 0, 0.093419812087519, 0, 0, 0.0227575668909912, 0, 0, 
0, 0, 0, 0, 0, 0, 3.16666666666667, 0, 0, 0, 2.49762066621346, 
0, 0, 0, 0, 1.99429851354103, 0, 0, 0, 0, 0, 0, 0, 0, 0, 0, 0, 
0, 0, 0, 0, 0, 0.222222222222222, 0, 0, 0.611111111111111, 0, 
0, 0, 0, 0, 0, 0, 0, 0, 0, 3.16666666666667, 0, 0, 0, 0, 0, 0, 
0, 0, 0, 0, 0, 0.430023455824863, 0, 0.153244722439406, 0, 0, 
0, -0.125879593432369, 0, 0.0664581704456607, 0, 0, 0, 0, 0, 
0.0265832681782643, 0, 0, 0, 0.701329163408914, 0, 0.0609851446442534, 
0, 0, 0, 0, 0, 0, 0, 0, 0, 0, 0, 0, 0, 0, 0.046656298600311, 
0, 0, 0, 0, 0, 0, 0, 0, 0, 0, 0, 0, 0, 0, 0, 0, 0, 0, 0, 0, 0, 
0, 0, 0, 0, 0, 0, 0, 0, 0, 0, 0.307692307692308, 0, 0, 0, 0, 
0, 0, 0, 0, 0, 0, 0, 0, 0, 0, 0, 0, 0, 0, 0, 0, 0, 0, 0, 0, 0, 
0, 0, 0, 0, 0, 0, 0, 0, 0, 0, 0, 0, 0, 0, 0, 0, 0, 0, 0, 0, 0, 
0, 0, 0, 0, 0.133689839572192, 0, 0, 0, 0, 0.0747790618626786, 
0, 0, 0, 0, 0, 0, 0.0652617267165195, 0.0577838205302516, 0, 
0.350101971447994, 0.0917743031951053, 0, 0, 0, 0, 0.364377974167233, 
0.276002719238613, 0, 0, 0, 0, 0.120326308633583, 0, 0, 0, 0, 
0, 0, 2.49762066621346, 0, 0, 0, 0, 0, 0, 0, 0.711267605633802, 
0, 0, 0, 0, 0, 0, 0, 0, 0, 0, 0, 0, 0, 0, 0, 0, 0, 0, 0.0256609642301711, 
0, 0.031104199066874, 0, 0, 0, 0, 0, 0, 0, 0, 0, 0.0124416796267496, 
0, 0, 0, 0.046656298600311, 0, 0, 0, 0, 0, 0, 0, 0, 0, 0, 0, 
0, 0, 0, 0, 0, 0, 0, 0, 0.197860962566845, 0, 0, 0, 0, 0, 0, 
0, 0, 0, 0, 0, 0, 0, 0, 0, 0, 0, 0, 0, 0, 0, 0, 0.133689839572192, 
0, 0, 0, 0.809859154929578, 0, 0, 6.73239436619718, 0, 0, 0.197183098591549, 
0.514084507042253, 0.697183098591547, 0, 0, 0, 0, 0, 0, 0, 0, 
0, 0, 0, 0.535211267605633, 0.746478873239436, 0, 0, 0, 0, 0, 
0, 0, 0.197183098591549, 0, 0, 0, 0, 0, 0, 0, 0, 0.711267605633802, 
0, 0.809859154929578, 0, 0, 0.114436978212177, 0, 0, 0, 0, 0, 
0, 0, 0, 0, 0, 0, 0, 0, 0, 0, 0.0919037199124725, 0.202875898718349, 
0, 0, 0, 0, 0.0431384807752423, 0, 0, 0, 0, 0, 0, 0.139418568302595, 
0.106595811190997, 0, 0, 0, 0, 0, 0, 0, 0, 0, 0, 0, 2.10466300142537, 
0, 0, 0, 0.0331907961718591, 0.095499898187742, 0, -1.18774180411322, 
0, 0, -0.199959275096722, 0, 0.0193443290572185, 0, 0, 0, 0, 
0, 0.090816534310731, 0, 0.335980452046427, 0, 0, 0, 0, 0, 0, 
0, 0, 0, 1.99429851354103, 0, 0, 0, 0, 0, 0, 0, 0.114436978212177, 
0, 0), .Dim = c(41L, 41L), .Dimnames = list(c("pb", "Assassin (rd/blk)", 
"BEB", "Braconid", "Calophorid", "Cercopid (brn)", "Cercopid(brn)", 
"Chait (grn)", "Coenagrionidae", "Earwig", "edge mnr ", "egg on a stick", 
"Formica spp 2", "Globuli", "Lacewing (grn)", "Lbb (many spt)", 
"Lf tier", "Lfhppr (brn)", "Lfhppr (brnmtld)", "Lfhppr (fisheye)", 
"Lfhppr (grn)", "Lfhppr (sknk)", "Melyrid (gry/blk)", "midge", 
"Mirid (blk/brn)", "Mirid (brn)", "Muscid", "Myrm ant", "Paras ", 
"Pentatomid (red/blk/wht)", "Phylla", "punkie", "red mite", "serp lf mnr ", 
"Syrphid (lttl/yllw)", "T-dip", "Thec. aff.", "Thrip (blk)", 
"TinyT-dip", "Tip  mnr", "Tip roller"), c("pb", "Assassin (rd/blk)", 
"BEB", "Braconid", "Calophorid", "Cercopid (brn)", "Cercopid(brn)", 
"Chait (grn)", "Coenagrionidae", "Earwig", "edge mnr ", "egg on a stick", 
"Formica spp 2", "Globuli", "Lacewing (grn)", "Lbb (many spt)", 
"Lf tier", "Lfhppr (brn)", "Lfhppr (brnmtld)", "Lfhppr (fisheye)", 
"Lfhppr (grn)", "Lfhppr (sknk)", "Melyrid (gry/blk)", "midge", 
"Mirid (blk/brn)", "Mirid (brn)", "Muscid", "Myrm ant", "Paras ", 
"Pentatomid (red/blk/wht)", "Phylla", "punkie", "red mite", "serp lf mnr ", 
"Syrphid (lttl/yllw)", "T-dip", "Thec. aff.", "Thrip (blk)", 
"TinyT-dip", "Tip  mnr", "Tip roller")))
