structure(c(0, 0, 0, 0, 0, 0, 0, 0, 0, 0, 0, 0, 0, 0, 2.98039215686275, 
0, 0, 0, 0.518518518518518, 0, 2.28481012658228, 0, 0, 0, 0, 
0, 0, 0, 0, 0, 0, 0, 0, 0, 2.69879518072289, 0, 0, 0, 0, -0.0785169029443837, 
0, 0, 0, 0, 0.523809523809523, 0, 0, 0, -0.0337912791193788, 
0, 0.313725490196079, 0, 0, 0, 0, 0, 0, 0.13027042744984, 0, 
0, 0.115663867668414, 0.19620253164557, 0, 0.0756328148825862, 
0.261790182868143, 0, 0, 0, 0, 0, 0, 0, 0, 0, 0, 0, 0, 0, 0, 
0, 0, 0.0599999999999999, 0, 0, 0, 0, 0, 0, 0, 0, 0, 0, 0, 0, 
0, 0, 0, 0.861111111111111, 0, 0, 0, 0, 0, 0, 0, 0, 0, 0, 0, 
0, 0, 0, 0, 0, 0, 0, 0, 0, 0, 0, 0, 0, 0, 0, 0.523809523809523, 
0, 0, 0, 0, 0, 0, 0, 0, 0, 0, 0, 0, 0, 0, 0.188426868275662, 
0, 0, 0, 0.259493670886076, 0.0600500417014178, 0, 0, 0, 0.0901126408010014, 
0, 0, 0, 0, 0, 0.0808080808080809, 0, 0, 0, 0.1171875, 0, 0, 
0, 0, 0.0199999999999999, 0, 0, 0, 0, 0, 0, 0, 0, 0, 0, 0, 0, 
0, 0, 0, 0, 0, 0, 0, 0, 0, 0, 0, 0, 0, 0, 0, 0, 0, 0, -0.024260146752227, 
0, 0.171122994652407, 0, 0.192771084337349, 0, 0, 0, 0, 0, 0, 
0, 0, 0, 0, 0, 0, 0, 0, 0, 0, 0, 0.140186915887851, 0, 0, 0, 
0, 0, 0, 0, 0, 0, 0, 0, 0, 0, 0, 0, 0, 0, 0, 0, 0, 0, 0, 0.0602409638554218, 
0.0742187499999999, 0, 0, 0, -0.0585241730279899, 0, 0, 0, 0, 
0, 0, 0, 0, 0, 0, 0, 0, 0, 0, 0, 1.66666666666667, 0, 0, 0, 0.381481481481481, 
0, 0, 0, 0, 0.345524542829644, 0, 0, 0, 0, 0, 0, 0, 0, 0, 0, 
0, 0, 0, 0, 0, 0, 0, 0, -0.0337912791193788, 0, 0, 0, 0, 0, 0, 
0, 0, 0, 0, 0, 0, 0, 0, 0, 0, 0, -0.767598964581098, 0, 0, 0, 
0, 0, 0, 0, 0, 0, 0, -0.254316374696522, 0, 0, 0, 0, -0.765625000000001, 
0.885196374622357, 0, 0, 0, 0, 0, 0, 0, 0, 0, 0, 0, 0, 0, 0, 
0, 0, 0, 0, 0.176470588235294, 0, 0, 0, 0, 0.00524022981248815, 
0, 0, 0, 0, 0, 0, 0, 0, 0, 0, 0, 0, 0, 0, 0, 0, 0, 0, 0, 0, 0, 
0, 0.313725490196079, 0, 0, 0, 0, 0, 0, 0, 0, 0, 0, 0.00976944118796406, 
0, 0, 0, 0, 0, 0, -0.00852326535766147, 0, 0.1209341117598, 0, 
0, 0, 0, 0, 0, 0, 0, 0, 0, 0, 0, 0, 0, 0.0377643504531722, 0, 
0, 0, 0, 0, 0, 0, 0, 0, 0, 0, 0, 0, 0, 0, 0, 0, 0, -0.666666666666666, 
0, 0, 0, 0, 0, 0, 0, 0, 0, 0, 0.553191489361702, 0, 0, 0, 0, 
0, 0, 0, 0, 0, 0, 0, 0.153846153846154, 0, 0, 0, 0, 0, 0, 0, 
0, 0.140186915887851, 0, 0, 0, 0, 0, 0, 0, 0, 0, 0, 0, 0, 0, 
0, 0, 0, 0.0625190606892344, 0, 0, 0, 0, 0, 0, 0, 0, 0, 0, 0, 
0.397590361445782, 0, 0, 0, 0, 0, 0, 0, 0, 0, 0, 0, 0, 0, 0, 
0, 0.00976944118796406, 0, 0, 0, 0, 0, 0.402777777777777, 0, 
0, 0, 0, 0, 0, 0, 0, 0, 0.249061326658323, 0, 0, 0.630434782608696, 
0, 0, 0, 0, 0, 0, 0, 0, 0, 0, 0.386404943656852, 0, 0, 0, 0, 
0, 0, 0, 0, 0, 0, 0, 0, 0, 0, 0, 0, 0, 0, 0, 0, 0, 0, 0, 0, 0, 
0, 0, 0, 0, 0, 0, 0, 0, 0, 0, 0, 0, 0, 0, 0, 0, 0, 2.98039215686275, 
0, 0, 0, 0, 0, 1.66666666666667, 0, 0.176470588235294, 0, -0.666666666666666, 
0, 0, 0, 0, 0, 0, 0, 0, 0, 0, 0, 0, 0, 0, 0, 0, 0, 0, 0, 0, 0, 
0, 0, 0, 0, 0, 0, 0, 0, 0, 0, 0, 0.861111111111111, 0, 0, 0, 
0, 0, 0, 0, 0, 0, 0.402777777777777, 0, 0, 0, 0, 0, 0, 0, 0, 
0, 0, 0, 0, 0, 0, 0, 0, 0, 0, 0, 0, 0, 0, 0, 0, 0, 0, 0, 0, 0, 
0.13027042744984, 0, 0.188426868275662, 0, 0, 0, 0, 0, 0, 0, 
0, 0, 0, 0, 0, 0, 0, 0, 0, 0.556962025316456, 0, 0, 0, 0, 0, 
0, 0.884393063583814, 0, 0, 0, 0.308080808080808, 0, 0, 0, 0.38671875, 
0, 0.605769230769232, 0, 0, -0.0500000000000001, 0, 0, 0, 0, 
0, 0, 0, 0, 0, 0, 0, 0, 0, 0, 0, 0, 0, 0, 0, 0, 0.0886075949367089, 
0, 0, 0, 0, 0, 0, 0, 0, 0, 0, 0, 0, 0, 0, 0.015625, 0, 0, 0, 
0, 0.0600000000000001, 0.518518518518518, 0, 0, 0, 0, 0, 0.381481481481481, 
0, 0, 0, 0, 0, 0, 0, 0, 0, 0, 0, 0, 0.16857124818486, 0, 0, 0.210430009149131, 
0.914340712223292, 0, 0, 0, 0, 0, 0, 0, 0, 0, 0, 0, 0, 0, 0, 
0, 0, 0, 0, 0.115663867668414, 0, 0, 0, 0, 0, -0.767598964581098, 
0.00524022981248815, -0.00852326535766147, 0, 0, 0, 0, 0, 0, 
0, 0, 0.16857124818486, 0, 0, 1.90075062552127, 0.476059774321439, 
2.11645813282002, 0, 0, 0, 0, 0, 0, 0.124631088728238, 0.52020202020202, 
0, 0, 0, 0.253906249999999, 0, 0, 0.882352941176471, 0, 0.43, 
2.28481012658228, 0.19620253164557, 0, 0.259493670886076, 0, 
0, 0, 0, 0, 0, 0, 0, 0, 0, 0, 0, 0.556962025316456, 0.0886075949367089, 
0, 0, 0, 0.113427856547123, 0, 0, 0, 0.320400500625782, 0, 0.816955684007706, 
0, 0, 0, 0, 0, 0, 0, 0, 0, 0, 0.784313725490198, 0, 0, 0, 0, 
0, 0.0600500417014178, 0, 0, 0, 0, 0, 0.1209341117598, 0, 0, 
0, 0, 0, 0, 0, 0, 0, 1.90075062552127, 0.113427856547123, 0, 
0.0734980176883197, 0.268527430221367, 0, 0, 0, 0, 0, 0, 0, 0, 
0, 0, 0, 0, 0, 0.163461538461538, 0, 0, 0, 0, 0.0756328148825862, 
0, 0, 0, 0, 0, 0, 0, 0, 0, 0.0625190606892344, 0, 0, 0, 0, 0, 
0, 0.210430009149131, 0.476059774321439, 0, 0.0734980176883197, 
0, 0, 0, 0, 0, 0.961464354527937, 0, 0, 0.0843960685565754, 0.55050505050505, 
0, 0, 0, 0, 0, 0, 1, 0, 0, 0, 0.261790182868143, 0, 0, 0, 0, 
0.345524542829644, 0, 0, 0, 0, 0, 0, 0, 0, 0, 0, 0, 0.914340712223292, 
2.11645813282002, 0, 0.268527430221367, 0, 0, 0, 0, 0, 0.271676300578034, 
0.456521739130436, 0, 0, 0, 0, 0, 0, 0, 0, 0, 1.03921568627451, 
0, 0.0699999999999999, 0, 0, 0, 0, 0, 0, 0, 0, 0, 0, 0, 0, 0, 
0, 0, 0, 0, 0, 0, 0, 0, 0, 0, 0, 0, 0, 0, 0.134874759152216, 
0, 0, 0, 0, 0, 0, 0, 0, 0, 0, 0, 0.221737549981825, 0.24, 0, 
0, 0, 0.0901126408010014, 0, 0, 0, 0, 0, 0, 0.553191489361702, 
0, 0.249061326658323, 0, 0, 0, 0, 0, 0, 0, 0.320400500625782, 
0, 0, 0, 0, 0, 0, 0, 0, 0, 0, 0, 0, 0, 0, 0, 0, 0, 0, 0, 0, 0, 
0, 0, 0, 0, 0, 0, 0, 0, 0, 0, 0, 0, 0, 0, 0, 0, 0, 0, 0, 0, 0, 
0, 0, 0, 0, 0, 0, 0, 0, 0, 0, 0, 0, 0, 0, 0, -0.0384615384615384, 
0, 0, 0, 0, 0, 0, 0, 0, 0, 0, 0, 0, 0, 0, 0, 0, 0, 0, 0, 0.884393063583814, 
0, 0, 0, 0.816955684007706, 0, 0.961464354527937, 0.271676300578034, 
0.134874759152216, 0, 0, 0, 0, 0, 0.0232041805431457, 0, 0, 0, 
0.0843373493975903, 0.01171875, 0, 0.317307692307692, 0, 0.0570701563067976, 
0, 0, 0, 0, 0, 0, 0, 0, 0, 0, 0, 0, 0, 0.630434782608696, 0, 
0, 0, 0, 0, 0, 0, 0, 0, 0, 0.456521739130436, 0, 0, 0, 0, 0, 
0, 0, 0, 0, 0, 0, 0, 0, 0, 0.588235294117647, 0, 0, 0, 0, 0, 
0, 0, 0, 0, 0, 0, 0, 0, 0, 0, 0, 0, 0, 0, 0, 0, 0, 0, 0, 0, 0, 
0, 0, 0, 0, 0, 0, 0, 0, 0, 0, 0, 0.0781250000000001, 0, 0, 0, 
0, 0.0600000000000002, 0, 0, 0, 0, -0.024260146752227, 0, 0, 
-0.254316374696522, 0, 0, 0, 0, 0, 0, 0, 0, 0, 0, 0, 0.124631088728238, 
0, 0, 0.0843960685565754, 0, 0, 0, 0, 0.0232041805431457, 0, 
0, 0, 0, 0, 0, 0, 2.20703125, 0, 0, 0, 0, 0, 0, 0, 0, 0.0808080808080809, 
0, 0, 0, 0, 0, 0, 0, 0, 0, 0, 0, 0, 0.308080808080808, 0, 0, 
0.52020202020202, 0, 0, 0.55050505050505, 0, 0, 0, 0, 0, 0, 0, 
0, 0, 0, 0, 0, 0.09375, 0, 0, 0, 0, 0.32, 0, 0, 0, 0, 0.171122994652407, 
0, 0, 0, 0, 0, 0, 0, 0, 0, 0, 0, 0, 0, 0, 0, 0, 0, 0, 0, 0, 0, 
0, 0, 0, 0, 0, 0, 0, 0, 0, 0, 0.125377643504532, 0, 0, -0.0163576881134133, 
0, 0, 0, 0, 0, 0, 0, 0, 0, 0, 0, 0, 0, 0, 0, 0, 0, 0, 0, 0, 0, 
0, 0, 0, 0, 0, 0, 0, 0, 0, 0, 0, 0, 0, 0, 0, 0, 0, 0, 0, 0, 0, 
2.69879518072289, 0, 0, 0, 0.192771084337349, 0.0602409638554218, 
0, 0, 0, 0, 0, 0.397590361445782, 0, 0, 0, 0, 0, 0, 0, 0, 0, 
0, 0, 0, 0, 0, 0, 0.0843373493975903, 0, 0, 0, 0, 0, 0, 0, 0, 
0, 0, 0.372549019607844, 0, 0, 0, 0, 0, 0.1171875, 0, 0.0742187499999999, 
0, -0.765625000000001, 0, 0, 0, 0, 0, 0, 0, 0, 0.38671875, 0.015625, 
0, 0.253906249999999, 0, 0, 0, 0, 0, 0, 0, 0.01171875, 0, 0.0781250000000001, 
2.20703125, 0.09375, 0, 0, 0, 0, 0, 0, 0, 0, 0, 0, 0, 0, 0, 0, 
0, 0, 0.885196374622357, 0, 0.0377643504531722, 0, 0, 0, 0, 0, 
0, 0, 0, 0, 0, 0, 0, 0, 0, 0, 0, 0, 0, 0, 0, 0, 0, 0.125377643504532, 
0, 0, 0, 0, 0, 0, 0, 0, 0, 0, 0, 0, 0, 0, 0, 0, 0, 0, 0.153846153846154, 
0, 0, 0, 0, 0, 0.605769230769232, 0, 0, 0, 0, 0.163461538461538, 
0, 0, 0, 0, -0.0384615384615384, 0.317307692307692, 0, 0, 0, 
0, 0, 0, 0, 0, 0, 0, 0, 0, 0, 0, 0, 0, 0, 0, 0, 0, 0, 0, 0, 0, 
0, 0, 0, 0, 0, 0, 0, 0, 0.882352941176471, 0.784313725490198, 
0, 1, 1.03921568627451, 0, 0, 0, 0, 0.588235294117647, 0, 0, 
0, 0, 0, 0.372549019607844, 0, 0, 0, 0, 0, 0, -0.0785169029443837, 
0, 0, 0, 0, -0.0585241730279899, 0, 0, 0, 0, 0, 0, 0.386404943656852, 
0, 0, 0, 0, 0, 0, 0, 0, 0, 0, 0, 0.221737549981825, 0, 0, 0.0570701563067976, 
0, 0, 0, 0, -0.0163576881134133, 0, 0, 0, 0, 0, 0, 0, 0, 0, 0.0599999999999999, 
0, 0.0199999999999999, 0, 0, 0, 0, 0, 0, 0, 0, 0, 0, 0, 0, -0.0500000000000001, 
0.0600000000000001, 0, 0.43, 0, 0, 0, 0.0699999999999999, 0.24, 
0, 0, 0, 0, 0.0600000000000002, 0, 0.32, 0, 0, 0, 0, 0, 0, 0, 
0, 0), .Dim = c(41L, 41L), .Dimnames = list(c("pb", "Assassin (rd/blk)", 
"BEB", "Braconid", "Calophorid", "Cercopid (brn)", "Cercopid(brn)", 
"Chait (grn)", "Coenagrionidae", "Earwig", "edge mnr ", "egg on a stick", 
"Formica spp 2", "Globuli", "Lacewing (grn)", "Lbb (many spt)", 
"Lf tier", "Lfhppr (brn)", "Lfhppr (brnmtld)", "Lfhppr (fisheye)", 
"Lfhppr (grn)", "Lfhppr (sknk)", "Melyrid (gry/blk)", "midge", 
"Mirid (blk/brn)", "Mirid (brn)", "Muscid", "Myrm ant", "Paras ", 
"Pentatomid (red/blk/wht)", "Phylla", "punkie", "red mite", "serp lf mnr ", 
"Syrphid (lttl/yllw)", "T-dip", "Thec. aff.", "Thrip (blk)", 
"TinyT-dip", "Tip  mnr", "Tip roller"), c("pb", "Assassin (rd/blk)", 
"BEB", "Braconid", "Calophorid", "Cercopid (brn)", "Cercopid(brn)", 
"Chait (grn)", "Coenagrionidae", "Earwig", "edge mnr ", "egg on a stick", 
"Formica spp 2", "Globuli", "Lacewing (grn)", "Lbb (many spt)", 
"Lf tier", "Lfhppr (brn)", "Lfhppr (brnmtld)", "Lfhppr (fisheye)", 
"Lfhppr (grn)", "Lfhppr (sknk)", "Melyrid (gry/blk)", "midge", 
"Mirid (blk/brn)", "Mirid (brn)", "Muscid", "Myrm ant", "Paras ", 
"Pentatomid (red/blk/wht)", "Phylla", "punkie", "red mite", "serp lf mnr ", 
"Syrphid (lttl/yllw)", "T-dip", "Thec. aff.", "Thrip (blk)", 
"TinyT-dip", "Tip  mnr", "Tip roller")))
