structure(list(sim = c(0.674620731405823, 0.668254301479936, 
0.67282523676787, 0.667215659570523, 0.673785799001398, 0.666713154067014, 
0.671261198188505, 0.666082415712344, 0.666835907504982, 0.669305669693053, 
0.668535046829298, 0.668508262708723, 0.666863588115048, 0.66677653902374, 
0.664593027508094, 0.673642434637881, 0.67232446012417, 0.668798790155687, 
0.674770231679065, 0.671775347852108, 0.667745929061069, 0.667736292464976, 
0.6702075737171, 0.670208242617527, 0.675676262027029, 0.674996113917629, 
0.669300025904225, 0.670810709779731, 0.671881003913299, 0.66575645871643, 
0.668752559411881, 0.658015408212246, 0.672091457670673, 0.672078746742713, 
0.662776951736114, 0.660354434132427, 0.666965720216158, 0.667667176366386, 
0.672949523248232, 0.671538191849103, 0.674984370755506, 0.662820337581938, 
0.672734806136402, 0.675769928085682, 0.670818085936044, 0.659589133292933, 
0.671027108927627, 0.668348247675517, 0.673333357339192, 0.672423558316091, 
0.663439144058733, 0.668851756946982, 0.67337102847798, 0.67146795920252, 
0.668748748539694, 0.665023316941548, 0.663586854513896, 0.672134615107939, 
0.670815785563916, 0.667340257564723, 0.665362030127496, 0.667675937959358, 
0.657745284004645, 0.668802511349033, 0.667104418732714, 0.677145415741132, 
0.670585813665818, 0.659006263601357, 0.670604315674447, 0.67127455343455, 
0.671594999529795, 0.673553737380899, 0.669253949981249, 0.667650157499527, 
0.669384082712625, 0.665091751346273, 0.677729992709839, 0.657849224809583, 
0.665363268336104, 0.666232210993733, 0.669343519334523, 0.669098551233882, 
0.678554888383657, 0.668468973520593, 0.676346566676004, 0.663352349993157, 
0.670751858619372, 0.669721137864314, 0.67049264744079, 0.672168008360846, 
0.664615673223068, 0.670521609305266, 0.667817012817741, 0.660121659797929, 
0.671304254986211, 0.669025414025497, 0.668520909549031, 0.666841315112453, 
0.67085587870293, 0.674516727437134, 0.667821707285865, 0.670895126973808, 
0.663367969118852, 0.672993344396233, 0.674319292299705, 0.66852068926824, 
0.676957672058458, 0.674120282112074, 0.673366243499535, 0.668296685294996, 
0.67329098602388, 0.673238002074769, 0.664205451265904, 0.66296212860557, 
0.670030134636356, 0.657132635160488, 0.671544278013133, 0.670343776251643, 
0.669019445844189, 0.672819343414856, 0.669009537845138, 0.667094310787625, 
0.6653850913416, 0.672782905326823, 0.668850764980106, 0.662538342676532, 
0.668382880117106, 0.67277001728502, 0.662927260747095, 0.669912358874685, 
0.665656410786337, 0.668655673179047, 0.670018109676156, 0.667900740228795, 
0.678587653545758, 0.672731183853114, 0.673120373632958, 0.673622472109644, 
0.665558220591907, 0.668991824769452, 0.66635048934511, 0.666082067166679, 
0.680145512254769, 0.668190939781277, 0.677205116928354, 0.662876631931202, 
0.671320287301257, 0.670298162558373, 0.672324669575765, 0.670519533499083, 
0.672069529374193, 0.667775145880917, 0.67324332903132, 0.672268432370006, 
0.670374622556138, 0.678060536849937, 0.667082978265396, 0.662463457906775, 
0.665922039718689, 0.667129400103352, 0.669619404336017, 0.673143107186151, 
0.672670769920063, 0.668319884467271, 0.672163049310129, 0.67439076105165, 
0.661485266586427, 0.674610781194055, 0.671758274485688, 0.672356366226742, 
0.66883053279169, 0.672961549566455, 0.672048932047748, 0.670682816114635, 
0.668095889272678, 0.666126745527201, 0.667973207473313, 0.672452612805118, 
0.677629519925867, 0.678243954304831, 0.66829683186433, 0.680243896313723, 
0.669764081411958, 0.659527091703479, 0.66299762571905, 0.676047792794835, 
0.669631796202395, 0.677478075234115, 0.671594984417739, 0.668411661267832, 
0.669461243349742, 0.670868912285235, 0.669840119292723, 0.667184112652518, 
0.672986920566062, 0.662768705087511, 0.672737186310233, 0.672652985736386, 
0.663883218903418, 0.669044409458554, 0.670039144371313, 0.672570225186544, 
0.676627304110988, 0.664619863039951, 0.671561796515485, 0.677014431924146, 
0.671928604197916, 0.670304961853953, 0.673189505624794, 0.671502833109505, 
0.667142452398638, 0.666131171092056, 0.667267981421444, 0.669134710850371, 
0.660998022644256, 0.6713011947619, 0.672457318159287, 0.6594363147257, 
0.669218187125533, 0.668839829414805, 0.664070362572232, 0.666012668840754, 
0.669879030032301, 0.672508715806085, 0.661259616123366, 0.670265787625758, 
0.67338156372215, 0.677245367147317, 0.66425003817367, 0.663276434063742, 
0.663022945201155, 0.671018366889868, 0.666364946347144, 0.667482925333278, 
0.664125958574802, 0.662550944048757, 0.672298387656973, 0.666930604548682, 
0.673096549203784, 0.658987333631287, 0.668908933068254, 0.672687105620427, 
0.662645994622076, 0.66531880989438, 0.680943501360656, 0.668069689238298, 
0.671974341836404, 0.671791272320153, 0.669881989873626, 0.671640827726269, 
0.672955849201849, 0.679428485476505, 0.666636189658742, 0.665019354439769, 
0.671650018468374, 0.669380685669285, 0.66520616406281, 0.668188130221648, 
0.672021922134203, 0.662155070850055, 0.672932321124935, 0.669393810708015, 
0.663565291444371, 0.667693390474932, 0.672779750725688, 0.66824787060231, 
0.672568963372473, 0.674309470298675, 0.672032993273353, 0.67240623491838, 
0.671642105450349, 0.667953539548736, 0.672269962280857, 0.669173479204201, 
0.668901553699353, 0.670486851364729, 0.664539084473718, 0.665507458136782, 
0.666354570154954, 0.663882867781333, 0.662803351628071, 0.664674915764265, 
0.656242592128677, 0.663756137728889, 0.672134217268084, 0.667335131888066, 
0.661757446146454, 0.672797222050719, 0.666179615194657, 0.662220532873292, 
0.668894779475536, 0.669953970184765, 0.676114376257793, 0.664554804226708, 
0.674645496284736, 0.674728697682718, 0.672775285440889, 0.662361270435627, 
0.675107034484269, 0.666996209508439, 0.67014439039445, 0.662285311468779, 
0.669880506385886, 0.668494604742859, 0.671578502205832, 0.671656838566366, 
0.666737415063439, 0.681997799181072, 0.669498213673331, 0.671680462836473, 
0.671380721384562, 0.66692807320944, 0.666807732194637, 0.654031193834336, 
0.671889589329878, 0.664019926474629, 0.671415536273533, 0.676426644014599, 
0.667430429901205, 0.66845640994601, 0.671071425606623, 0.673544579501672, 
0.671175429959941, 0.669800227855156, 0.672185004887042, 0.665211546416943, 
0.65895036524032, 0.66208497985095, 0.668745268043251, 0.670545593058634, 
0.665008851608899, 0.671448722732508, 0.669153740270372, 0.664148794244128, 
0.666565991945218, 0.674516229539506, 0.676645642438598, 0.670008464766037, 
0.671988748292691, 0.669367459527054, 0.665358122285696, 0.667799964589658, 
0.671476970635625, 0.678292991341906, 0.674677179929715, 0.668351013794826, 
0.66842417223697, 0.672809236258984, 0.661742208862788, 0.668897646974744, 
0.669499613017188, 0.667967600931089, 0.671660332946857, 0.67574822437017, 
0.669437601794591, 0.662167647181331, 0.663177279996573, 0.671101882350498, 
0.665050006337615, 0.672273839948622, 0.667145179417354, 0.669411988660268, 
0.668572213850935, 0.670901966806781, 0.66672056329853, 0.670525125203057, 
0.671920379505244, 0.673615111690598, 0.669564357345911, 0.67233473532947, 
0.668447412963464, 0.672270033831423, 0.669040830576159, 0.674481196424572, 
0.670950532806552, 0.67543725618064, 0.666736347929878, 0.669984861380023, 
0.667430788616988, 0.666138306155479, 0.666879516270583, 0.673535131984101, 
0.667782273222123, 0.673778409462867, 0.669308203666853, 0.663006347966603, 
0.670725568407764, 0.663688681156221, 0.670629356798529, 0.678853881255747, 
0.662542004702213, 0.670406814854066, 0.673195980835948, 0.666856380156854, 
0.665976191643048, 0.666113828417119, 0.669572681561753, 0.675399879906702, 
0.669352184475453, 0.676277411076378, 0.66901861370821, 0.672138887752047, 
0.668564777982182, 0.666069712086425, 0.668634292115362, 0.668847295145218, 
0.670784309151344, 0.667117635735218, 0.667997743333007, 0.668283608702381, 
0.659568745985089, 0.67208643718641, 0.668369491697599, 0.672886807900481, 
0.673018612187094, 0.657375436447559, 0.661964849456954, 0.677521315659356, 
0.671044897834115, 0.674158881737546, 0.666173576182557, 0.66610001375065, 
0.67376475501663, 0.669721076790805, 0.670303033576316, 0.668455215261007, 
0.665652521585913, 0.670174845223612, 0.66824610377545, 0.666950440124052, 
0.670459884884448, 0.666331923434624, 0.668202739573488, 0.678199037878042, 
0.673447918225199, 0.665396217228256, 0.665542522552862, 0.675482840817482, 
0.667273419689823, 0.669227806620423, 0.662072048428096, 0.667841939902901, 
0.666389720199591, 0.670505336046981, 0.664076434187797, 0.665122391591427, 
0.667807557971597, 0.655233394715118, 0.672446258088841, 0.663154293782127, 
0.664057085341825, 0.673810762314379, 0.669804166837176, 0.667528713221567, 
0.66841341401529, 0.675292301798589, 0.661508541756945, 0.667383599414426, 
0.671367616545364, 0.667449475819376, 0.674752256259279, 0.660602222395367, 
0.666659416843658, 0.669319635109688, 0.668263734964283, 0.671280284021175, 
0.674030372949221, 0.674290049830684, 0.66815162470711, 0.676326917869236, 
0.666791716251843, 0.669461150383398, 0.677329831540659, 0.661579273271387, 
0.660687651115411, 0.656005415887777, 0.673189227939411, 0.671645931880674, 
0.665472440665644, 0.67420816230016, 0.673262831294007, 0.657688307037038, 
0.672100895547875, 0.671891282487415, 0.671998759924102, 0.671575204625192, 
0.662279136868654, 0.671031159596296, 0.6659986307952, 0.667536190241719, 
0.672655274215956, 0.667905372193956, 0.673801238022629, 0.667410270500328, 
0.666759458469978, 0.669857029437938, 0.673664544007394, 0.667885627585147, 
0.67016761780375, 0.665465195332999, 0.66783449065463, 0.663516403006347, 
0.671898035774996, 0.669034837840332, 0.671250607809493, 0.668561746014597, 
0.668934658520207, 0.668500180393192, 0.670116231491275, 0.664597594219996, 
0.67468171386257, 0.670290086994578, 0.668693611583724, 0.669592725147832, 
0.67203642324408, 0.676290620323279, 0.671022135663824, 0.662479351551365, 
0.667631103461213, 0.67600843192803, 0.673651669053981, 0.668948325583638, 
0.671868330371419, 0.676062199950204, 0.670329705759014, 0.674530551968136, 
0.666979460807841, 0.666418613450834, 0.667699392931125, 0.669971208504912, 
0.670352379517835, 0.667834020439971, 0.674154093719182, 0.670985626065315, 
0.667912527678588, 0.672909513834158, 0.669252626231315, 0.670082547991593, 
0.671533115987296, 0.672993090743776, 0.675603909403402, 0.663943359942387, 
0.669243834566151, 0.666158484665696, 0.675267377476437, 0.674987014583763, 
0.665179966586507, 0.678807602271006, 0.673478253061211, 0.6689673218718, 
0.663849639941574, 0.658414913135045, 0.669213827406919, 0.666320128615158, 
0.664565672307352, 0.670841013378835, 0.666939244072791, 0.667769443660651, 
0.67427281895204, 0.668307646372775, 0.66770125307174, 0.675093640511211, 
0.668839220465416, 0.671504854664666, 0.670619922369486, 0.670830350490582, 
0.674097172903951, 0.673615109534529, 0.667807044094211, 0.678253446561703, 
0.666521898836789, 0.664507504913723, 0.673843682562904, 0.669317385755156, 
0.672093879176288, 0.66699561798968, 0.67178784861486, 0.671508829654087, 
0.664083521991328, 0.667410245342254, 0.673213835679144, 0.674574513055991, 
0.668106975709211, 0.661483797666535, 0.666595402765533, 0.670862484335566, 
0.674529320228994, 0.674259386959268, 0.666652529283516, 0.669364779149825, 
0.674805500411049, 0.670768507673451, 0.669997920324403, 0.67609929422956, 
0.665150746640247, 0.672588377499998, 0.665672063696272, 0.678203256078977, 
0.659432714884137, 0.678198063322474, 0.675368027055321, 0.672311970757305, 
0.667592470034259, 0.67357834824525, 0.674326494931712, 0.677315753911855, 
0.674206119295319, 0.67152369925952, 0.664856535735331, 0.672972359619159, 
0.65922913315927, 0.667957239874554, 0.667058162593639, 0.669807394937845, 
0.669449428630301, 0.677946951481899, 0.671911458653028, 0.674020903577843, 
0.665278999571659, 0.670338689913872, 0.655083726601911, 0.671784628364927, 
0.668262577368323, 0.672312735911146, 0.668810116313991, 0.666020021120949, 
0.669471827657649, 0.662491911131371, 0.671068715477105, 0.666873989585914, 
0.666160188723159, 0.667945333559389, 0.669219182680194, 0.673943183472572, 
0.668636349771776, 0.675965785610371, 0.664915839124624, 0.6650845131159, 
0.669539764103175, 0.665984222578231, 0.665647974201332, 0.672965954892271, 
0.666931817571195, 0.665986184944226, 0.671482687705496, 0.672443403066723, 
0.67459906026278, 0.667544681742199, 0.664886219740397, 0.67424697336843, 
0.668597780288059, 0.666829900688255, 0.661200871143837, 0.661570064440117, 
0.676057272470192, 0.674329364293092, 0.667103491951077, 0.67298838343783, 
0.67711140550809, 0.672757536870461, 0.673158172380858, 0.667842421647335, 
0.662641020762435, 0.666712155135374, 0.669106602329452, 0.671266401636176, 
0.668599799652251, 0.662594851383955, 0.669447101230276, 0.66881247737417, 
0.675908046559451, 0.667993964143046, 0.666247729847916, 0.670306474694569, 
0.670902808932918, 0.667759343675087, 0.6733100819047, 0.661799995766664, 
0.664570355916643, 0.670093866423332, 0.668054255634537, 0.677101942113327, 
0.668403476320906, 0.666081601155936, 0.673701947383597, 0.668246078491654, 
0.670442708749534, 0.66989632985347, 0.672222830763995, 0.674254329313884, 
0.659987448470719, 0.672892954426569, 0.666486796929663, 0.671390636101862, 
0.673382019595317, 0.670846414949004, 0.674192138626005, 0.671066818255988, 
0.661794460388211, 0.671134461632808, 0.673052233903901, 0.668344071459141, 
0.676734965569593, 0.675270243105377, 0.664973040738146, 0.662682753216653, 
0.675263657699819, 0.664439392152982, 0.671683758837988, 0.668490322220629, 
0.670726091901929, 0.670832908127068, 0.667960422255412, 0.670398450942351, 
0.670676729781213, 0.668789548606753, 0.665847966212639, 0.672923572934385, 
0.664692447416086, 0.669343298933735, 0.666382136063808, 0.677805531528379, 
0.677689998508626, 0.670891317566436, 0.67453749472208, 0.67241693704806, 
0.67008932355119, 0.673673406830658, 0.66770707565402, 0.675290811283606, 
0.667752784816321, 0.667905711146331, 0.669658217105483, 0.659840809667425, 
0.672219211720845, 0.666530905923979, 0.672666919114176, 0.671173295758451, 
0.677026725310881, 0.667618456698133, 0.669311430072184, 0.668688990809308, 
0.669140621915989, 0.6611071786749, 0.665469052353247, 0.676100339260101, 
0.677216185482596, 0.660887119572791, 0.673037497022829, 0.666908894238206, 
0.669080408343998, 0.664239081240454, 0.666132644597117, 0.66382953262419, 
0.665165729330994, 0.667770879823053, 0.672900385116195, 0.668662440235418, 
0.672529201178572, 0.67132687800534, 0.666075509065332, 0.671398370652333, 
0.664996485750208, 0.671154010115303, 0.672102177249651, 0.6685117201933, 
0.673096860650624, 0.663307535263113, 0.674873122365512, 0.678191183230216, 
0.668201703782751, 0.668033800977807, 0.668743811035707, 0.675174130661996, 
0.675538297734233, 0.675822756225491, 0.67660055679552, 0.667304182728713, 
0.673256691657148, 0.662677615776483, 0.669300499090884, 0.673151997541166, 
0.667929302504059, 0.674105158117671, 0.665605028037533, 0.664581914299732, 
0.674900550462578, 0.668561856268597, 0.67167597683055, 0.670136884800108, 
0.668502662457113, 0.67088587061758, 0.678672719647304, 0.6659388141985, 
0.667143285202101, 0.670042696851568, 0.676639285322685, 0.671219873519156, 
0.673538442519099, 0.668794000827679, 0.66801854869695, 0.668403285880799, 
0.665780427506239, 0.672550991794141, 0.667370081063844, 0.671447753397738, 
0.669567187032395, 0.669718642985365, 0.661291231368287, 0.662918892083579, 
0.671785018444915, 0.676591721184545, 0.663185132573924, 0.671189026291381, 
0.668527346769423, 0.667787897730115, 0.67520036266758, 0.675299701709696, 
0.659246970461678, 0.666133492029019, 0.671711479760375, 0.673962694333319, 
0.665042387264241, 0.670969666265406, 0.671403334181098, 0.661625265028949, 
0.674424843444266, 0.664220039543839, 0.674932931516388, 0.67754338885077, 
0.67180644245231, 0.6659431768852, 0.670977943514598, 0.664407056566705, 
0.67232896994867, 0.678233799068036, 0.659603395247, 0.673423161157379, 
0.673355685314591, 0.676426928691871, 0.665065054257317, 0.673686361144303, 
0.673707829062951, 0.668939974696115, 0.676809596999606, 0.666126518043246, 
0.673143883256264, 0.673987379342466, 0.670235107125855, 0.671289925226657, 
0.679139330496305, 0.670870226572333, 0.683129868897818, 0.668933058981827, 
0.674458397680694, 0.662925192206501, 0.678892154562887, 0.665319627751259, 
0.668462058710029, 0.673198740454727, 0.673660837939369, 0.670586946939195, 
0.669764911388639, 0.672163526978434, 0.66854519877891, 0.672542772947252, 
0.663869259262075, 0.668089754127384, 0.672699059296151, 0.672835662563115, 
0.670716861288907, 0.662733818346135, 0.66880512470931, 0.664598855858202, 
0.666010681108246, 0.665488679019804, 0.670194062171513, 0.673478218801027, 
0.664942393122653, 0.670337626740591, 0.669671020936854, 0.657073378903586, 
0.668016352604656, 0.667611042092055, 0.672301842795246, 0.670768821499998, 
0.674012484054193, 0.664511534824055, 0.67160195859665, 0.668171247525474, 
0.671358541259, 0.675884132916434, 0.671235828048861, 0.672290591779459, 
0.674231103818691, 0.672318220100723, 0.668029782901387, 0.673624807466505, 
0.682953387025842, 0.673985271981414, 0.669353988930492, 0.673017822380339, 
0.672204873291296, 0.666862468273604, 0.671219991813871, 0.667765835384698, 
0.668780329013155, 0.67471642217542, 0.671442207598051, 0.666379007488163, 
0.670746203506363, 0.666477525104123, 0.671089128076563, 0.670082213408523, 
0.667132584834134, 0.669629410110861, 0.664906011226811, 0.673044703710288, 
0.666100823660106, 0.676768214193516, 0.667757654601625, 0.672601148535221, 
0.663943672278578, 0.666740726596102, 0.676593405016858, 0.666591347812764, 
0.668429005868838, 0.663322949696284, 0.6694303691904, 0.675226040235541, 
0.669686950422787, 0.671388995503729, 0.671340084877301, 0.669180031585644, 
0.664987329873443, 0.671947109546853, 0.666365941827026, 0.6684047388132, 
0.669913962074907, 0.669011504814503, 0.675874717241733, 0.665850684079449, 
0.657641424021328, 0.663835795450416, 0.663390810437572, 0.665405358051914, 
0.679113892147239, 0.667752055198778, 0.670205876821156, 0.663464353877025, 
0.664840682723674, 0.666322583571882, 0.672369636839893, 0.675011807997502, 
0.66775074627585, 0.669454268014621, 0.671235024382323, 0.672934265931905, 
0.667755215011658, 0.669464477695223, 0.661331893093284, 0.674345446923072, 
0.66577478135212, 0.672627456986016, 0.66645084717766, 0.666189834269399, 
0.667443517620929, 0.664476014244893, 0.675774197861065, 0.667966682332858, 
0.667787467583129, 0.669477951855277, 0.668963635678062, 0.665389259399221, 
0.66269878752958, 0.66721054356929, 0.668453114061156, 0.670396674861812, 
0.661286860788847, 0.667008681280628, 0.676385645004612, 0.672168736514968, 
0.670002265183954, 0.671491195860485, 0.671378241788666, 0.675105724665512, 
0.671393694321647, 0.672207491985533, 0.672825172414741, 0.666056630739459, 
0.672804590145524, 0.673733846942842, 0.667326652128169, 0.670305240080228, 
0.672608253433829, 0.673082940246709, 0.671303716081822, 0.667673429681699, 
0.669028260582603, 0.665328173534729, 0.666188613929412, 0.669215323038427, 
0.674157570759393, 0.67647436503139, 0.664155561461436, 0.667711919006299, 
0.668707700384785, 0.67366792253079, 0.671770808407313, 0.670019812164276, 
0.66446088881395, 0.666181426630007, 0.669643484768244, 0.667090209454692, 
0.669870504776275, 0.665422359124037, 0.666133331266747, 0.67001225237565, 
0.675933699652908, 0.665917704865714, 0.67568486969747, 0.663328932028365, 
0.664028712506749, 0.661596098697388, 0.671038409622869, 0.675644842298074, 
0.665786290879972, 0.661260161612618, 0.666983219851332, 0.674353399565871, 
0.673696112902428, 0.658606243797611, 0.677168182190788, 0.666611467816439, 
0.673118735122441, 0.675475806525475, 0.668631357940959, 0.67543568625261, 
0.674416815529019, 0.663850863473888, 0.670404733184213, 0.666513613107941, 
0.668864851061848, 0.650836970875135, 0.667224132635192, 0.669598177513946, 
0.673337966044148, 0.671376463681834, 0.672183706340116, 0.662539278764645, 
0.675691021775068, 0.668479071454604, 0.66722306629697, 0.662042083841925, 
0.676092013360469, 0.672302214853776, 0.6795638213973, 0.66646142085912, 
0.671597129108096, 0.667560936842827, 0.66469789690941, 0.675093557261057, 
0.672738117243429, 0.670298627870771, 0.664136545415371, 0.670085872713101, 
0.676062804768675, 0.671873359185725, 0.667415898318576, 0.668357807385688, 
0.669551875348788, 0.661966528985538, 0.671729575814179, 0.670881678200212, 
0.669954343993884, 0.669025394520357, 0.671610792206517, 0.671543785860211, 
0.663146167989698, 0.669811886334704, 0.663429069045765, 0.670404335350882, 
0.668368809951029, 0.668489006032605, 0.668928600686761, 0.668075508206617, 
0.669085816326772, 0.669618566134976, 0.672256970225029, 0.669602250900711, 
0.672123851017397, 0.662822264614805, 0.676885543827898, 0.669186777465537, 
0.677438276830171, 0.667079814944776, 0.672160690944219, 0.667890949548235, 
0.67777558267572, 0.661803755052315, 0.66785163012016, 0.669512865823501, 
0.66424592358388, 0.663059658872317, 0.66780417738789, 0.665237100203488, 
0.674083599879787, 0.662640042737147, 0.667462487459438, 0.673529616102941, 
0.667588053583889, 0.673228814443592, 0.67263101341328, 0.666655637716409, 
0.676581515057918, 0.674974999224031, 0.670798062638851, 0.666559034946725, 
0.670627224161561, 0.665925240405559, 0.667359496434562, 0.666854714411315, 
0.664039506071109, 0.66214455147626, 0.671038735977972, 0.665255734677295, 
0.664508610445805, 0.671065744417864, 0.675381010514094, 0.667165922160298, 
0.667712522794963, 0.667784300918407, 0.663602771676246, 0.663276257626929, 
0.664955057510265, 0.665381991000746, 0.672703451299026, 0.667824587898186, 
0.663310411728843, 0.66291538267153, 0.678835024059635, 0.667885958341533, 
0.666771761667339, 0.669872355761092, 0.669218366827658, 0.671261229900712, 
0.674072732563354, 0.674631713127927, 0.665013416422841, 0.675552627844647, 
0.663856113176812, 0.674901041356135, 0.666160115427221, 0.674887757698809, 
0.674630050921143, 0.667413220470542, 0.662024475053214, 0.671208892893053, 
0.666662197183299, 0.668520357782314, 0.669330067048716, 0.671531407452284, 
0.665461239969496, 0.663533703345059, 0.669550966535332, 0.670456444449912, 
0.671895417707228, 0.668806277567897, 0.671785528440201, 0.672323133608301, 
0.67266793157995, 0.668033851101869, 0.674656223599402, 0.66381321648202, 
0.661973447362863, 0.665880755232329, 0.673305207743322, 0.671693816588968, 
0.671373990521229, 0.657373906279011, 0.665245729107685, 0.667166205823832, 
0.672103104095908, 0.669818397168349, 0.672928341200853, 0.674299204613672, 
0.667066975575579, 0.669381418014105, 0.669548119472765, 0.667073717009657, 
0.66677823965619, 0.664232317385885, 0.666086547546273, 0.670139961333426, 
0.67131876895384, 0.669081861554604, 0.66868020289638, 0.674373206057596, 
0.670619829458046, 0.674059099695117, 0.670960636636881, 0.668926437421056, 
0.670758909915294, 0.670861933743875, 0.673040212930147, 0.670876165992887, 
0.665875515541087, 0.664676911386485, 0.669533532060081, 0.66501508248349, 
0.67265236323107, 0.67216658133122, 0.676451062457263, 0.667507521168612, 
0.672189523668262, 0.673317455994182, 0.66996726851569, 0.666689349777326, 
0.667615082301047, 0.671888569838975, 0.674079860454259, 0.66970187544842, 
0.673715393310424, 0.666936512321642, 0.672432858770111, 0.666616138435545, 
0.667070396741279, 0.674863059445755, 0.671233696387478, 0.667553024934089, 
0.671455845159486, 0.670505620683403, 0.672901678051419, 0.667143582620645, 
0.674542521920208, 0.672645266358899, 0.675508723472674, 0.670683107216395, 
0.66421129100954, 0.675257460020718, 0.671707303451393, 0.670112284705307, 
0.667646338750255, 0.668969715823562, 0.662467642977703, 0.674352900097679, 
0.666587996232878, 0.665868418818034, 0.670713120313555, 0.666445120453015, 
0.659674783363556, 0.67011504004317, 0.668452265103272, 0.668066530695497, 
0.668018109060507, 0.678058104470621, 0.675201985602494, 0.678633591360192, 
0.678086110923481, 0.666181393293127, 0.675905383037972, 0.67078984873656, 
0.668802887814548, 0.67132613640198, 0.662424550530394, 0.667672291713317, 
0.679352169324945, 0.66829237178535, 0.673200863542843, 0.670047259224359, 
0.668960808910824, 0.671460973232234, 0.665412938003615, 0.670840910469938, 
0.667927633407927, 0.668427526823165, 0.667687637172854, 0.664686119585204, 
0.664119764457853, 0.672879993731575, 0.664891318807883, 0.668483314847642, 
0.666332964810213, 0.671411745809004, 0.67154809850023, 0.669016428431983, 
0.670170130041493, 0.665248803712264, 0.668760294545241, 0.668226939816977, 
0.673317293944374, 0.669609952315642, 0.676781051631465, 0.674883167508314, 
0.669624475120128, 0.666429532147867, 0.67611133147157, 0.669903866648546, 
0.669045314856283, 0.66868599386189, 0.662523331720853, 0.663589866020699, 
0.677397885785638, 0.665639135708783, 0.66601824025712, 0.667620968578444, 
0.667771413507561, 0.663136958987863, 0.675814163810638, 0.676890053158828, 
0.660793087750848, 0.664946444864392, 0.661607602694958, 0.665175842103631, 
0.667842553525127, 0.666969840079357, 0.667623580493557, 0.677645382990883, 
0.666765683446687, 0.66474946080871, 0.668154263920135, 0.664346875030048, 
0.669930004692735, 0.662166233499586, 0.670352698063053, 0.663005067132856, 
0.667525147924315, 0.671494197755393, 0.669411224668351, 0.666380924150184, 
0.668584375676818, 0.674883124302016, 0.670707458966767, 0.672491430802159, 
0.66086643242355, 0.670601820047179, 0.669864281866354, 0.667619386302388, 
0.666861661117199, 0.669037670354781, 0.661998512553036, 0.672215660645029, 
0.67160698224142, 0.672724115465226, 0.675011534284023, 0.669540989484924, 
0.674114144511701, 0.671494612903551, 0.67157063424724, 0.670881261606598, 
0.673791551599326, 0.671404484886274, 0.67099493898987, 0.670816245899664, 
0.667405463462666, 0.669542245265626, 0.67218355829049, 0.667850254248102, 
0.668538289154877, 0.658596232549394, 0.668288029885976, 0.666698899605591, 
0.667485719797256, 0.661221022382191, 0.668129986530789, 0.671352215869054, 
0.666168497709032, 0.664224281224755, 0.6738777744567, 0.66657047243703, 
0.663824722680473, 0.672503410401742, 0.671626997040994, 0.67150712706422, 
0.676590907164771, 0.665458351469427, 0.669374540607177, 0.668062306690016, 
0.674581328541318, 0.66161892637453, 0.665488193452572, 0.676870618545718, 
0.677931454002575, 0.671832945893684, 0.669833615236282, 0.670147087466521, 
0.67452107618642, 0.661676926864836, 0.67100742831694, 0.671775510041718, 
0.669380073030037, 0.671714488078496, 0.671025004913448, 0.666687975745995, 
0.66769294438519, 0.669187428865219, 0.677679119319686, 0.671638684485838, 
0.666958380492981, 0.676374511320776, 0.671880165195954, 0.675183407295496, 
0.661410338875391, 0.67369539707773, 0.667238633972323, 0.683062958390954, 
0.674886573741791, 0.671600381134874, 0.672852485708459, 0.669147691185082, 
0.667146141841437, 0.663850911167745, 0.670811260368192, 0.673921614109193, 
0.672039077373679, 0.671579279539225, 0.67622629958675, 0.669392030863904, 
0.667122268903719, 0.671583145722716, 0.663024817651895, 0.672938808734168, 
0.666400151025345, 0.670663260669553, 0.676881960631166, 0.66351623765743, 
0.667491023275374, 0.670215366154425, 0.672937743546029, 0.667881993324072, 
0.672570377148444, 0.673527253329894, 0.671004096232226, 0.66162975804386, 
0.671658176687546, 0.672467209935782, 0.664712014186361, 0.671058881532293, 
0.67452525577154, 0.669305211741513, 0.67362891198501, 0.670070844003354, 
0.675316012175739, 0.673223286128216, 0.675311083501634, 0.672008031640839, 
0.665173096575087, 0.683149789863315, 0.666001414314707, 0.667844184390647, 
0.67286419432673, 0.665828806475154, 0.672068078363883, 0.674269594871, 
0.670156521477341, 0.659261082989112, 0.667597586448313, 0.667473346521876, 
0.668794176255716, 0.672959166529636, 0.661536228382509, 0.666249614007379, 
0.66513025760695, 0.668287335510739, 0.68018084690299, 0.67183419128207, 
0.667434131188992, 0.653465837610351, 0.662593331255784, 0.672495597291793, 
0.673776457161828, 0.667222276283136, 0.668100030510714, 0.663907199901004, 
0.669801850725527, 0.674969373237838, 0.668578272075209, 0.663237868320946, 
0.671180452847435, 0.675786834789152, 0.668806714157342, 0.666788093600516, 
0.673865548043497, 0.66547672772739, 0.671287033141475, 0.670279053613559, 
0.666100914228314, 0.660502915710025, 0.675776504640523, 0.660510621401125, 
0.673106980048749, 0.673488340147273, 0.669920809723715, 0.669459977504601, 
0.673350172293325, 0.670228580504454, 0.673521846110052, 0.672660116531928, 
0.66687794064417, 0.672382765188715, 0.66865308238137, 0.673776087659494, 
0.671275685606008, 0.669959742550117, 0.66789988460665, 0.66402916490041, 
0.673056473623852, 0.677210354202682, 0.67245416812606, 0.672367366399008, 
0.676570705026029, 0.672892253803819, 0.673620854530334, 0.673061540405468, 
0.667540905564188, 0.668537319920792, 0.663460959807319, 0.673070964625821, 
0.666560892540776, 0.670361461989601, 0.671819303873337, 0.672325496468237, 
0.666453917092525, 0.673514644613856, 0.668447992220139, 0.669787555303936, 
0.662006328511779, 0.671898954380718, 0.660757716176136, 0.672122312749774, 
0.671367088450443, 0.670422587912896, 0.671242223546146, 0.67328079410276, 
0.675377565981243, 0.668180288935406, 0.674088270575102, 0.671389578094565, 
0.673962755154679, 0.669198410726643, 0.669561131832829, 0.667622879729338, 
0.665035613213887, 0.672451632812788, 0.66783801499989, 0.661287023399413, 
0.665793932837027, 0.671715853581507, 0.671532186769259, 0.669330385742357, 
0.670076026540139, 0.674848230867919, 0.673870975851293, 0.669891133945337, 
0.672293503014775, 0.669923139634003, 0.670130722854425, 0.664254590180629, 
0.664765253158133, 0.674957457212685, 0.672240365165824, 0.673427372150183, 
0.664107497412251, 0.673714645297408, 0.666202421628877, 0.66541845209721, 
0.670923454302809, 0.671920428969722, 0.665576433989716, 0.675637437215928, 
0.66709657526542, 0.67562314047967, 0.670632651125295, 0.666796338350161, 
0.661509078810066, 0.666597750647429, 0.668037238466018, 0.668087284663373, 
0.668808735089549, 0.667163011681283, 0.674184359122605, 0.664504627487739, 
0.674157183050324, 0.675923955215438, 0.669762223502817, 0.667730746521891, 
0.667618525862015, 0.667875920342946, 0.666119672870533, 0.671823491703324, 
0.672213831184414, 0.670780105914741, 0.673605304777701, 0.666622686527404, 
0.663368950164073, 0.672459515790558, 0.664375151174312, 0.670535312171268, 
0.667847714420724, 0.668615278721401, 0.670033449514408, 0.666548552037442, 
0.670690918056051, 0.675717090950782, 0.675579628892642, 0.67036687743441, 
0.670724241916038, 0.666939815185858, 0.668950501239441, 0.670182276835882, 
0.665816616603592, 0.665428587397514, 0.668018946884752, 0.670485593893432, 
0.677416427377245, 0.671013503960297, 0.666322307229115, 0.665101942476355, 
0.667342995110318, 0.671867007242434, 0.667348105618146, 0.663831371435293, 
0.678438366735309, 0.66848155612027, 0.669460796392016, 0.671435705783374, 
0.67204256766712, 0.664665063024624, 0.670216807112923, 0.667667113164334, 
0.67804585968903, 0.675035339969049, 0.668543713627099, 0.670918542896499, 
0.663111623520822, 0.670424906276161, 0.673683297819485, 0.671845800461147, 
0.668889588290624, 0.672974062542641, 0.665223750317219, 0.671705277451472, 
0.669035414460913, 0.663187545176116, 0.665535542115671, 0.667104013290963, 
0.672579606108875, 0.665958401401862, 0.665784136419338, 0.671959283449554, 
0.667611473390401, 0.664419705786894, 0.672085680748641, 0.672965965605336, 
0.669312072701003, 0.671927334988736, 0.668210163475437, 0.673429897185516, 
0.671005306993107, 0.673073673595489, 0.670495058872467, 0.667605500928459, 
0.672107265622471, 0.666906830636229, 0.672851056845014, 0.668823331042945, 
0.666774799397231, 0.667600205315947, 0.668812115234645, 0.67623646631533, 
0.664804366613086, 0.667241519196273, 0.675054748018045, 0.673926449031975, 
0.663431609348061, 0.669924700420732, 0.664486328227128, 0.667297008607294, 
0.67242339922302, 0.67628856409641, 0.66838633841995, 0.672269312860502, 
0.667962822085362, 0.670059362848076, 0.668301782212526, 0.668044041301036, 
0.671755825088923, 0.673558648300104, 0.669175976932189, 0.670933036640061, 
0.663204814564474, 0.669020348578737, 0.666207974484895, 0.673376745478124, 
0.668154202476065, 0.66960813346149, 0.669252589623695, 0.668567544699164, 
0.661981252444124, 0.665608277364287, 0.654414845666807, 0.672524778960805, 
0.671883538527425, 0.669568510227016, 0.666990676866922, 0.673066929023366, 
0.656964312452413, 0.674843401866724, 0.665671109123656, 0.663022812794773, 
0.664212088333057, 0.675655762904019, 0.667669119564841, 0.667139564135363, 
0.674540489067469, 0.666921909163831, 0.670306924781056, 0.680564968261704, 
0.674061038727342, 0.673828858090462, 0.669934894914451, 0.663995736250965, 
0.675517813520544, 0.673002589820078, 0.6724419611945, 0.665950529649284, 
0.661829711328398, 0.671053655645852, 0.677382448377861, 0.671540528856556, 
0.671750873561995, 0.669903466715703, 0.66917658484115, 0.663569265987061, 
0.667748048589845, 0.670417190201592, 0.668647581545024, 0.665245802841895, 
0.66124851366269, 0.675161230147406, 0.671588900678712, 0.667646277505101, 
0.675301866965783, 0.671749334410794, 0.667563794050342, 0.665993965694499, 
0.66808663460821, 0.666234416533237, 0.672184038940449, 0.664171837753712, 
0.670382100379253, 0.664629699903469, 0.669281922400298, 0.668726399261845, 
0.669899829259244, 0.675646378588719, 0.670709332432564, 0.672150515912113, 
0.672468142033849, 0.673968649451205, 0.671639821726701, 0.665136655428421, 
0.672958431494226, 0.669474615929527, 0.663088534356986, 0.668463471209084, 
0.666152297431252, 0.671881001926432, 0.669750556100857, 0.676789679410994, 
0.670980311909843, 0.666849192042418, 0.662485132181488, 0.674175740684749, 
0.665979116800597, 0.667114978621065, 0.669104544535352, 0.670777682712463, 
0.674866852028475, 0.667290319502882, 0.66790002031125, 0.66904829640446, 
0.671839136880133, 0.66219299022289, 0.66456917961151, 0.678587356254332, 
0.671215469211934, 0.673918986326887, 0.669565270184405, 0.673502496913318, 
0.671609317736012, 0.676379212088478, 0.662739074950272, 0.67103884476586, 
0.671897248888218, 0.662647272709257, 0.662358165963084, 0.665340539613616, 
0.670484474051658, 0.672807509790566, 0.673176749948075, 0.670921932223097, 
0.671473306264373, 0.664580994230984, 0.668057312712836, 0.664797421448062, 
0.670464570508941, 0.670086297837908, 0.670039083079562, 0.665026538097958, 
0.675440918777848, 0.662470645755994, 0.674610827009002, 0.674333043222472, 
0.667455316531886, 0.672997172579169, 0.66747014654207, 0.66588353655921, 
0.673887763863631, 0.667559264123696, 0.671766105147591, 0.665795745618547, 
0.672152305730629, 0.665164256874279, 0.673903519998326, 0.671872067202384, 
0.667683527972718, 0.668169588353727, 0.667175625797948, 0.673566761355392, 
0.677526549135598, 0.675248743428712, 0.662410968274195, 0.660657066792147, 
0.669972176102866, 0.660358927571665, 0.67236421375409, 0.666419946513066, 
0.665642743491121, 0.671513035731017, 0.665721660873862, 0.669005229385503, 
0.664947149013812, 0.665972468461798, 0.668131417836499, 0.673080111027478, 
0.67702062868165, 0.662946133623256, 0.674496844466536, 0.667981504100772, 
0.665179469268126, 0.671151608479174, 0.675872094478673, 0.675440233207401, 
0.673208771884003, 0.670681952716637, 0.673493972829546, 0.667281451934045, 
0.661203519050348, 0.66278107788481, 0.667908619875204, 0.665584583294733, 
0.664109026274078, 0.676522569904879, 0.674845085294511, 0.66876886990164, 
0.67070897696663, 0.671348415697241, 0.676601669731326, 0.670660060240606, 
0.668210157707075, 0.664370796303226, 0.663850436566279, 0.671970725265544, 
0.668165690946793, 0.674391118665687, 0.664256387749658, 0.671753362484582, 
0.667627601454392, 0.674004668621255, 0.67048434128174, 0.66754430337053, 
0.673533249461721, 0.672055495342487, 0.673016897832537, 0.670926982367978, 
0.672284105613046, 0.671271540256575, 0.668984837143545, 0.672395888882266, 
0.677167709784765, 0.662975371903103, 0.672068509272582, 0.670241546471446, 
0.66701504322691, 0.670150455697746, 0.671031741547403, 0.671806976724478, 
0.669632903827488, 0.672681722561874, 0.672756959841111, 0.673213329848, 
0.669688794329542, 0.666529864808444, 0.672235844705806, 0.67245281093799, 
0.669002653989798, 0.664812653184345, 0.669022690774671, 0.661758580824059, 
0.672810186208433, 0.669089226636617, 0.669552293412291, 0.669687740529754, 
0.672537701087898, 0.67255337495811, 0.670451330478127, 0.664371355520001, 
0.671001834611398, 0.665536549198497, 0.668282515469504, 0.663161765614676, 
0.676700387605389, 0.668343942791679, 0.671492379476238, 0.673635588030232, 
0.665844110084677, 0.670440730119205, 0.664762900225029, 0.66647245764921, 
0.664289314406803, 0.671774642230063, 0.666347503911077, 0.667100304941307, 
0.669201767365309, 0.671910493586037, 0.667367783866532, 0.673911102588865, 
0.673662579103148, 0.666193356429319, 0.675763718319339, 0.671327543721156, 
0.668583839864554, 0.673612688534869, 0.673298114596952, 0.669580556634225, 
0.673090773152826, 0.678925082926368, 0.676030688777646, 0.668978004169497, 
0.666405101851528, 0.674782322393672, 0.665062326345162, 0.665103914100522, 
0.665326489301891, 0.674389240332568, 0.669756459941152, 0.67063535421055, 
0.675361691328644, 0.662113692719478, 0.674049046433937, 0.676884065034062, 
0.674793456301915, 0.676150366263261, 0.674032866296546, 0.670818646249045, 
0.672700041252317, 0.668816221477812, 0.672223853432213, 0.670164131613884, 
0.667228207086188, 0.667840503640412, 0.665959075002301, 0.671716884510335, 
0.677922393728589, 0.673055504039524, 0.666951422934187, 0.664696371035072, 
0.670870310550004, 0.671926256390598, 0.667458747937485, 0.669425335692475, 
0.664371736552781, 0.674658271918607, 0.665847059139494, 0.669655932560722, 
0.674519318682099, 0.670853572130356, 0.669454220581095, 0.670976451971617, 
0.671627142896324, 0.667240681168838, 0.678684802833522, 0.661304805357213, 
0.663723287514856, 0.669802128448788, 0.674464027662561, 0.667792845376489, 
0.6605799938459, 0.675711473553133, 0.67180185983621, 0.667131639706183, 
0.665453148381606, 0.660398043328252, 0.678233160369319, 0.661323657144795, 
0.671013601747005, 0.659158998655807, 0.674030898251151, 0.668871825878904, 
0.665581652382951, 0.669328570492588, 0.667594821885725, 0.672860790167582, 
0.673471027567114, 0.661341654487813, 0.67394196591446, 0.672463936145897, 
0.669993757616027, 0.667594450396598, 0.674307581428386, 0.668898822548078, 
0.668634755874067, 0.674758015948731, 0.658461771773672, 0.674677028881722, 
0.668564225579186, 0.675502089360489, 0.672706651801778, 0.678031965526151, 
0.668152699323754, 0.673049285275312, 0.668554675636647, 0.672996214086092, 
0.672006880202872, 0.670404226739515, 0.670228015617729, 0.66344666624753, 
0.670643835984532, 0.669409002900194, 0.669121446487208, 0.668908126413644, 
0.670015490144739, 0.667585287254494, 0.675542891583281, 0.672144857797714, 
0.672344789048547, 0.668543443527481, 0.66302254009441, 0.668453670853045, 
0.669884228862246, 0.671876617220225, 0.668738878222317, 0.669397852071497, 
0.669454278627212, 0.670156877295053, 0.670332230500711, 0.666432187658831, 
0.662278116836932, 0.661891674094896, 0.66214911163787, 0.676321971454443, 
0.673897923563575, 0.670374717583346, 0.664882058412072, 0.668225629240558, 
0.672631948212572, 0.666738248806164, 0.673620874939836, 0.672479377346524, 
0.671191965855077, 0.681260033658135, 0.664474325581039, 0.674032093391337, 
0.675171841913828, 0.65675478072069, 0.672254208211609, 0.671840869981237, 
0.668835771408027, 0.666416448994395, 0.661565069464208, 0.66279497331195, 
0.669118012359188, 0.668910894644455, 0.669225113066241, 0.67682178720645, 
0.67080097110061, 0.662356285844324, 0.665525159159566, 0.668797004086524, 
0.671684896013548, 0.669219180966919, 0.678121586628829, 0.676953867605795, 
0.67489472960202, 0.670833770588301, 0.665502957458163, 0.667038662683552, 
0.673693777579263, 0.671473591997245, 0.666414616035081, 0.668976202367439, 
0.667472874383552, 0.674811654714245, 0.667692497716804, 0.671633781748663, 
0.670953238781002, 0.670587050660301, 0.673116329883746, 0.676743337837905, 
0.673555273669942, 0.673273916255312, 0.668597303493004, 0.666162962742899, 
0.662589343153315, 0.672931338313755, 0.664822193944278, 0.671396234483755, 
0.671987013428456, 0.669471532756774, 0.668570851132199, 0.664865378080915, 
0.677605829639291, 0.673565134908876, 0.668711538243983, 0.674038328411129, 
0.6768668903051, 0.662629048660649, 0.671969400062186, 0.671330817601837, 
0.671512524721931, 0.670683867937682, 0.665708457019786, 0.663973503666475, 
0.658551411342427, 0.668151384753125, 0.671322289862444, 0.668527881355505, 
0.666072896681824, 0.679024343483608, 0.66098797497121, 0.677290794802644, 
0.66837143782404, 0.67261556928557, 0.676347128065206, 0.674027363671559, 
0.668855862981331, 0.669263413365703, 0.675357652936201, 0.662069296823967, 
0.665705950137093, 0.670917610265816, 0.662537430500529, 0.666144496288938, 
0.673270790165639, 0.672502089071252, 0.669027048968914, 0.662779196896732, 
0.666783154258804, 0.670337089745293, 0.671088431853477, 0.668199135838441, 
0.664323346720211, 0.670967494104012, 0.668255991562483, 0.667368427488813, 
0.665876014739691, 0.670495780115757, 0.672304499539035, 0.662580099732012, 
0.670025669767074, 0.668952916484357, 0.674427963736644, 0.671139123615712, 
0.671958454302216, 0.666455590415331, 0.666740691688052, 0.670007224634572, 
0.662705919934064, 0.674621983542928, 0.674148097675566, 0.674650008029731, 
0.668722142681051, 0.667636664241897, 0.672962931808218, 0.668869911686435, 
0.673346215573745, 0.669698980030582, 0.663348484065026, 0.671882778384698, 
0.677344937898725, 0.66259381820421, 0.67108809112155, 0.672957124812341, 
0.673545374385967, 0.670637314836468, 0.669053198714944, 0.66928440752001, 
0.671873653543137, 0.66842169056684, 0.664515444633315, 0.664959493270402, 
0.662981751466498, 0.669348308939357, 0.664672824272694, 0.668861490255758, 
0.663866019187017, 0.666056434553521, 0.67441063423788, 0.676042175001906, 
0.665932183053434, 0.672074191846136, 0.67435830215588, 0.66845968242606, 
0.670908521839439, 0.665589807970595, 0.664336231157179, 0.675737506701207, 
0.669630009341194, 0.671690364779437, 0.665854008218451, 0.660124031410441, 
0.665044656655531, 0.670993756524312, 0.666596421295745, 0.678078074728497, 
0.677115123754275, 0.66764548044359, 0.674756731451229, 0.663990945860617, 
0.67390647153887, 0.6677503077226, 0.669137093581872, 0.66914545364647, 
0.665922418472181, 0.657029740620582, 0.673421638459088, 0.661935136644676, 
0.668803193045293, 0.665880275757054, 0.665433067627417, 0.661509830007517, 
0.669496633642316, 0.663076492888312, 0.671902552009165, 0.680822892906689, 
0.675982977775325, 0.675415659161579, 0.672219403643321, 0.671058949002671, 
0.670751161392255, 0.675202986708853, 0.664758146922331, 0.668717428276387, 
0.667123501030594, 0.676332235131818, 0.667489201639142, 0.671296086538456, 
0.672588318415653, 0.668088731246002, 0.668912553686907, 0.667433878830542, 
0.656235630602946, 0.673968686261448, 0.672367644623581, 0.675281804462306, 
0.676408891604846, 0.671531145572679, 0.667865670514827, 0.661842239005841, 
0.667108939406487, 0.66256973460144, 0.666535161217444, 0.67131820906462, 
0.667954136595794, 0.667950053745756, 0.675144493370201, 0.673152566000282, 
0.668292790577184, 0.664830417800345, 0.667925917678559, 0.670009635067868, 
0.669486760844634, 0.672960417497486, 0.667114905286131, 0.667154048104387, 
0.670894244362378, 0.670878741116836, 0.669265329113198, 0.67019958604235, 
0.66091622494783, 0.664486091834635, 0.668753221960651, 0.668638377372986, 
0.673640526305514, 0.669359913787755, 0.661709489742978, 0.667795394718885, 
0.665664857287677, 0.672135275313193, 0.671296252070751, 0.663723112530467, 
0.671454673338568, 0.65802474100895, 0.658494447375496, 0.676604692168676, 
0.672119558645307, 0.665405058725639, 0.67215633938737, 0.659951522178855, 
0.675744464118121, 0.670969260173184, 0.67646854407583, 0.66604138741831, 
0.667980904517988, 0.675185374969224, 0.667433595217574, 0.668515896013828, 
0.67180644948733, 0.672999101606491, 0.669138576927774, 0.676960091202893, 
0.67080401518749, 0.670996981622472, 0.664449398503857, 0.675892473232181, 
0.674361978789012, 0.667986584923757, 0.667017385122348, 0.671510082688284, 
0.675044207356847, 0.671709758979666, 0.675666909740167, 0.670942191980492, 
0.674075886412513, 0.665227971384742, 0.667035706952502, 0.668189235147304, 
0.669310720891779, 0.66790017443407, 0.678099112592835, 0.671697687613616, 
0.671231980298205, 0.674632481311925, 0.661975242291636, 0.666829646720385, 
0.671013416533505, 0.66789728890888, 0.668262635486598, 0.661701754060612, 
0.672385334988258, 0.663203086078757, 0.676223176899949, 0.66404562270735, 
0.669072973784153, 0.674440527688771, 0.667489149252088, 0.669622967550039, 
0.665251346120343, 0.664348927717611, 0.675835639104419, 0.667556156572154, 
0.671361123826918, 0.670215843698325, 0.671188064837866, 0.674746981119406, 
0.670622742356825, 0.671126516598268, 0.670611587009857, 0.669795320617763, 
0.668396355266734, 0.66601942157466, 0.670297689255351, 0.667419358923832, 
0.672685089531735, 0.666363991048048, 0.66366776746245, 0.663586217098634, 
0.668541058896622, 0.672335500393485, 0.670478639269833, 0.670502408748472, 
0.665755878813774, 0.661963523605524, 0.666417252308897, 0.671552110491436, 
0.657900128678796, 0.671526829875476, 0.675508591845714, 0.667280320450163, 
0.671223585267873, 0.666487704658632, 0.665006194342031, 0.672751707909215, 
0.666785422800615, 0.672248167447951, 0.671652543079951, 0.67331553258689, 
0.668625720471021, 0.672341418071563, 0.659500325659997, 0.667897074913993, 
0.674962432886499, 0.672826934203506, 0.673424838662725, 0.676239348406479, 
0.675174485840217, 0.669041723590928, 0.674190961777248, 0.664430873278185, 
0.676564781578303, 0.662232795585888, 0.670793604616414, 0.671672462362942, 
0.67636163495282, 0.667940432176649, 0.673387911981386, 0.667675489754556, 
0.672851018655266, 0.666780509482019, 0.672637726340951, 0.661960625110208, 
0.667354211471232, 0.676621179903467, 0.675289351583744, 0.671152212747619, 
0.665543983074132, 0.671871981274414, 0.664647691578846, 0.669006811336433, 
0.662531338124248, 0.668038069039154, 0.66805554404468, 0.672096322285512, 
0.670475308745604, 0.67096142134766, 0.665362318020535, 0.670178384801499, 
0.657892821989638, 0.668268751104931, 0.673979909946304, 0.671883989593045, 
0.666180569525058, 0.675216967914862, 0.671073356237396, 0.669839371025511, 
0.669855104022523, 0.667096855767449, 0.66695251641046, 0.675784576018897, 
0.6714201708088, 0.676874142150887, 0.67011553859899, 0.667552233014291, 
0.673078744661703, 0.666292710203818, 0.66824014766961, 0.671567852442612, 
0.669905744423876, 0.667529673660197, 0.671583396713797, 0.675311371275146, 
0.656179688840074, 0.673709345222608, 0.673339524217477, 0.670048271768422, 
0.672386189835866, 0.667935368575715, 0.673684166862175, 0.670093187065509, 
0.675610122075401, 0.672123999259337, 0.672668152322386, 0.670375625019139, 
0.666572829198044, 0.669654973472388, 0.665353852209599, 0.667035958300804, 
0.673113283722534, 0.66879749246137, 0.669892858429251, 0.670578783873717, 
0.674104060796043, 0.665673291443321, 0.665441756588749, 0.655933046017161, 
0.672989151089934, 0.675359433366923, 0.665196157720987, 0.6721258932309, 
0.673109093756823, 0.66770434977512, 0.669552854184704, 0.663837226932988, 
0.673495142022639, 0.662258934261848, 0.67771957969141, 0.668158012800303, 
0.663512691420023, 0.667537042399315, 0.670220090824087, 0.666876606990532, 
0.672859240612094, 0.675316599007586, 0.664344637732348, 0.668185688316843, 
0.667704113629966, 0.66021970196778, 0.671683173519362, 0.671470368220755, 
0.672732086696672, 0.662396462249368, 0.661710030293357, 0.670188443091676, 
0.67156769118723, 0.675033836631243, 0.674433339085197, 0.670867562000882, 
0.670546744315132, 0.670708633798398, 0.66697088792328, 0.670199234488438, 
0.666573242082403, 0.665311197950057, 0.674786138066032, 0.67336505941546, 
0.667487027706098, 0.674187105060087, 0.677751943953696, 0.671613994762777, 
0.670497401600354, 0.670856429196701, 0.673329860762182, 0.673060793466253, 
0.671532841690182, 0.672625690742448, 0.671353574624005, 0.671706603455756, 
0.659237904698959, 0.671259293378063, 0.672973298425079, 0.662563904364479, 
0.670376282106525, 0.663890183553932, 0.66916372610255, 0.669952387715105, 
0.66978045511193, 0.665022348308681, 0.673926310766548, 0.664214236402468, 
0.673273188457004, 0.671094270872395, 0.672235204351074, 0.670607216945825, 
0.664546768983087, 0.671809725656062, 0.671469763869462, 0.664828655592643, 
0.671707595094469, 0.676126694235007, 0.667359771526488, 0.664126792116737, 
0.670856957922074, 0.66890426973741, 0.664593042073928, 0.661671129184295, 
0.674108065038516, 0.672068846169999, 0.671686900740176, 0.671151686086732, 
0.667476548120198, 0.670536755163565, 0.673273792942242, 0.668843252897351, 
0.662494509812044, 0.675587060741018, 0.663331094428162, 0.66412202788231, 
0.666238615104078, 0.675685110322765, 0.669353296821295, 0.673366840052356, 
0.669566128437316, 0.672750561685374, 0.664545345070153, 0.670267477388148, 
0.660401388811996, 0.663210919880528, 0.676777429542068, 0.671778515822589, 
0.669626799191046, 0.669379083600289, 0.669381664421468, 0.665658008417798, 
0.670012348505202, 0.666838348148902, 0.672593880346438, 0.670601404370671, 
0.669546851589341, 0.674998739671145, 0.671629209158998, 0.667520036064059, 
0.676822889777676, 0.664691152355063, 0.671466126504175, 0.670200618831573, 
0.666301444634048, 0.671134510684346, 0.660887294336848, 0.669989560975096, 
0.670876000179889, 0.672674879906129, 0.667899581672168, 0.656850743407177, 
0.66905675538516, 0.668390705108553, 0.672014998617611, 0.675466507281848, 
0.665053371224752, 0.668274817835059, 0.669292044617672, 0.675381033520482, 
0.672997905795471, 0.660477389229972, 0.669900804889491, 0.667361528751916, 
0.67388709142516, 0.661910027766557, 0.669532693511118, 0.670579317184447, 
0.667361313791759, 0.670084193681022, 0.672478299361418, 0.667350312666011, 
0.673212807701506, 0.667794382227343, 0.665366563964477, 0.67287405996746, 
0.678090188952162, 0.669314580872228, 0.674513591002726, 0.674173977143785, 
0.671795154354109, 0.675013944799613, 0.673489037639783, 0.674838606602647, 
0.679108210615085, 0.671037728206344, 0.669766209427548, 0.673408369163669, 
0.673694413772768, 0.675021916944495, 0.673347584618658, 0.673308383815931, 
0.67360342009811, 0.666186853826651, 0.669362046769952, 0.670552793218034, 
0.663752699588531, 0.662387301360139, 0.66719463184162, 0.666772487715129, 
0.671291018581217, 0.671091525320011, 0.670261919542448, 0.65977393375674, 
0.669783799969664, 0.663412141338235, 0.676063907341104, 0.669291794092083, 
0.670622913855145, 0.664833402878662, 0.666496271579306, 0.66688887684739, 
0.664330010448913, 0.670973958843643, 0.66646666452565, 0.671089969534743, 
0.659642035406406, 0.673225751811137, 0.669201746219345, 0.676402642665752, 
0.668521082598367, 0.66994184595395, 0.672350614189117, 0.676999960074542, 
0.667492409813122, 0.659562481714231, 0.675212846391857, 0.669709379442024, 
0.671941621450774, 0.672466341414699, 0.661650127630507, 0.665834865252407, 
0.673005560336356, 0.668104925925839, 0.667930368210944, 0.666759938657432, 
0.672025615391862, 0.66363389869065, 0.670196484348835, 0.663672200294694, 
0.671000138315336, 0.677854597643259, 0.669976614459026, 0.662434420542089, 
0.672720566298393, 0.664636043821297, 0.66485653763516, 0.671850571824544, 
0.662899317142756, 0.671316298676028, 0.667421255853361, 0.673330477286989, 
0.667805230218127, 0.67048830902401, 0.674562353588642, 0.66839847055074, 
0.671732403998363, 0.668588738947213, 0.670602547957901, 0.67396546591463, 
0.669287143823219, 0.673702900892588, 0.669298626975567, 0.669280470792375, 
0.667438576128676, 0.66586917533145, 0.66271239577413, 0.672123204428238, 
0.671968287303819, 0.664660619564785, 0.673179057032901, 0.677806675239315, 
0.667476414760117, 0.668951938653712, 0.672356417322806, 0.669598781270998, 
0.666004858744926, 0.672665148294351, 0.672563122145277, 0.670157034209907, 
0.66506087093874, 0.67770016654833, 0.667295090466825, 0.671582055456878, 
0.670759111382632, 0.667917760757064, 0.669385934614516, 0.662868240824289, 
0.675034990504858, 0.66432390305702, 0.669071225627265, 0.664739751058553, 
0.665157527794847, 0.6636802367183, 0.672755561340978, 0.672713878004105, 
0.673210145008535, 0.673254874835835, 0.670323048422971, 0.666519505094006, 
0.667324114836149, 0.668225434059428, 0.659748551792187, 0.672784371905269, 
0.662480177945028, 0.664554884040446, 0.665881258389998, 0.66305280363311, 
0.677810005906935, 0.672801037567746, 0.670185186360898, 0.658419413214802, 
0.659100314970394, 0.666565968777942, 0.663669204225677, 0.671059192063674, 
0.665864376008347, 0.665051717780407, 0.665210969405041, 0.674105302120156, 
0.665834848830787, 0.671983909851994, 0.66919524711329, 0.669719103939742, 
0.668368852533461, 0.664512729854038, 0.674931180397352, 0.67524198607902, 
0.665174598505379, 0.673654311972219, 0.661991274248019, 0.6741049798835, 
0.667109791257499, 0.671256426933291, 0.669266577372338, 0.662551076985876, 
0.670559540846835, 0.677902784133855, 0.673523565441932, 0.668330901587143, 
0.673142955937648, 0.667865836185375, 0.674274909143949, 0.673592186521206, 
0.676242991927034, 0.672090804571331, 0.658543344505097, 0.663101246816035, 
0.671272453299879, 0.666897816394646, 0.666573546043016, 0.671899182896817, 
0.67201473378207, 0.671910465271699, 0.661318492397185, 0.670980745116401, 
0.670773452817326, 0.66630375977774, 0.66916817341115, 0.668360095297521, 
0.673494713971734, 0.673902583185209, 0.664143930869717, 0.67499232234242, 
0.674838133505296, 0.674979983954687, 0.676202078905861, 0.670332879888248, 
0.66463205389156, 0.671524696899313, 0.670331802075516, 0.67280639942941, 
0.66759080256336, 0.662884100542192, 0.671493145499884, 0.668992777515685, 
0.663834307740029, 0.67069657475463, 0.673369204189612, 0.671829629477998, 
0.667431958763249, 0.672874469762231, 0.673414506106606, 0.673749096620877, 
0.665370238191436, 0.670405069718575, 0.662464096639144, 0.673902012904787, 
0.671270226461516, 0.67165594095378, 0.67087454754257, 0.673291087522668, 
0.66856596643746, 0.675113227049837, 0.673241540890629, 0.671297274423725, 
0.659036153882052, 0.670021310706774, 0.664838631598315, 0.674120621182759, 
0.665243975408111, 0.672309472583732, 0.666432101524204, 0.671489138484037, 
0.675566368345282, 0.66886565228074, 0.665313805131687, 0.673918841391303, 
0.672901583135527, 0.672153375833003, 0.660504637378655, 0.665725145272564, 
0.674057428504102, 0.663674624289028, 0.666195227554123, 0.664296075995213, 
0.671317339264227, 0.673172229999413, 0.669652675574098, 0.66613777568227, 
0.670165870059215, 0.668340423703578, 0.672488291130402, 0.669491118715, 
0.672029940176358, 0.667801510973286, 0.668822423862863, 0.675434853615071, 
0.670282980196967, 0.671442040410905, 0.669197572230146, 0.670724849596618, 
0.675483683983558, 0.668267151366138, 0.660768712410809, 0.66667793348889, 
0.670394805756972, 0.668819150871449, 0.66377166628205, 0.668511087184079, 
0.660944270340428, 0.673115546556094, 0.660228597386224, 0.665217015971402, 
0.668683464606875, 0.671369199455397, 0.676213517337391, 0.667918707747517, 
0.668355132385542, 0.675266201331616, 0.668731257561882, 0.665041180468723, 
0.670264498408191, 0.669126623962936, 0.67275265128388, 0.676587565467268, 
0.671572545776652, 0.671122060815019, 0.668729953991818, 0.67525844676954, 
0.664900073863496, 0.668253640580657, 0.67006545392085, 0.665952914605696, 
0.672402686967317, 0.667589695340181, 0.672910677578134, 0.671231002507919, 
0.664692450565571, 0.670991235587617, 0.666073038801261, 0.673806855416842, 
0.670963296218724, 0.668369635410571, 0.672358882509727, 0.674431162022809, 
0.667736963604232, 0.672159701611016, 0.673667377260503, 0.662886472515976, 
0.670242253302283, 0.666531296192478, 0.66972166338411, 0.676807088728092, 
0.672661326245459, 0.673282129791582, 0.669214603723821, 0.668873526686884, 
0.67382904955686, 0.671349408283979, 0.666824929207184, 0.668254721975224, 
0.665931814774643, 0.672345404722934, 0.66540925948923, 0.670568577808526, 
0.671325083122769, 0.675894107704243, 0.664336706425505, 0.676249426578797, 
0.676823288900067, 0.66720975428745, 0.672915821380967, 0.66729303796515, 
0.672112094082061, 0.677311713097697, 0.670017809853927, 0.673443617350496, 
0.673115428393075, 0.661433114149566, 0.669889930467393, 0.672187598211588, 
0.669144121697023, 0.666785275056746, 0.665408311509085, 0.668242938203792, 
0.664720833421013, 0.663467912768505, 0.66648885046766, 0.669483171510024, 
0.669913131479645, 0.671927731364788, 0.666508527115473, 0.664410790737702, 
0.668113965670046, 0.671508346053697, 0.677655740185555, 0.669074481015862, 
0.666770667566678, 0.673660834089261, 0.668852258275906, 0.668253693651104, 
0.668601410909139, 0.663145527000834, 0.677040614186674, 0.65969562600758, 
0.667404361248297, 0.673222943416751, 0.674012061099085, 0.670282494895967, 
0.664415652440178, 0.666122301008956, 0.668444946750518, 0.673511757917019, 
0.664267766755935, 0.669976262371096, 0.676176193280482, 0.673184062903077, 
0.664900869183069, 0.668256693479244, 0.662634860729318, 0.671749390321904, 
0.670262484490396, 0.67257879801586, 0.668790010265108, 0.672052132273105, 
0.671166644468403, 0.662783789118708, 0.665321758226369, 0.674406082882138, 
0.665376435365232, 0.67001592373246, 0.669646296728883, 0.662823875044414, 
0.671491514863437, 0.671639014065411, 0.673284973187525, 0.668699986202245, 
0.670628369415401, 0.667167492912603, 0.671085005654072, 0.676461787620975, 
0.667480791209656, 0.667685311328212, 0.670045794420364, 0.664035241374987, 
0.665375162857906, 0.671001554629045, 0.667568225578389, 0.671706380580536, 
0.677491099126356, 0.677941903889982, 0.665960041073154, 0.668288121327686, 
0.667785363103877, 0.662683349918079, 0.670252819279356, 0.668711006494396, 
0.663970464747533, 0.674209425808114, 0.67612822732501, 0.669270823785352, 
0.674067053819748, 0.665397583640975, 0.664438468609896, 0.672793083715915, 
0.673025241837793, 0.666135445063675, 0.672657902366333, 0.664993400748705, 
0.674753129540242, 0.673478646138249, 0.678026529778752, 0.663087841294708, 
0.6665045656184, 0.66643860961815, 0.673501623784584, 0.66928837059573, 
0.674749820545769, 0.664452848215924, 0.661714544211483, 0.667921864281048, 
0.664358191504374, 0.665951749298492, 0.673194319648079, 0.657727583760204, 
0.662193353523991, 0.674614794757608, 0.670495283707101, 0.66943405468432, 
0.665565514153486, 0.664571913798354, 0.668102120205835, 0.668838634936862, 
0.666785145239636, 0.66933137774529, 0.672078408420103, 0.666356933078625, 
0.670029311579946, 0.661920702978559, 0.672832985734424, 0.679299938676072, 
0.673453127668079, 0.6711771492794, 0.673811221015232, 0.663871400124126, 
0.674206293864023, 0.667879101685691, 0.668612595817803, 0.670609295383235, 
0.66819849902659, 0.664430149792462, 0.665750161228318, 0.666804972671451, 
0.667551381596422, 0.667398627161914, 0.659971857709971, 0.673972436557936, 
0.668458490747324, 0.652193417991091, 0.672735556369164, 0.663915388565296, 
0.677809084734357, 0.666231774704075, 0.672067078724525, 0.675180734441871, 
0.660319413544482, 0.670746538448517, 0.670327076748855, 0.669231058110954, 
0.65863979175249, 0.675494752013146, 0.671258952217503, 0.668064270397012, 
0.665963392716535, 0.674133327749027, 0.666262281177521, 0.674606311341886, 
0.668220035826014, 0.671697762790153, 0.670076053809119, 0.672577503168446, 
0.671414901364083, 0.668025738974403, 0.669122522616116, 0.673919762633162, 
0.675714293438031, 0.669376758134029, 0.672087452198064, 0.670436020279103, 
0.66666527618175, 0.669657040578358, 0.664346490088344, 0.66637719435217, 
0.663532230634375, 0.663290918632848, 0.664541722526261, 0.666211280598527, 
0.672771060434408, 0.669474374046913, 0.667949249337328, 0.666426925124706, 
0.665648433881695, 0.667637927078354, 0.675203284777212, 0.670671095999215, 
0.669774865274567, 0.673516064705962, 0.673846913265322, 0.671803442163916, 
0.668936424526919, 0.673830686901186, 0.669193743211991, 0.677107232154345, 
0.673736698052938, 0.663792129084126, 0.666133567003146, 0.670002935543009, 
0.67024692021425, 0.670287545805797, 0.671800089429256, 0.666521263315903, 
0.67043625765159, 0.674360336223712, 0.665798990077437, 0.667982131378967, 
0.67024114257252, 0.663213815652614, 0.663884143943168, 0.669287151850916, 
0.668471299544825, 0.677010350916526, 0.668721121851769, 0.666863922129284, 
0.668655721701277, 0.667452352588943, 0.669708248856352, 0.674214370265463, 
0.667364055245515, 0.669639620855356, 0.667083971819612, 0.667733521038399, 
0.672499779299547, 0.674446955245974, 0.668187385025196, 0.670043041655691, 
0.671797802793759, 0.671904988821281, 0.677140323121579, 0.669514471745682, 
0.67039649305477, 0.6751005153573, 0.66080500406145, 0.670592860115144, 
0.669522178934797, 0.673721932617795, 0.664966210295035, 0.674164379615513, 
0.67021342111185, 0.672922256259713, 0.664849251827195, 0.675159792060333, 
0.66859810127223, 0.662838981537876, 0.672606438492359, 0.671619528121426, 
0.663076965541162, 0.668916688442924, 0.669597845630687, 0.669366130943253, 
0.673559003044224, 0.665796495885797, 0.680182738846998, 0.662210305368197, 
0.669429061054332, 0.669612616753889, 0.661236858083913, 0.670271623566986, 
0.666510148724703, 0.672113747126707, 0.672701733822508, 0.672905605383704, 
0.668145052171344, 0.677070153930792, 0.672449119844873, 0.667233867835912, 
0.669701918715004, 0.667123000477589, 0.666408248949681, 0.666654042715182, 
0.665817037487988, 0.668885801439217, 0.669699233888991, 0.671398004087547, 
0.671581449516178, 0.667486317486737, 0.66968147303957, 0.673847715056501, 
0.673137046354054, 0.673447192086934, 0.673961777759469, 0.673776415334122, 
0.665028325781703, 0.664315432778317, 0.659019245736412, 0.674505194606529, 
0.667990166692537, 0.674075572036601, 0.662082123410145, 0.676855362958559, 
0.664376572544128, 0.670410880459289, 0.66773173139663, 0.666297617003066, 
0.663538040915254, 0.673655972843558, 0.667459655615755, 0.670204721829748, 
0.660766589961737, 0.670533766846773, 0.668572444108069, 0.66441417079355, 
0.672960108601586, 0.671141672153052, 0.675034464585135, 0.667018170925992, 
0.673056404903183, 0.671890780270268, 0.66226866930853, 0.668613388173214, 
0.67014451356915, 0.665841502105701, 0.671244756599582, 0.664706496060951, 
0.672227232226973, 0.671138059103808, 0.6698843221494, 0.670464148782786, 
0.671088572756726, 0.671640534094563, 0.669526109604437, 0.669846716879621, 
0.667441767562743, 0.668545845082361, 0.665313971864758, 0.669216700829435, 
0.675005562758084, 0.675177615535498, 0.67466291314718, 0.666401110777416, 
0.665892968475154, 0.668179190889009, 0.670444334872474, 0.670041373382549, 
0.670704649691228, 0.679524582282141, 0.665350603283328, 0.672448280834559, 
0.667632638803262, 0.677190898232867, 0.675233658224298, 0.671264881936548, 
0.674092002173912, 0.659981939457575, 0.669290931262359, 0.668039330516017, 
0.667043824607122, 0.669920557117427, 0.670420449502488, 0.673536565433282, 
0.668364740810189, 0.667346222687292, 0.671390150620118, 0.659336391792489, 
0.661929391870514, 0.67587052315477, 0.670309760877841, 0.670954863067899, 
0.674171680928449, 0.673081876795034, 0.666768767339202, 0.67234363617988, 
0.672687847170382, 0.672978870270344, 0.662988095662193, 0.669949816637542, 
0.677668147162188, 0.67130748597086, 0.66966278561386, 0.671559214161846, 
0.672480891299826, 0.675179056632593, 0.663035632642109, 0.669150793107608, 
0.671424331033049, 0.669817255138783, 0.671092299310447, 0.667099430031928, 
0.67041176117172, 0.671313657629441, 0.658548767400073, 0.669188297554963, 
0.667959004252711, 0.679266500994142, 0.667750501236832, 0.671963200372698, 
0.672896239965107, 0.671657118771628, 0.666866674383747, 0.670072578090428, 
0.67139217591916, 0.669997144374603, 0.665003781576411, 0.666553653226618, 
0.673723793120555, 0.675468687209019, 0.669026629985916, 0.66054957540639, 
0.663530735464271, 0.670611675869522, 0.66899508874336, 0.66704968753072, 
0.673218104784321, 0.673442921630784, 0.670048328271383, 0.656743974604255, 
0.659290721639179, 0.668602588954335, 0.675270884963659, 0.673516424477188, 
0.669125696425761, 0.669368579801391, 0.672927607911667, 0.674308504869475, 
0.670672916027085, 0.67548159400716, 0.669151787796488, 0.676356577612003, 
0.668696316782285, 0.663399317756461, 0.669907880053915, 0.665752241779815, 
0.672357875050113, 0.66954443857433, 0.668270013013911, 0.671514256543462, 
0.669946281103181, 0.663595627300828, 0.666797668387166, 0.668937997563345, 
0.663000418977724, 0.659501452195957, 0.667171809394779, 0.671492530473714, 
0.671220889426467, 0.66226794594772, 0.670103770017304, 0.669728289706197, 
0.66857214005458, 0.666420916473487, 0.665492935861338, 0.66676309337474, 
0.66898893387375, 0.673690277841569, 0.669609130406283, 0.666427540429547, 
0.667680337793479, 0.672487628217437, 0.657477623036419, 0.676913544328667, 
0.675615375194215, 0.667371196805356, 0.675292328651264, 0.668289576811925, 
0.67371349037666, 0.670099291879191, 0.671781078093547, 0.665045317008931, 
0.665788171750733, 0.673519472251875, 0.668834867892571, 0.666018796281318, 
0.667145996268844, 0.674684990017495, 0.670368543856513, 0.671420621462094, 
0.6664878937619, 0.67070042880371, 0.674341878124493, 0.675372559320323, 
0.666898218750265, 0.662830161636495, 0.673506733040852, 0.668911829902185, 
0.665843632089928, 0.671139767947234, 0.674586157801287, 0.673572935904734, 
0.673233195488381, 0.665288609543219, 0.671741580581954, 0.671579434873975, 
0.666844409769566, 0.665131498943088, 0.668496699713647, 0.673458380332851, 
0.66385120616422, 0.671375873605256, 0.678386828997574, 0.667736589189058, 
0.671229891064966, 0.664514216391849, 0.673039566459354, 0.672209115171297, 
0.674375685834068, 0.662872614148158, 0.663201540936061, 0.668120457084311, 
0.670149940147185, 0.659394453489536, 0.668353354759174, 0.667610236465678, 
0.667278433138938, 0.66926145968918, 0.669822749662215, 0.668863911355613, 
0.67255673120837, 0.679358426910826, 0.663299437026858, 0.667497870625965, 
0.663657567166623, 0.671040574365063, 0.665546067503505, 0.667208483867874, 
0.665025463825885, 0.671047047943621, 0.660323876476463, 0.66801462219352, 
0.665322099900444, 0.674939318231712, 0.672453351453296, 0.676900240059654, 
0.670521967100469, 0.668352772881054, 0.671362502140529, 0.669122160409748, 
0.676171392492417, 0.666578977515907, 0.667917915765113, 0.670219804424106, 
0.668492981186256, 0.672160037952596, 0.677549931834026, 0.673560114758798, 
0.673391486972496, 0.666769426626222, 0.666394910036539, 0.662873266327146, 
0.674201379595748, 0.666137919899005, 0.664895441370566, 0.672756041437949, 
0.671903198216347, 0.664053931521294, 0.667957937295821, 0.673332025244719, 
0.6651834750926, 0.675589837882487, 0.673577885016271, 0.670683761014711, 
0.664464631130285, 0.674143937897943, 0.658734644094743, 0.67741316212809, 
0.668251503305852, 0.672784968801446, 0.671677746471588, 0.673416062454479, 
0.667884647902372, 0.663029261694922, 0.66965862686726, 0.66512188551594, 
0.664081674104933, 0.66275360760335, 0.663423777131663, 0.669550792628372, 
0.668420991259177, 0.676204132097603, 0.67078139843469, 0.671153164371755, 
0.666062031689633, 0.66711556744785, 0.66591281359755, 0.670297876308354, 
0.664747308709329, 0.668612549031442, 0.671127991496281, 0.672507101848272, 
0.669727589890527, 0.666224941066127, 0.668121556264183, 0.67023552289115, 
0.663844950078094, 0.66974509698229, 0.664848380596964, 0.667945102514713, 
0.663625251996559, 0.669006178614065, 0.674141075179485, 0.669724455871628, 
0.676894608258416, 0.67201481597727, 0.655682444247731, 0.671541401458234, 
0.673289125461447, 0.666985128941696, 0.673133462338942, 0.66304007251711, 
0.670315312220602, 0.667790084093087, 0.662502954398825, 0.672440080124415, 
0.668022680243519, 0.65838282890745, 0.667323369236189, 0.665523613940448, 
0.667730923782581, 0.670223827343008, 0.66848297842258, 0.670515208945021, 
0.665521604616433, 0.675286085942423, 0.67129232704062, 0.666990341645977, 
0.673819245920545, 0.666756382513308, 0.669115109036679, 0.668255892866401, 
0.668785476552516, 0.66965599467003, 0.668298721543916, 0.668745224404278, 
0.672974338569446, 0.672137466228436, 0.675645947168552, 0.670575304413277, 
0.670746521243737, 0.671299160705456, 0.666503903857494, 0.676223441153314, 
0.669113184015953, 0.665905941886728, 0.665381180352329, 0.66426648059897, 
0.672722729937045, 0.667247041099155, 0.666748235407502, 0.672096239302916, 
0.669185319691103, 0.672192284679664, 0.675831728581895, 0.674106015624803, 
0.662908619753417, 0.664791031775215, 0.663748185013082, 0.667971914540285, 
0.666383529463966, 0.669728078499464, 0.66821418547177, 0.675197324708142, 
0.666183648887944, 0.673134429283216, 0.669594239586154, 0.66863694311557, 
0.669908731574775, 0.668201646393118, 0.674090671469023, 0.668238394983637, 
0.669131385120113, 0.662962652837584, 0.664317165934848, 0.669381657444085, 
0.664244855560623, 0.669646626385404, 0.666407337915257, 0.668480181065438, 
0.674682160293642, 0.677806643446421, 0.65335759358847, 0.672246223081658, 
0.665008793470282, 0.669853229015957, 0.66577368506307, 0.661499400911298, 
0.663650410281367, 0.667454583125158, 0.665369800517365, 0.678190446661974, 
0.67428828272869, 0.657737853482499, 0.663914830629546, 0.664995008703104, 
0.671480481391106, 0.67158056883359, 0.670098002227452, 0.666094519281007, 
0.665268239252851, 0.670689613028916, 0.663900373083112, 0.672794341659558, 
0.664963127182195, 0.666268973259211, 0.670539385505559, 0.67217875758301, 
0.672807921420044, 0.671918450907259, 0.671244033834541, 0.677794678199876, 
0.671357576798903, 0.665131877796356, 0.673560972493919, 0.66988871360583, 
0.66945721536319, 0.669305468608448, 0.671824073239558, 0.671665158094845, 
0.666249553717935, 0.672868263130411, 0.6596536259083, 0.663937901609105, 
0.668480374992848, 0.665576610485071, 0.671251436298678, 0.665040173441053, 
0.672195185676593, 0.669642148899417, 0.667655917176183, 0.673842871168026, 
0.670756568977096, 0.663716502181893, 0.665731294811271, 0.666716599215831, 
0.672366947300588, 0.677130521262572, 0.676625349330184, 0.670981781186404, 
0.669251481905463, 0.669798864571235, 0.664379304616883, 0.664901830867783, 
0.673413277928704, 0.659301966933528, 0.661932254201653, 0.665962076189676, 
0.668670191231279, 0.670321860482065, 0.668741621867391, 0.667323244846137, 
0.670396087407328, 0.680934977467963, 0.674174489668061, 0.672065804645228, 
0.675220304326345, 0.666079894813535, 0.664814218039937, 0.675580201540838, 
0.672008267583555, 0.669024105484609, 0.670711659655455, 0.674800426722719, 
0.669120204014383, 0.668770989281781, 0.674208691493638, 0.674571391846635, 
0.672084593317687, 0.67326491650269, 0.667197630563874, 0.677220608627945, 
0.6686018637469, 0.66690118367269, 0.669524180173793, 0.669031279647418, 
0.660135993731211, 0.664949515412595, 0.665920117828758, 0.66577814140386, 
0.674733104031398, 0.667222887636424, 0.67624466617762, 0.666233179416591, 
0.668666215821797, 0.667336582596262, 0.669481740001605, 0.663260958212901, 
0.668707770780039, 0.661389279713749, 0.669287045081121, 0.67156152629084, 
0.671597699539731, 0.666628221978441, 0.674655835694796, 0.671649172355657, 
0.669964453837993, 0.662254890841985, 0.673386020772178, 0.675039098285362, 
0.672092629322105, 0.669076613740561, 0.665681398233525, 0.670132427110929, 
0.668159055114762, 0.671342083327214, 0.66154383722679, 0.675469415521828, 
0.667757486284121, 0.667358519859336, 0.665549998638922, 0.668507866037957, 
0.668027494991803, 0.670074383319959, 0.6663685949378, 0.670505732724331, 
0.663004406302893, 0.672126981979625, 0.671661617217173, 0.669781520942017, 
0.674105237603053, 0.671880656732244, 0.666696778380659, 0.675159879894257, 
0.669555836051803, 0.674710326878081, 0.674684215747235, 0.675116826568066, 
0.661334723135267, 0.669593175623333, 0.673135095429863, 0.672273001391602, 
0.674206334099976, 0.674711189714297, 0.662982703970114, 0.669224203746196, 
0.671149650227194, 0.664675590318926, 0.672554131874972, 0.672882444561181, 
0.663570529466042, 0.66552325940655, 0.668252993514206, 0.666165062821133, 
0.67196534064889, 0.673900087240552, 0.669189316656589, 0.673049043660977, 
0.663017852888994, 0.665573382078674, 0.666270809300154, 0.655691831295148, 
0.674003117541233, 0.669052901131576, 0.66567921754697, 0.674387150046061, 
0.66895023706705, 0.677489518572747, 0.664562502202891, 0.672984744763328, 
0.672806560511916, 0.668404136153955, 0.671808209077854, 0.670565528091766, 
0.671464561462291, 0.669248766829375, 0.659645649418179, 0.66001134365674, 
0.669013970677491, 0.666640419815679, 0.670492197845609, 0.662306179170098, 
0.663777826513251, 0.674320803018024, 0.661271351544603, 0.671378425729751, 
0.673788930669041, 0.672747771941581, 0.663075415276523, 0.676951105483495, 
0.661915213216552, 0.667948542724827, 0.671780303636237, 0.6737154478408, 
0.664028865252246, 0.672070567639522, 0.668100023714793, 0.671090013342371, 
0.666163655079504, 0.668474392280606, 0.668037067596965, 0.672264080694586, 
0.661767213769649, 0.671882872369869, 0.669980406918916, 0.673368099788891, 
0.668327024727069, 0.673958220929232, 0.675071901997591, 0.671053158195063, 
0.673713601678026, 0.671086237414716, 0.670340227347854, 0.673581532301679, 
0.672805578565062, 0.673608731421177, 0.668352980548704, 0.677076366111002, 
0.670099160372448, 0.670954463194986, 0.668059889903625, 0.67401554643137, 
0.66843932655052, 0.664097237975972, 0.667232167682951, 0.664109836543647, 
0.66734418941921, 0.66116549500878, 0.669981468314126, 0.664468743960569, 
0.674802129314643, 0.667898349800243, 0.67141548497234, 0.670832082850781, 
0.667788611107941, 0.672559828483248, 0.672171988239912, 0.666061613886908, 
0.667550099969545, 0.66833065158403, 0.667161012851942, 0.670782771999003, 
0.674886868979241, 0.66421234658509, 0.670862534281059, 0.671842426566847, 
0.670396202238334, 0.667584156429863, 0.66960129134915, 0.668560035966652, 
0.673400283031397, 0.669637631569495, 0.669238820021524, 0.675379746595321, 
0.668370120258901, 0.670260420684521, 0.66889223423602, 0.66803735429318, 
0.670503065346447, 0.668774229925641, 0.656674273937284, 0.665418438692479, 
0.671630292675788, 0.664289280932473, 0.667009560840273, 0.669948100990409, 
0.664862596906866, 0.674474280242156, 0.669542709581215, 0.665236017346852, 
0.669874677705809, 0.671284116402932, 0.666930835089094, 0.665650494367202, 
0.675913871256275, 0.668002831042517, 0.668964055851133, 0.673255295469053, 
0.670185600253843, 0.672624889705777, 0.662733754510276, 0.675902343645676, 
0.667879176805055, 0.668319475916512, 0.664860195537559, 0.672439800855616, 
0.667822968035278, 0.669260287730568, 0.668697302987121, 0.669472622297569, 
0.671125445969761, 0.67039444605741, 0.668661507151714, 0.673139058025728, 
0.674421424148681, 0.674245571780183, 0.665141890352875, 0.66062409609896, 
0.673118200488227, 0.671400832334602, 0.670560307215857, 0.667726750631873, 
0.661577645147229, 0.666223032402762, 0.675474960139638, 0.668196389533505, 
0.673658856262276, 0.66326751376986, 0.671812306875446, 0.67370590844581, 
0.671958685839137, 0.661084109020199, 0.667422499782931, 0.663889419359754, 
0.666649946100025, 0.669202703679351, 0.667952218003727, 0.667052569343416, 
0.671487968789249, 0.672850797458342, 0.679186791125701, 0.671233563771981, 
0.670808631552036, 0.669090735477233, 0.672873254988377, 0.670399552708376, 
0.662250993680098, 0.673973055087357, 0.673991097853623, 0.678946589603236, 
0.663471077977556, 0.670418901725273, 0.673016012466652, 0.673096607529956, 
0.667901087430774, 0.663292962300995, 0.671980019921185, 0.676674719216107, 
0.67943353574751, 0.675972995425338, 0.659284873804952, 0.6647333112188, 
0.666006462782775, 0.673314583441695, 0.668872304752984, 0.672909617842516, 
0.662221934159207, 0.666378596421124, 0.666522083448936, 0.668078002065656, 
0.670860405237197, 0.666969144544883, 0.675245448597767, 0.668956882883436, 
0.666404139181398, 0.676361897063754, 0.667515874176714, 0.672842168900103, 
0.678409157538262, 0.666693022294348, 0.667330401720995, 0.668527107519706, 
0.666003757936843, 0.670462842300589, 0.663245289711233, 0.674846986670288, 
0.662388689903799, 0.667081698153046, 0.672768836467491, 0.679133501475666, 
0.670874222405238, 0.667724473061125, 0.661019288779461, 0.663760299595201, 
0.653692315840114, 0.664414193075423, 0.665804797150689, 0.665318566493644, 
0.665725466408126, 0.660596957799825, 0.672084349196101, 0.675425216116928, 
0.664382742484901, 0.65429631987183, 0.663256598392008, 0.66851136703472, 
0.67370562352456, 0.675949407019293, 0.67283581107449, 0.673255904202209, 
0.670548280308592, 0.663894088505825, 0.66346554810067, 0.671352827963058, 
0.669057564331045, 0.674905647304644, 0.668633926958102, 0.669492427901119, 
0.662495529619874, 0.66558876456672, 0.671643956440467, 0.664544298379257, 
0.679648755553385, 0.667782104546704, 0.672713348608218, 0.673169070224826, 
0.671908612866231, 0.655054389734573, 0.674118725477958, 0.669931451753052, 
0.667870411950813, 0.669363155895194, 0.673338799687674, 0.657519983839777, 
0.670017163118796, 0.675061799691525, 0.664700312739283, 0.670924986984314, 
0.67079714862191, 0.66857435898693, 0.66765566398998, 0.673993718164029, 
0.668313076237351, 0.674096247373939, 0.667101222921385, 0.673741999861725, 
0.67202139822208, 0.663832038437773, 0.669667924146313, 0.674987961233193, 
0.671253108296073, 0.668814658020196, 0.670465635087345, 0.676105290680153, 
0.677850161249574, 0.669170764730279, 0.672747277033838, 0.670283891853332, 
0.665496655688135, 0.667498144649336, 0.662269283979534, 0.666727129035354, 
0.672619431695941, 0.674394443992084, 0.666533385130807, 0.66836449801839, 
0.663339366729259, 0.677445389015223, 0.666592345431949, 0.672990202229328, 
0.67495059070907, 0.667411781323912, 0.668226024341114, 0.666763438167513, 
0.670238293283609, 0.671837731478242, 0.668985953470418, 0.671890208535084, 
0.66621015904606, 0.672531663985644, 0.671999407539143, 0.663340652008007, 
0.668350904413217, 0.669046697221581, 0.668487164306894, 0.672372628652012, 
0.666188954540678, 0.663752690924649, 0.670948321715413, 0.668078931611276, 
0.667385167727702, 0.666656462241717, 0.664462667191395, 0.666845101824464, 
0.668874043492662, 0.667499397886803, 0.668034186503149, 0.664845035192457, 
0.669211687601323, 0.667534190158057, 0.665666363120551, 0.667722887519134, 
0.66800824548212, 0.675848065722383, 0.672695284627564, 0.668741830729822, 
0.671020869549136, 0.677653411944415, 0.672708506950341, 0.669907495022742, 
0.672936951422186, 0.670283341695742, 0.667256716238303, 0.6699911663983, 
0.669294842447497, 0.668480703764507, 0.659210472588608, 0.667672072846038, 
0.673349816382402, 0.663793942044343, 0.670905832619846, 0.6733041501344, 
0.676490685460807, 0.661243942760516, 0.670281888038806, 0.668845439753645, 
0.671521416724188, 0.67164129981221, 0.676617426275011, 0.663083179381338, 
0.672046436553209, 0.677265355738399, 0.668175044124355, 0.669815614291057, 
0.66273633994557, 0.671031401628849, 0.661954268344182, 0.670149209168045, 
0.666791037900606, 0.668299353418001, 0.671172756651172, 0.666508745881483, 
0.674549964671473, 0.665833586853868, 0.672724355822251, 0.676378372962937, 
0.670361049281299, 0.679156263592544, 0.67252983988479, 0.66721518010714, 
0.668180949729374, 0.672461727905104, 0.665180249313808, 0.675794504458043, 
0.668654157423035, 0.668735398492762, 0.674455862144148, 0.672527547152594, 
0.667489219086969, 0.662620277035005, 0.670494860803366, 0.671585588780591, 
0.671944582257558, 0.666296040175186, 0.659789064885331, 0.675146188182095, 
0.666094705386408, 0.676101319186463, 0.676255430189701, 0.668195181685176, 
0.666068008602531, 0.667942374084501, 0.670352673627987, 0.667718355737913, 
0.668270146751385, 0.664762330231751, 0.66674123054408, 0.666313701804868, 
0.677399163508408, 0.668541385237166, 0.669292407610461, 0.670653122186904, 
0.674701651379957, 0.667976370263339, 0.673589440518361, 0.671657817680238, 
0.666172993410775, 0.670004396526541, 0.668867932475796, 0.669629912361724, 
0.674628347951657, 0.676044895684037, 0.670302078727693, 0.663166551592967, 
0.674329099440651, 0.662377907350854, 0.662513818750772, 0.664011165039051, 
0.668979491929281, 0.66070547495533, 0.662105722457232, 0.663558210178191, 
0.668689407753564, 0.675489117965317, 0.671306876534256, 0.666065553876343, 
0.671573252139453, 0.670062676623833, 0.67420192926374, 0.669819415980102, 
0.666670551640609, 0.661862117993587, 0.67318622276903, 0.668006317197061, 
0.660331464236759, 0.667152758693048, 0.66894016745535, 0.668856038492538, 
0.675088740111672, 0.67167494237638, 0.667651005872798, 0.676454108357706, 
0.670432623002816, 0.66720069777108, 0.668593676710067, 0.670451221065324, 
0.672846503797977, 0.667348062781403, 0.665377855769148, 0.666259052097741, 
0.669798493170812, 0.670597448625386, 0.671160485980489, 0.662685831851433, 
0.666581088354678, 0.664138956801268, 0.673061572674953, 0.668145193488868, 
0.655655782895901, 0.674572891876524, 0.662620097393009, 0.666950411079272, 
0.666045755273523, 0.671571256876971, 0.673097818743913, 0.67521852571055, 
0.677073434374299, 0.666710064706742, 0.664682703168529, 0.663545107312425, 
0.664290963450986, 0.673749303112171, 0.663182158008595, 0.667019762661136, 
0.673335583014533, 0.673466788939669, 0.665079937456959, 0.677505890034577, 
0.66654313509744, 0.671719652480836, 0.662606561902741, 0.666865214142101, 
0.679617677334396, 0.669636580259243, 0.6679541031354, 0.669982431605953, 
0.65455253179006, 0.673802873918559, 0.666310262859015, 0.669141024709766, 
0.667321476416336, 0.666993935224248, 0.670251444709632, 0.668398943694914, 
0.670857273085193, 0.660115088865153, 0.670072080415502, 0.668002226473638, 
0.669270653545813, 0.668741143547199, 0.67356931690246, 0.658850464086161, 
0.667664951790288, 0.67073514220982, 0.677335355728402, 0.672387072927374, 
0.660578071720104, 0.675228542380845, 0.671453372019173, 0.665429501351346, 
0.664645307252831, 0.669367519449581, 0.669770445167085, 0.671813920417888, 
0.663261343130867, 0.658962549469454, 0.672184449060313, 0.669060841479242, 
0.672726886780666, 0.670434734130589, 0.668232493130372, 0.672770349087508, 
0.670211046112068, 0.677303532061897, 0.666908872410892, 0.664603972338877, 
0.668216271019369, 0.669926004257739, 0.673147800983482, 0.666470817771713, 
0.672821069547217, 0.660651720592542, 0.676483630244261, 0.664732859070118, 
0.665842929708938, 0.672084835298473, 0.665989627840554, 0.669758846188587, 
0.66657911550577, 0.674446402286731, 0.664424092149952, 0.673148009101981, 
0.663229706395498, 0.671184838652419, 0.666090202055907, 0.673412470584652, 
0.666034387603243, 0.667457410211029, 0.673060374270246, 0.667141585927143, 
0.667599076566567, 0.664912850914743, 0.667081660671707, 0.668794954775156, 
0.674769725415729, 0.665220074494895, 0.667589642949679, 0.670487713043512, 
0.671800591965613, 0.663150767939384, 0.670017097229131, 0.670779216504526, 
0.671558021007544, 0.66201447680947, 0.664177953223712, 0.674534201024184, 
0.669087639759859, 0.668816553753538, 0.675536607175586, 0.665874568607036, 
0.665871895783401, 0.666364100146726, 0.66667545766149, 0.661306634014193, 
0.670324893014194, 0.670332772095869, 0.6659759991134, 0.670231778385276, 
0.671262355734978, 0.67607616146245, 0.669979575548494, 0.670785732497797, 
0.667468192842625, 0.666156593642813, 0.66228836093413, 0.662444215186637, 
0.667564306755224, 0.659649234204943, 0.665874931667535, 0.668212671447764, 
0.668831864896029, 0.661923537429469, 0.666543591091978, 0.668938746697465, 
0.670407935123162, 0.669771584095839, 0.67766681902884, 0.675279916773467, 
0.661471428894684, 0.672660509878835, 0.668062977990301, 0.671644193873949, 
0.672308419019852, 0.674091470561792, 0.667399096327942, 0.656978032474035, 
0.667517675401006, 0.674655802591691, 0.669710344432327, 0.673039875642006, 
0.665787030809935, 0.666789262098731, 0.667655916129826, 0.662103339073051, 
0.66417800346657, 0.672806190006736, 0.672002106503961, 0.673708826268493, 
0.674761438092654, 0.669569125587252, 0.6696246489439, 0.668313835911522, 
0.66289223897226, 0.668306849186313, 0.655153308992229, 0.672163399207843, 
0.669215482688899, 0.67383976747878, 0.67518647205226, 0.678046525165506, 
0.66692390602746, 0.670189264479603, 0.670758704799796, 0.671271405541985, 
0.675189971333289, 0.675673157154545, 0.67332355346808, 0.669553802060035, 
0.668842147595627, 0.676704992444565, 0.675522199381629, 0.668286028575653, 
0.671444494428007, 0.666332001357958, 0.663239528078333, 0.667984751003092, 
0.674093616388953, 0.672369718182398, 0.673526126025832, 0.675299355611877, 
0.664501767030439, 0.668482497671595, 0.668607893676241, 0.674192326795318, 
0.668591498431562, 0.665628140371756, 0.66960549899878, 0.671994184557785, 
0.67117586455868, 0.671649357955326, 0.668726595352831, 0.668567335192635, 
0.669378363255702, 0.667096447808083, 0.671011652211433, 0.675105102983386, 
0.667601652464268, 0.672478226315873, 0.667606836004007, 0.673693896124095, 
0.670555475028353, 0.672525115056209, 0.676810061743926, 0.665993593432705, 
0.666206665460002, 0.669112549013291, 0.671465976079318, 0.676624840851389, 
0.660346213800015, 0.665181808029703, 0.66421765853753, 0.668848637788081, 
0.671378351338637, 0.665717071035976, 0.669732046590299, 0.673708573417996, 
0.675314090074023, 0.675205834277317, 0.661249702137889, 0.674116195561907, 
0.667197445185578, 0.672201770475849, 0.66652039285836, 0.669810751595114, 
0.662421887299183, 0.668251536105807, 0.657374072792793, 0.67248897780761, 
0.668519705144088, 0.661412590777313, 0.672502266370779, 0.670486712138313, 
0.666907432543482, 0.670467669122543, 0.654582741999805, 0.671058042688627, 
0.676181625919418, 0.669258345192934, 0.674055878695471, 0.669855778857724, 
0.680147972682955, 0.669974961946888, 0.670350658702511, 0.669474106028009, 
0.67079732461501, 0.667109070160694, 0.672811114169651, 0.662803087157532, 
0.665202642054949, 0.677374970593479, 0.667869883494202, 0.666928822392584, 
0.657519253408277, 0.669360407851685, 0.671402256610011, 0.678462069294401, 
0.668733431670797, 0.669722424619355, 0.665348883545535, 0.661858901967222, 
0.662301010196479, 0.669029375296691, 0.67071327568301, 0.672690380112449, 
0.673478064201649, 0.664512728845109, 0.668122733795273, 0.670987090939631, 
0.674748605991915, 0.666616937807495, 0.670351838007953, 0.672887081532128, 
0.675725126496066, 0.675083688715636, 0.665030130121967, 0.660453759680547, 
0.666023367297886, 0.66821995023583, 0.672079642274599, 0.665459642375545, 
0.671970505942428, 0.662691594548937, 0.665202117802597, 0.669164723012621, 
0.666640839811511, 0.67546706860868, 0.668429533833768, 0.664935573840185, 
0.665833536135356, 0.662982295426455, 0.669994030005283, 0.672319324105094, 
0.665985861784039, 0.671686147006293, 0.667516843181909, 0.666059125766828, 
0.670393198275173, 0.664975611016259, 0.668939825217277, 0.666387816688697, 
0.669712551939691, 0.673731340033568, 0.668714845649845, 0.66814759882975, 
0.670369326281745, 0.674229335349771, 0.664243755978941, 0.672286271887243, 
0.668504319579071, 0.668191240759137, 0.667898250317071, 0.669773829511988, 
0.664941458700215, 0.661444081188332, 0.672949151102882, 0.668490900868645, 
0.67090464982766, 0.67490179605187, 0.671382933882112, 0.674402284027782, 
0.672529467868493, 0.667140289757621, 0.672072258879249, 0.672988051368779, 
0.67415729038144, 0.664709431602963, 0.66172334584156, 0.665986362231962, 
0.672106976471421, 0.672724473970015, 0.677464880364194, 0.657226285463676, 
0.667636922857886, 0.662518169040837, 0.674549166916456, 0.665040569548315, 
0.677715088138181, 0.667419651979575, 0.671241142055313, 0.671726685466049, 
0.672697603820662, 0.676066131216678, 0.674850919970315, 0.670489352568955, 
0.664804235610945, 0.677014114136267, 0.663008894266109, 0.673230879106101, 
0.671362474146292, 0.671362620287114, 0.666932086842358, 0.67336004716599, 
0.669165103662982, 0.668346806932379, 0.668399301843435, 0.673298663300356, 
0.663083364613712, 0.666278215164453, 0.664591051899012, 0.666583671121679, 
0.669179522928777, 0.67305316653718, 0.673015260955491, 0.664179409446743, 
0.666946924767418, 0.668293533135286, 0.667326397657981, 0.668095883572377, 
0.670027311461806, 0.671439971889976, 0.67045500634688, 0.666993336789163, 
0.672053197334227, 0.666313429426337, 0.670960348938231, 0.668046900272961, 
0.6750980173321, 0.67689441272596, 0.673677060751082, 0.670873301449095, 
0.673410685932936, 0.663761428771524, 0.667291277160397, 0.66865199586938, 
0.673811129263569, 0.674152638363124, 0.673847165892273, 0.67151841470132, 
0.662030323481716, 0.675404174321838, 0.674554689150601, 0.675858837806297, 
0.671953543272875, 0.667553958170939, 0.660032641977731, 0.66822103265574, 
0.66476137022793, 0.677077072972095, 0.672270838164209, 0.66874188823673, 
0.66222865967501, 0.671081489793438, 0.670485773999154, 0.673272023903706, 
0.664889347968757, 0.674401216614851, 0.672494569349804, 0.67265905739061, 
0.671480423567549, 0.66630671735169, 0.662737716291106, 0.67408704352975, 
0.674758359687805, 0.665615443177005, 0.668440471972263, 0.673209126273596, 
0.655673455671788, 0.672268778754364, 0.668912668200099, 0.665020223001482, 
0.667291541557403, 0.66892020692286, 0.677447520955045, 0.675450945558695, 
0.672217917289412, 0.669277904785256, 0.668545153575426, 0.6752663775614, 
0.668988368736549, 0.670686846513689, 0.672136146602126, 0.665567264613773, 
0.667394274220034, 0.667614665850958, 0.672726865966221, 0.667732014905013, 
0.6642272552763, 0.665346446188708, 0.67010920060938, 0.667560245076182, 
0.671070794239169, 0.668482752619699, 0.672991528206061, 0.669512591011385, 
0.663411035570561, 0.666077485266296, 0.669305205218713, 0.674076110839407, 
0.671649798105324, 0.677102893672399, 0.669313355711415, 0.670278153412301, 
0.66868558901082, 0.663034938099752, 0.674497354369525, 0.664872419357059, 
0.670000842223199, 0.668516776721875, 0.670685198945659, 0.675294998955371, 
0.6708904530081, 0.675698923936889, 0.672096165242915, 0.674907240320383, 
0.672247065402085, 0.668425872570465, 0.669422468287198, 0.672258179721266, 
0.676227421849184, 0.663567696074897, 0.668285875717823, 0.674809974979485, 
0.673493096115147, 0.666030003530812, 0.662444414143178, 0.672946312737253, 
0.668165651953562, 0.669614104193008, 0.667170432167043, 0.667924250970993, 
0.670914916532497, 0.671124700012981, 0.670065562086966, 0.673481947234201, 
0.668569967072859, 0.672892603608449, 0.675373197601978, 0.669102313090517, 
0.669255210113758, 0.671065185094699, 0.675158841717516, 0.67578071142277, 
0.673278084178491, 0.679065398928618, 0.664341114538801, 0.659623777613853, 
0.672756784538959, 0.676900976752159, 0.672066196252057, 0.659965162643367, 
0.668077929223279, 0.671009492264798, 0.668182466649845, 0.667033566062114, 
0.6735789948005, 0.670250858821659, 0.672573706271749, 0.660729743214652, 
0.664469863283571, 0.667281502166506, 0.670697563617305, 0.66880696736565, 
0.66877013667894, 0.667239073504156, 0.671090434511585, 0.669939941289021, 
0.66960263664748, 0.663018138292337, 0.673875349409025, 0.672049059437349, 
0.663550967457846, 0.665297575703124, 0.670964450820321, 0.668299364534086, 
0.650477227272649, 0.66758307407464, 0.668912503911727, 0.672960353352506, 
0.668095173189536, 0.66638774768757, 0.6608267711551, 0.673365809954739, 
0.663833831905652, 0.668643296775325, 0.66876653145583, 0.665619806686627, 
0.671888319832439, 0.666899676532472, 0.671430610050549, 0.669926912291168, 
0.664489426900032, 0.666897756595178, 0.670622352181653, 0.669635806235902, 
0.669124423987973, 0.672301623793652, 0.676848068128457, 0.659242568269225, 
0.668508088337313, 0.666651274604604, 0.671266344218571, 0.669690061806651, 
0.671877368039957, 0.675160870583861, 0.667506080747971, 0.671287607897516, 
0.665985321499121, 0.661903607081008, 0.678438513458218, 0.671658202185705, 
0.66911076981376, 0.674051954888487, 0.672609311506241, 0.676561756494079, 
0.67425501585191, 0.675456656915132, 0.677308795508024, 0.673103718259927, 
0.670184175939225, 0.669758890187321, 0.659783413970144, 0.676398854747175, 
0.670409125848664, 0.672974056769322, 0.668737256778973, 0.668291246546013, 
0.666810348603439, 0.67360595597139, 0.674492059003398, 0.675217670594498, 
0.671011486617027, 0.666368590241196, 0.669511949307384, 0.676961142387263, 
0.673051669291718, 0.674141503354969, 0.668670717264012, 0.669802977453442, 
0.67380378447495, 0.669037700453027, 0.672165764928395, 0.670917253993492, 
0.674972382016753, 0.668880822772248, 0.662698318245996, 0.671240632537014, 
0.671961023751797, 0.667272906495082, 0.671517275407465, 0.668629704443135, 
0.675437458286923, 0.674022106138018, 0.671904455644599, 0.659547191057038, 
0.670186972852956, 0.674890738319714, 0.674348969841517, 0.65927916911454, 
0.668463033347703, 0.673047272839776, 0.666341929113198, 0.675128484165242, 
0.671058510971045, 0.670319873564152, 0.668720143534465, 0.661605600421152, 
0.674350707474986, 0.661500595431097, 0.668779931227143, 0.668503618994306, 
0.672448810787914, 0.668757452253096, 0.668771670617261, 0.674783656859403, 
0.673756347070189, 0.669318019253631, 0.662033326313955, 0.668889291109513, 
0.673218637568447, 0.671690820265387, 0.667410448389454, 0.667716095761718, 
0.672257813537993, 0.663879963321808, 0.67124194481809, 0.666897221456359, 
0.672319696505284, 0.660880528658987, 0.665284599345899, 0.663867645443851, 
0.671928129861494, 0.668670787712969, 0.674162309207285, 0.664789977428934, 
0.667868652779841, 0.665033434211034, 0.675250115642941, 0.66077453015997, 
0.67491845840503, 0.660639412357874, 0.673187308434009, 0.667433902878702, 
0.664683816654164, 0.673481564786189, 0.665817348488921, 0.667961391165471, 
0.672663089131706, 0.673612617539705, 0.670558131286354, 0.667821577599209, 
0.662593645667976, 0.667535642885099, 0.658806779778613, 0.66576286186443, 
0.668230971432187, 0.672129246171035, 0.668284395146488, 0.673044395124734, 
0.66995877692998, 0.659925682199966, 0.676532702490941, 0.666032698400624, 
0.671384388334869, 0.672314982318487, 0.66642896374438, 0.666144070869372, 
0.666503685094782, 0.665459775862037, 0.661749324063451, 0.670926426180671, 
0.668411439774347, 0.672153269420568, 0.671669817800756, 0.667322346321394, 
0.671102716081625, 0.674241592952845, 0.671753845653066, 0.674737928540679, 
0.676767217171329, 0.672416227453627, 0.667747493769871, 0.672669631552607, 
0.673365743196203, 0.675810043135608, 0.668543267834984, 0.669782109800238, 
0.66792340182068, 0.674045772461566, 0.670144701334173, 0.666788655805575, 
0.67233981957626, 0.666253169881663, 0.668115775342429, 0.674656494568486, 
0.67187554371474, 0.665411085176217, 0.667085220673449, 0.66702437371199, 
0.67812549459133, 0.671092570793227, 0.669505243516896, 0.666775154576855, 
0.669107809255637, 0.665963922815674, 0.667413960347533, 0.670866502150805, 
0.671495431356213, 0.672395775317332, 0.676852007562841, 0.671084042540168, 
0.6714706633874, 0.666217366740103), cat = structure(c(0.690634320605397, 
0.669439840481246, 0.0043415316671991, 4.88179788812295, 0), .Names = c("obs", 
"mu", "sd", "SES", "p.val"))), .Names = c("sim", "cat"))
