structure(list(sim = c(0.683922029746682, 0.685126941344649, 
0.689318254200218, 0.686576362142643, 0.67421672989267, 0.680590565696785, 
0.687840362823851, 0.683605031578733, 0.678264927430779, 0.682778946541363, 
0.689296646002935, 0.684044518095397, 0.680481257132397, 0.691350422848453, 
0.67692164777202, 0.686255690433358, 0.680762672596009, 0.68793042234253, 
0.682508967057414, 0.683689199223354, 0.681975031803985, 0.688906172169717, 
0.680740693341361, 0.68310292337728, 0.68479657231822, 0.686045994740856, 
0.687567936914004, 0.678716199145248, 0.679952263787207, 0.680900533170219, 
0.685596766665782, 0.687999030984104, 0.683799405066117, 0.684979670577839, 
0.68599172229428, 0.673848844233146, 0.685827502892211, 0.677158744087361, 
0.684520212380658, 0.689859308353035, 0.681304958881826, 0.675877222003794, 
0.689405590736481, 0.691271544229003, 0.685730164239954, 0.685707979386084, 
0.690499951268007, 0.677863682256452, 0.67750958344888, 0.677887467576987, 
0.678590642157046, 0.683837348904948, 0.683937784776329, 0.683288070709319, 
0.680603894008846, 0.690575684633606, 0.680283673414541, 0.674456166083429, 
0.682911344135003, 0.689312305465557, 0.683642205634562, 0.683271502544488, 
0.683054843756376, 0.681817795498516, 0.682223151795362, 0.681425554531791, 
0.685349003924255, 0.682219819730217, 0.683342493095015, 0.691207298382232, 
0.678228974631795, 0.677542837794162, 0.682502260855498, 0.677222275993412, 
0.681883530268835, 0.680988496801017, 0.68959784800232, 0.683045031000587, 
0.688396554378955, 0.673544265303783, 0.684292416411453, 0.682409934694479, 
0.665410387409928, 0.68613154230977, 0.685443587469333, 0.681769648883391, 
0.688518931815093, 0.687231354744585, 0.691128551635335, 0.687602330299952, 
0.686901089200144, 0.681558864865272, 0.687146793445673, 0.682775751778206, 
0.680887421793262, 0.687561242697574, 0.685487033663151, 0.687030391972663, 
0.683745486663413, 0.685829664916376, 0.67879339473666, 0.686680827281576, 
0.69067673052788, 0.680269741315343, 0.681379987789715, 0.675368260889928, 
0.68085586781712, 0.686326579994946, 0.684290373933691, 0.683358293705158, 
0.685617269407916, 0.690078578684236, 0.687602365604922, 0.683569682683412, 
0.678399223883254, 0.68512469086939, 0.68484949910018, 0.683755008467036, 
0.684923228609813, 0.681373430733472, 0.685566467671664, 0.682763589587142, 
0.678324902855436, 0.676275988571949, 0.681407724055231, 0.6829459490615, 
0.689379773868955, 0.688653347064411, 0.681028877930873, 0.682794484408814, 
0.684039747405625, 0.687522106019173, 0.682082294668206, 0.678829008360722, 
0.687730485008085, 0.682361780577606, 0.686796803514005, 0.690173560537799, 
0.681993008324782, 0.685728012662492, 0.681806765433574, 0.685311338751919, 
0.688009222827922, 0.683479392113781, 0.677433105208244, 0.685233339111873, 
0.685626603903857, 0.683927863038176, 0.681755524858308, 0.682873684955423, 
0.69170938757259, 0.68796090543106, 0.678822727495995, 0.679983577499503, 
0.681654518454341, 0.679726482357547, 0.677548450276518, 0.687199900307318, 
0.682724805457538, 0.678740013042592, 0.681242991300915, 0.697882805657946, 
0.686983124834403, 0.683704701293219, 0.679078879091554, 0.687197444121823, 
0.680724378017154, 0.687046624618081, 0.684224772597384, 0.691147229113722, 
0.684909469951826, 0.681951386142036, 0.682267315967487, 0.685176935986809, 
0.68497641639974, 0.690522782760109, 0.687031184863418, 0.674122398978818, 
0.691649420048743, 0.677619801727119, 0.68981175975695, 0.686688345190767, 
0.682341559940476, 0.679743599483068, 0.686586915401402, 0.679077826951768, 
0.685672310449932, 0.689620563921387, 0.679966311137818, 0.680968931015749, 
0.684766014299847, 0.674854769535887, 0.684349061489314, 0.684893079459082, 
0.683881514892293, 0.693632930118138, 0.684362719482025, 0.687406020261209, 
0.682695120931586, 0.684671676733556, 0.684679492058014, 0.682793028242123, 
0.686609587827433, 0.680332820209623, 0.677802130557135, 0.679217524473718, 
0.680097152866521, 0.686625848519883, 0.684040243442118, 0.69275708585724, 
0.693853237285123, 0.682276678620166, 0.6882677300625, 0.685626955142571, 
0.680920813159388, 0.691112868763961, 0.683802638170831, 0.680380074244586, 
0.685410123260968, 0.686408211193876, 0.678629662996034, 0.683501859649653, 
0.67764954023683, 0.675068226298864, 0.683541204430331, 0.680660560157341, 
0.689925595077162, 0.684693120429524, 0.67711036576475, 0.680334043253503, 
0.686600454485796, 0.680778115769935, 0.683179139999033, 0.68675377506759, 
0.684690787742596, 0.682743620976031, 0.681500440607097, 0.684244431102438, 
0.686603345943382, 0.684410043482967, 0.689085466086818, 0.689177304084975, 
0.683853966441704, 0.675865675270317, 0.661023154076883, 0.686152088237553, 
0.682367224356296, 0.678870542652566, 0.688087012874513, 0.679690516754371, 
0.680071861807982, 0.685699896873277, 0.685914305011143, 0.678802032438181, 
0.682920129825074, 0.679685487277471, 0.681864614344895, 0.675742303392752, 
0.67919481065377, 0.692807479326322, 0.68937728066249, 0.678060091848483, 
0.682303735541531, 0.68077262764841, 0.677952885898222, 0.686024066233337, 
0.691642824491508, 0.677986301493778, 0.682731126370975, 0.680642672932526, 
0.684365349548801, 0.683627984705512, 0.684351127675991, 0.673753542537769, 
0.684480255803667, 0.680720267739262, 0.679373092927111, 0.679976688243632, 
0.67990339864872, 0.68851463641581, 0.679680709802794, 0.684880151735423, 
0.681894982711071, 0.679617231700307, 0.685021239899159, 0.685924680223272, 
0.687929446837781, 0.683209752201438, 0.685858648820865, 0.683785857596339, 
0.674546526163417, 0.685387464106115, 0.679800735299861, 0.681408409371057, 
0.688570254347731, 0.682715112281547, 0.680175815091487, 0.679672096485788, 
0.683353345349889, 0.685716908429381, 0.682540683200574, 0.690523069792809, 
0.684127757591619, 0.684548550378855, 0.679646253245827, 0.686942997791539, 
0.682695702585489, 0.673597191188918, 0.677344871928341, 0.680056369897701, 
0.688764502859565, 0.687422247249688, 0.682571781866592, 0.679133004607688, 
0.685685692799147, 0.68175192412424, 0.680938141659346, 0.684527094456196, 
0.68559772340053, 0.677923065288373, 0.685421129235692, 0.691552397053768, 
0.678231900844872, 0.689308346808001, 0.686338120139868, 0.690074566313395, 
0.687246447081083, 0.681144352957107, 0.684118197547103, 0.690743585714031, 
0.685606231662027, 0.692258513937203, 0.683251436156567, 0.683786328846189, 
0.675152702084313, 0.685003417398576, 0.679112352235069, 0.681259701391565, 
0.685050773555392, 0.684351293669234, 0.679091191318628, 0.680165141701646, 
0.678259987815619, 0.677046147302602, 0.681655242775137, 0.691582658531431, 
0.681480591921078, 0.678508949815842, 0.677620942306471, 0.687470834333014, 
0.678447180437838, 0.681538933472293, 0.690518033663896, 0.682588983359203, 
0.682542387865211, 0.685106046551568, 0.687947526601056, 0.683197354496198, 
0.692266941522056, 0.684755266355621, 0.686364734565494, 0.680731515128289, 
0.683339202444422, 0.682374919013221, 0.673765867127356, 0.67702207946034, 
0.679491661040771, 0.684578160003854, 0.684453235796727, 0.675368419483096, 
0.679886994605945, 0.679083178386023, 0.678932588661192, 0.676898478971093, 
0.685184297228915, 0.68468415136706, 0.683601656060892, 0.685026021324779, 
0.683023827219149, 0.683177434242761, 0.678595348598524, 0.675889084586665, 
0.68235724903341, 0.681582121225944, 0.686458240911435, 0.682282533436721, 
0.679541387157707, 0.686209078086368, 0.675365286250947, 0.680724813254877, 
0.677579621373057, 0.680294209274906, 0.683392249029502, 0.679955660284511, 
0.677698467377994, 0.682014579090388, 0.69043060946977, 0.688573940476571, 
0.682526289351707, 0.681938365394356, 0.687952375642623, 0.681369540680018, 
0.68748393971639, 0.687598936024067, 0.687519045869793, 0.683112688799522, 
0.68563283771996, 0.680330463270826, 0.683727901116684, 0.682802563432508, 
0.681405631444956, 0.674717925012798, 0.682897446055193, 0.682685992539712, 
0.677544625276533, 0.687283436605332, 0.689656157248306, 0.668871708643049, 
0.687195766974456, 0.68684324530819, 0.686319926382084, 0.685936260968701, 
0.683261601661114, 0.680877976511009, 0.682700826214264, 0.688104065903263, 
0.695553335164933, 0.686541069595057, 0.687327280736713, 0.677136640168541, 
0.689101900980341, 0.675521485356513, 0.680736300625532, 0.677735251543552, 
0.686021656541494, 0.684079414866932, 0.684959104615006, 0.68315918423489, 
0.687255669161583, 0.677756804955801, 0.681985797020481, 0.688389071624286, 
0.677805762755997, 0.677338979123155, 0.685253864370897, 0.683338311070482, 
0.685311797452045, 0.684887768449732, 0.68243712659334, 0.681572619520304, 
0.677358818105752, 0.67146169720897, 0.686456075547278, 0.687245463379328, 
0.682734251766684, 0.679893573396391, 0.683461797250494, 0.685487594429795, 
0.684774023159684, 0.682194198596905, 0.680530015381707, 0.681690447493667, 
0.691415728699393, 0.683502083680661, 0.67661180127034, 0.683275570998217, 
0.684097134695308, 0.678922307650174, 0.680023692715353, 0.684598127334436, 
0.682622563582696, 0.691664055899401, 0.679094589297598, 0.687480223785481, 
0.686170550721043, 0.688810800308635, 0.6842404460246, 0.680167424571917, 
0.686797206750658, 0.681948074861746, 0.684145193377253, 0.682803001092146, 
0.685879845732323, 0.691408610111918, 0.677498950045808, 0.683246181786388, 
0.686463966584857, 0.672855824295193, 0.685771088786849, 0.684827652716506, 
0.682204042777089, 0.679760665254507, 0.683384173584283, 0.676069631198923, 
0.686882359325981, 0.681232313871627, 0.688508291369266, 0.682031609933307, 
0.68264173436537, 0.685465875107581, 0.68383512986656, 0.682201742142634, 
0.68438423281418, 0.681350008318028, 0.6802143806001, 0.68263455652997, 
0.683118981122379, 0.681082682251774, 0.688257265039563, 0.68784914833333, 
0.679359850472887, 0.688051379078538, 0.678342194628698, 0.689914232345649, 
0.674589827634544, 0.682178385445443, 0.677376834130016, 0.688948142745748, 
0.687157442898378, 0.685204405117987, 0.687301723291969, 0.689462609128638, 
0.682777773566935, 0.673142631453917, 0.690871040554074, 0.682844400146331, 
0.686836077968735, 0.674272129798489, 0.678520918851977, 0.681874016572787, 
0.679788475615221, 0.681644169293547, 0.688301643504923, 0.684430881517166, 
0.683263218492193, 0.679588864303261, 0.679615167108563, 0.675964974989396, 
0.681130431045169, 0.68235883819443, 0.683758508999724, 0.68768416516443, 
0.689760467421714, 0.684355589584008, 0.681727819396999, 0.686650810686746, 
0.679096414477103, 0.679761830371339, 0.678000613149016, 0.683506437610394, 
0.683295511648232, 0.682498999606575, 0.691476472732374, 0.688163861521604, 
0.677060287389607, 0.685740041843997, 0.681836415080255, 0.681233012331552, 
0.682818663905545, 0.68455077158877, 0.682693008519978, 0.684757109042068, 
0.683775647544215, 0.68692006234729, 0.694495282462263, 0.670209862462333, 
0.685066662222218, 0.681962829790091, 0.684774366580523, 0.679263730095211, 
0.683751796737195, 0.679608905930071, 0.677915004576734, 0.685102282519483, 
0.685431887371589, 0.676885394893416, 0.685879821511078, 0.690879528574761, 
0.686885590452445, 0.685793233208924, 0.685601745388275, 0.687511148100063, 
0.674046169249045, 0.681507880024155, 0.679053165935353, 0.685118234369367, 
0.677231905931757, 0.675663661702373, 0.68202853351298, 0.684735917540821, 
0.68720738847423, 0.678330786417425, 0.683262348390174, 0.680775172813115, 
0.68285316824534, 0.677735063417912, 0.677383193191398, 0.674252162093599, 
0.674994568169723, 0.679592694392422, 0.685231079115437, 0.684283415950295, 
0.687850494581363, 0.691095066385483, 0.681522902465128, 0.683116180241797, 
0.67538298582514, 0.689191019314659, 0.681651014096254, 0.690858996477782, 
0.685839724401365, 0.685449242303432, 0.689132275122793, 0.687624160950659, 
0.692692588186639, 0.677083817724151, 0.685416981604591, 0.686577954812656, 
0.67837481434382, 0.679037382476055, 0.682183001921873, 0.68927875171906, 
0.682232354250242, 0.688010687955635, 0.683222115867334, 0.670767563145033, 
0.685955744430423, 0.690830687498858, 0.681130480244048, 0.682084680759871, 
0.685277054555681, 0.687433894246494, 0.680271350549435, 0.687796627965645, 
0.67911787983975, 0.684795015011713, 0.674576270269631, 0.686455988291032, 
0.686913118811829, 0.686113144312098, 0.682764357134798, 0.684961441747323, 
0.68143703819167, 0.686791985549783, 0.687820177501721, 0.683436932352644, 
0.68187289735086, 0.689038025410569, 0.690648041528562, 0.685386286072134, 
0.681755789240684, 0.680755834807764, 0.677656921309933, 0.673776836464039, 
0.678567089665889, 0.688681680051771, 0.677032505354115, 0.688203180356861, 
0.684954938784801, 0.680101203964216, 0.684700598032478, 0.691639460000613, 
0.684108344897625, 0.685814555572417, 0.684518677663294, 0.683210508290688, 
0.685432981053326, 0.687672071709681, 0.690003226100131, 0.684180737136199, 
0.68963291371734, 0.678878215707944, 0.683506764712425, 0.680923557950424, 
0.683915888154149, 0.689503092391892, 0.688707241783675, 0.686294177295402, 
0.678350207059584, 0.677410371715608, 0.681122661117046, 0.689704419970851, 
0.690083390081313, 0.682144099144049, 0.676824419060317, 0.688526273193252, 
0.685979250959288, 0.680123670425739, 0.677084148529689, 0.681344921808789, 
0.686833976513253, 0.685570604252358, 0.681733493316711, 0.687723726449836, 
0.681339721800395, 0.680394578639217, 0.679286463647624, 0.689227562094245, 
0.67981068817441, 0.674794790573914, 0.688168077523982, 0.686079762153495, 
0.682663160305501, 0.675914520628009, 0.681619142105034, 0.681490400126468, 
0.680390123813032, 0.681648946854087, 0.685599373230266, 0.682069529204412, 
0.689862113117816, 0.680685944927155, 0.688392203824282, 0.681597652556012, 
0.688188733179562, 0.681074326147308, 0.67690403545101, 0.686850779278694, 
0.685020251736767, 0.683810649440179, 0.68388841244883, 0.687548616187631, 
0.686201552077821, 0.689805896235902, 0.680791515674423, 0.687625921650451, 
0.68034519635266, 0.694557732901145, 0.681783679917426, 0.678830276754388, 
0.686314780740594, 0.689627458110938, 0.688327742834029, 0.68560016125893, 
0.688717167965508, 0.679150775430958, 0.686463946349192, 0.688545440431259, 
0.678993661748507, 0.688241966212578, 0.684186334650003, 0.688203786290307, 
0.679233618311535, 0.67959402098358, 0.683318684530174, 0.681805292166471, 
0.679096634265134, 0.679427349764858, 0.679657034900331, 0.686170240012174, 
0.678864704191107, 0.675456112576911, 0.684670328245302, 0.683294821473732, 
0.678412970393635, 0.691906455978877, 0.680972283221423, 0.68086894927043, 
0.689598994064666, 0.685909531577289, 0.689561915896576, 0.683182900429959, 
0.676047373716709, 0.690850232434596, 0.684097812700692, 0.680659216590654, 
0.681828717625746, 0.685646239634342, 0.68069322786474, 0.68166946230342, 
0.689330038837299, 0.687404039600193, 0.685192309070993, 0.685182616701594, 
0.685275585832303, 0.679277299724192, 0.682282768634976, 0.687549182165401, 
0.684085672540292, 0.678676988567727, 0.679120786585545, 0.683767072498296, 
0.686943099579638, 0.683351480087673, 0.681148730778678, 0.677145330839534, 
0.676413712724096, 0.683750385191969, 0.682506916382429, 0.682100686352426, 
0.685663217161676, 0.68709838392436, 0.687781645868661, 0.675686575145005, 
0.688072602629754, 0.693401025439548, 0.684742277174298, 0.682651438351896, 
0.680878187777728, 0.676563591602522, 0.681271489089701, 0.689918468590013, 
0.68343195102064, 0.683031112174577, 0.686971588429101, 0.686571259036256, 
0.683580342937738, 0.683278862016925, 0.683428817621854, 0.682960825705246, 
0.677326713855875, 0.683714041940816, 0.683659193948884, 0.685092668948848, 
0.68780749705917, 0.68932384343951, 0.682224173191193, 0.682115347391377, 
0.682914758632249, 0.688884906224633, 0.686196173583508, 0.68208478923728, 
0.677999613510315, 0.679801709101631, 0.681027363096032, 0.685153395278565, 
0.680879808018742, 0.687817857622268, 0.683238671619516, 0.683486920160481, 
0.681303637833006, 0.688127054740385, 0.679333124051842, 0.681039881889479, 
0.68365415606242, 0.687497124866104, 0.684724151513479, 0.68018983867024, 
0.678983368314181, 0.686114993605301, 0.687981801391975, 0.680939638197031, 
0.68667422288782, 0.677375214580725, 0.681381282836487, 0.685440121518203, 
0.688633228197356, 0.693156869466906, 0.687286674846708, 0.684138931036334, 
0.687366825271786, 0.68815169587323, 0.688065110239246, 0.681726017382697, 
0.687258176860781, 0.682433699789047, 0.689630669278153, 0.681735863516732, 
0.681018433851057, 0.681800118294502, 0.682085615063992, 0.685223431953445, 
0.686609643132749, 0.686143903669824, 0.685730744470735, 0.682190547038838, 
0.679023339102811, 0.689824433992502, 0.684336188868049, 0.685883981334996, 
0.69119653559926, 0.674140533086706, 0.684558833074288, 0.68854143433566, 
0.682972831490577, 0.68270989398893, 0.686234001948866, 0.685310232145024, 
0.680487849886997, 0.68806422647553, 0.682628600347174, 0.681997982489264, 
0.686943860602501, 0.689201391923387, 0.673523821101771, 0.688495554959994, 
0.682915974055589, 0.679011626370437, 0.68936586488612, 0.686899463201931, 
0.68247782527319, 0.686379735672546, 0.684425712489874, 0.684553862590981, 
0.678478811966345, 0.68472895375024, 0.675857447399608, 0.675645092466195, 
0.681456993543899, 0.682533177176077, 0.680020956940249, 0.675857517098832, 
0.686204572232099, 0.68898167928964, 0.686658243588399, 0.677434932076647, 
0.683213729070182, 0.68168605480772, 0.686089929376964, 0.684995798715258, 
0.682629434338581, 0.677945347249965, 0.688006487195376, 0.682173837350324, 
0.688242626037619, 0.688114216045872, 0.681692543396448, 0.683165361375873, 
0.679274600375182, 0.68408090326204, 0.689225804351599, 0.686242884272668, 
0.683828733248209, 0.677359427137383, 0.68287342622181, 0.681930652792561, 
0.684179562793274, 0.689132679641211, 0.678948334793332, 0.690134559374048, 
0.684487186740571, 0.687877380900846, 0.684022138239371, 0.68219510607537, 
0.679275665415013, 0.678109978846685, 0.6734276958206, 0.68035602811844, 
0.676906838291803, 0.683210188962166, 0.678748643053576, 0.673507406597711, 
0.682012691521521, 0.683638326966957, 0.688985868634702, 0.680250349024961, 
0.676176104258869, 0.683812449988589, 0.673960874143655, 0.685170362881302, 
0.688339166056378, 0.685152431580988, 0.683015938896418, 0.685647075769987, 
0.685747713333283, 0.684391754925722, 0.684538565399482, 0.682756166578514, 
0.677346496175049, 0.679817152523187, 0.68416086839547, 0.679106046763557, 
0.687037880291486, 0.688138104121177, 0.692912429415524, 0.682046542281581, 
0.684206479456695, 0.677871078812203, 0.682236927168182, 0.692719369809635, 
0.683518087912465, 0.682943636681234, 0.686606305928676, 0.686867161307807, 
0.689687176606287, 0.684408495723097, 0.685153762328052, 0.680708144259212, 
0.680852284450353, 0.686612865723181, 0.684133247713689, 0.683347346239089, 
0.687376545366625, 0.674852716175346, 0.678789330439498, 0.684938606856614, 
0.687140483644498, 0.680909175856717, 0.683428163519088, 0.680669121227168, 
0.687597267425015, 0.682849049186489, 0.685709638374877, 0.683887087381058, 
0.693450335375052, 0.67613580131729, 0.680134134599255, 0.677458033464454, 
0.681602883815194, 0.676690695667702, 0.680637014477651, 0.680074998812385, 
0.68004595995779, 0.684924212322869, 0.685993680672457, 0.684234467103263, 
0.679841126448628, 0.690185471561403, 0.682516191144608, 0.681063147431621, 
0.68417386748861, 0.682941212262619, 0.680889910124844, 0.675798666039495, 
0.682435672578755, 0.690293040489532, 0.685341410184936, 0.689478059019972, 
0.685380056368431, 0.678668013847934, 0.686455524760271, 0.687980733307741, 
0.685421902839305, 0.687867504603881, 0.685661447916435, 0.685885636466237, 
0.679437044941652, 0.682453171581778, 0.68604734583805, 0.68521485057581, 
0.68206755530236, 0.681385498451747, 0.685826988805999, 0.681852462462028, 
0.677019799020485, 0.688523102724604, 0.676253245264373, 0.68756840051741, 
0.681815100390324, 0.682890838470406, 0.680652981659522, 0.680118467496686, 
0.683383827082272, 0.686493182674199, 0.691544374974074, 0.681623517771689, 
0.68095052045495, 0.686343675237624, 0.681074633239911, 0.68935656041539, 
0.67528498060914, 0.676494772451797, 0.685920742636552, 0.686641710657586, 
0.683647818658342, 0.680673971430918, 0.680844922225546, 0.689623883536725, 
0.685568919784593, 0.680666786509818, 0.686113666925059, 0.683437899016917, 
0.680741163683155, 0.679149663640638, 0.682232030188311, 0.689056587386423, 
0.684953297992663, 0.680049028765574, 0.6814511296313, 0.682924486083196, 
0.689591874672187, 0.684487287106353, 0.683123406481784, 0.674009413506234, 
0.676254637799372, 0.688317683374303, 0.687142169480077, 0.677565670302744, 
0.692125660357213, 0.680045359707415, 0.684903582937476, 0.680991180970482, 
0.678976204744698, 0.686198389478039, 0.685086774511891, 0.682906013957332, 
0.682714844661265, 0.685436117630982, 0.676297542337866, 0.680553178407001, 
0.68342371142461, 0.675628676233511, 0.676531956206997, 0.680143289429148, 
0.68212820887604, 0.686187848779122, 0.684350930392733, 0.679534685121408, 
0.684866574552842, 0.687308244895736, 0.679246193281879, 0.68295010683812, 
0.684580820725504, 0.687531511445472, 0.685754762626826, 0.683893474305755, 
0.681350676511643, 0.682443527929799, 0.686825262648233, 0.681726331670047, 
0.681349359996061, 0.687330144507427, 0.683383704961046, 0.684077810061743, 
0.686907158490447, 0.676633867841693, 0.690857450138062, 0.686463707874277, 
0.681025492548951, 0.682124945327312, 0.679771329289123, 0.675912459575944, 
0.6857555913778, 0.680837477316863, 0.686375907774453, 0.681581083480068, 
0.688049123260132, 0.679307298511977, 0.680339369054114, 0.687362627941479, 
0.678768269875793, 0.686730081108011, 0.674856975841823, 0.688510720220592, 
0.685523013597854, 0.685200885472716, 0.677496647949225, 0.680378500217415, 
0.691007145350625, 0.678958799879821, 0.68072917092476, 0.683248197167561, 
0.684514640678843, 0.685515783617506, 0.681095691253128, 0.684649600650958, 
0.672375568308633, 0.678346089054617, 0.687612143202909, 0.68111507062384, 
0.675805398616354, 0.686793760390184, 0.686190200711701, 0.680630558341113, 
0.684855547521663, 0.675626511171602, 0.68833176944783, 0.676568132186161, 
0.690286918423693, 0.682970257526281, 0.683691591615638, 0.678898134556727, 
0.685726951289132, 0.685754444932566, 0.680329423200916, 0.677399349368721, 
0.682445914909914, 0.677125565148941, 0.68167878828133, 0.688097712402417, 
0.693347859236871, 0.673020748832458, 0.673314975731137, 0.687155103189526, 
0.681388135048686, 0.689093766825572, 0.687953619593862, 0.684627010700824, 
0.683095198638458, 0.683215615340548, 0.684002822545991, 0.688890270558799, 
0.679813471440283, 0.671374762796011, 0.673132511655509, 0.678901564174902, 
0.684137565187397, 0.681068736700043, 0.681615576694634, 0.686309124642189, 
0.686455735370996, 0.685919804845668, 0.685731189474434, 0.683465046670259, 
0.680965292156758, 0.67790824859313, 0.690141512227968, 0.675554523783589, 
0.690696940783695, 0.678648422754234, 0.685364235779595, 0.68048927808506, 
0.686326633464043, 0.679539748536832, 0.673157040487714, 0.686936170244382, 
0.682611785761802, 0.677016113525774, 0.682162318641333, 0.683278539428255, 
0.68681487438473, 0.674475148728352, 0.676154086852618, 0.682610115788495, 
0.689385854022405, 0.685703137151973, 0.692223818360197, 0.671348324740268, 
0.69020161777394, 0.679218943393593, 0.684351003663499, 0.681295882469567, 
0.680706657149158, 0.68464905556713, 0.677651288846518, 0.684387644424548, 
0.679902695502778, 0.68644494794577, 0.692190688540769, 0.690725750449919, 
0.686969986424785, 0.681353768410046, 0.682446322163476, 0.684852419193033, 
0.686022453935101, 0.68531228986023, 0.68498215616735, 0.682421533030079, 
0.687429384389764, 0.677472113281336, 0.679861784860841, 0.673597392290362, 
0.67900762064138, 0.683830610453192, 0.68126903647193, 0.680788658391533, 
0.686115271044178, 0.681599107757349, 0.677557272772395, 0.681272841551334, 
0.686960314972245, 0.683270839681436, 0.689558729769534, 0.685651885279316, 
0.684683887106386, 0.68155526010017, 0.68091976528103, 0.683583561441505, 
0.678753470427189, 0.687494719411163, 0.682330273399568, 0.684892337031293, 
0.683317778233648, 0.684224089995151, 0.691390614764702, 0.677610639952535, 
0.685668009744245, 0.681972756837946, 0.683400158395611, 0.686747286156166, 
0.679684354680259, 0.682161699039143, 0.686060705301005, 0.680728763788752, 
0.688698994006829, 0.691014199355463, 0.686248819212341, 0.680395969924457, 
0.680870252511889, 0.690606602261041, 0.686591104252776, 0.683108737547249, 
0.675396116295552, 0.687187225085836, 0.685257288430841, 0.682115449573903, 
0.682117808038324, 0.682555432676624, 0.68717018193118, 0.689010299671575, 
0.686028285194786, 0.681537568445872, 0.682934761061599, 0.688347105089614, 
0.68544112169153, 0.687315843727804, 0.685945220862485, 0.678695716703715, 
0.673489696708224, 0.686252381494783, 0.683497829804089, 0.686786459914448, 
0.686680184974637, 0.67927439986895, 0.686384610482367, 0.683156539398179, 
0.693407664051401, 0.685265479311601, 0.682065413533178, 0.684529858767258, 
0.675445378455968, 0.683765185035956, 0.682213413585418, 0.686246218718091, 
0.681456209812402, 0.687997873853643, 0.6853039895342, 0.680132552221784, 
0.690119374798633, 0.683197303044841, 0.672169587193774, 0.684968079814066, 
0.679164279316948, 0.68224804546273, 0.687610190279674, 0.682757783269682, 
0.685102603770782, 0.681846048991724, 0.682505156841519, 0.685858566186654, 
0.688593374438682, 0.684026765967859, 0.684005849943059, 0.681618883867281, 
0.681125808880739, 0.686157714573334, 0.679906958245344, 0.681673062727143, 
0.684799564580614, 0.680321386888173, 0.677868762970732, 0.685220600472187, 
0.685013677206583, 0.681323938306117, 0.684550020807654, 0.689558352548684, 
0.684308867403663, 0.689963335166162, 0.68774381205195, 0.690716920653104, 
0.68810927750862, 0.685488626245671, 0.679555824700517, 0.68466083856503, 
0.678842092656249, 0.689340673547155, 0.685999720220804, 0.686899615588921, 
0.688418436113509, 0.685207609910487, 0.682122730160515, 0.676877256718928, 
0.681320639214859, 0.686143622674184, 0.681437606933834, 0.679370164986389, 
0.687892880121786, 0.679433740944659, 0.681484032607124, 0.679587542839709, 
0.678446129222136, 0.682280666400007, 0.686567272097926, 0.67828588017965, 
0.679379295439919, 0.689015683286042, 0.686496224194385, 0.675666253680653, 
0.681147648694434, 0.686115915736058, 0.684697430347605, 0.681373711976772, 
0.682462606586551, 0.681898658618002, 0.678178201026305, 0.687768995751483, 
0.678192547859617, 0.686547959142144, 0.681897551759957, 0.683007537511761, 
0.67730522810836, 0.68879471402514, 0.685168138863686, 0.6799156432165, 
0.682387193044569, 0.679916230102554, 0.684346461436037, 0.680429889265451, 
0.672502222362599, 0.68660374153437, 0.690935757800832, 0.689579398722331, 
0.676918839048225, 0.679889491003458, 0.680869144085899, 0.690304642011984, 
0.687166862435936, 0.684160819117158, 0.683351200060727, 0.688728422515188, 
0.690154428177691, 0.684624902196109, 0.681150129101564, 0.688246573851255, 
0.688650891576538, 0.684729870237895, 0.688740854602186, 0.67891493421933, 
0.679454506038026, 0.687360871596439, 0.673598674399002, 0.680314413197129, 
0.690681172547731, 0.678942964278059, 0.686228152678873, 0.683953750136588, 
0.689367166122689, 0.676389763561973, 0.683457920334321, 0.686321867388425, 
0.682430574134913, 0.67616461825284, 0.669513482371688, 0.684239427324765, 
0.688902876481891, 0.684769305704986, 0.680394551509476, 0.680931049282773, 
0.685614922376097, 0.682561471363181, 0.685569078767428, 0.690920317996255, 
0.687393051714488, 0.682010328321875, 0.683979744373078, 0.680617951338322, 
0.685983905899688, 0.683324247369034, 0.676069429703279, 0.682816498218165, 
0.681754703789827, 0.679781493043765, 0.681516562548427, 0.672315140278864, 
0.685807222859745, 0.681721860054409, 0.68419621926868, 0.691845952364027, 
0.68566670088709, 0.680725912288332, 0.679671574400212, 0.685457143067514, 
0.672328045916788, 0.68548275930184, 0.68951450275004, 0.683935178856735, 
0.68768551526144, 0.680166860397576, 0.680080011728929, 0.686565795828787, 
0.681332421878902, 0.684462826344711, 0.686761203729373, 0.680252878325628, 
0.686739081827994, 0.686442179501497, 0.684993509469679, 0.684785537353924, 
0.688335614143707, 0.683387934991383, 0.682850502244024, 0.688570213146587, 
0.68468211193177, 0.689766776443099, 0.688095258431536, 0.681264743516019, 
0.688520442763475, 0.680733214636766, 0.684369644062746, 0.685047549818228, 
0.686970464772007, 0.685214662523356, 0.678519967411151, 0.681865250649685, 
0.681860729761493, 0.687619747912574, 0.674733326493073, 0.686655568176434, 
0.683814614694944, 0.681605447026634, 0.68111248925136, 0.687230071375225, 
0.686658008618059, 0.679366266700785, 0.688598112197403, 0.680437673935167, 
0.681155229739412, 0.686215357351954, 0.689604138684066, 0.685196329123886, 
0.685022987306753, 0.685963096214981, 0.682305248092418, 0.678967208749906, 
0.68139387543858, 0.681689459701891, 0.678883080806776, 0.689760341855608, 
0.679691573081595, 0.683166665088328, 0.692333619456221, 0.681078019860886, 
0.682737595990085, 0.681867572450796, 0.680777514952375, 0.68404900239994, 
0.679464693530288, 0.681821242935401, 0.683189395342615, 0.693402545280173, 
0.682163383961861, 0.675965826255769, 0.679897238575824, 0.684182913756929, 
0.689726221363032, 0.684382227184152, 0.685242894605822, 0.682617618971861, 
0.678461835724972, 0.685517217256078, 0.684113637005205, 0.684186803142225, 
0.682115977460233, 0.684220549928445, 0.682772883876544, 0.690991559026344, 
0.678163064390624, 0.686968934299496, 0.684401011296929, 0.687435073012144, 
0.68852080541452, 0.689476860569792, 0.692948584574729, 0.680311277715964, 
0.688263340478613, 0.676330526709058, 0.684706237579544, 0.675678419333388, 
0.685450958888272, 0.685823453505909, 0.679572242501109, 0.678351535066241, 
0.678951597466482, 0.689656116401394, 0.689146705300131, 0.681731394820547, 
0.683750584246268, 0.680451083127161, 0.685896439289682, 0.67964955879893, 
0.67807246978549, 0.679529973164086, 0.694962476010479, 0.682925177163443, 
0.68865410468996, 0.687181768915326, 0.686360471605928, 0.682020633827927, 
0.682776886432266, 0.687657926854681, 0.687463835650299, 0.676146022011182, 
0.681455960302106, 0.677841544882901, 0.681080639654393, 0.688167645401094, 
0.693449875107492, 0.686801514027535, 0.677792536617551, 0.676650291718666, 
0.688907328473042, 0.684989576703718, 0.682017838076395, 0.680507184147362, 
0.686315516771169, 0.673350563774433, 0.682127895626036, 0.685427318639784, 
0.6864746122781, 0.683882793138422, 0.690177373204404, 0.683844927949207, 
0.684118575480574, 0.679882558565388, 0.683759636347162, 0.681597440229873, 
0.685345173244058, 0.674574526406271, 0.6743014216917, 0.683441323567864, 
0.685838285132284, 0.686332794654556, 0.685528463867537, 0.685647129356326, 
0.677138952879174, 0.684282525081553, 0.683648026888057, 0.679486791064483, 
0.682064436222174, 0.68464571099029, 0.677684923360784, 0.685502522881012, 
0.68431063462501, 0.680432193421987, 0.685277937184263, 0.686980098057618, 
0.678815272882778, 0.681713850704951, 0.681076360852533, 0.685923527641551, 
0.683473173773685, 0.683393894366915, 0.68117707718408, 0.682160205306455, 
0.685303264006521, 0.688966863034247, 0.672385914418461, 0.683080907775792, 
0.686389989758364, 0.686583445612353, 0.686483151157535, 0.684850594429505, 
0.68879587127076, 0.680485950766704, 0.676494894794831, 0.684581498999409, 
0.679313681368194, 0.685830468925084, 0.679036630252102, 0.680824473882004, 
0.684045822503396, 0.687689016657333, 0.687209063275453, 0.684223554406836, 
0.67970049208264, 0.684262846475785, 0.682801108504406, 0.669294163362578, 
0.681098470571619, 0.686179924205427, 0.686489625500465, 0.681152249842076, 
0.686889800451502, 0.689404450122178, 0.669709437119548, 0.684369461393948, 
0.678397716737656, 0.676520066471509, 0.692867678351907, 0.690011752215687, 
0.687570546297396, 0.685519125061436, 0.677851779098542, 0.686475566897439, 
0.67918543514366, 0.685754288246644, 0.674984564782294, 0.687423083728218, 
0.682436887422855, 0.686402393728107, 0.687227174218364, 0.685705526446056, 
0.677092111212061, 0.683983357995442, 0.688940150786725, 0.683359406670895, 
0.680264058795829, 0.695409467813004, 0.679809470408913, 0.687812320908047, 
0.678553374783399, 0.685645400180805, 0.686282111091248, 0.683505157751312, 
0.683882726023277, 0.6877663222041, 0.681596550280552, 0.681337491992515, 
0.688745090362062, 0.683722845271469, 0.683410627698574, 0.682105745199071, 
0.683779156023421, 0.675101290406854, 0.682330609232803, 0.679319830293399, 
0.685660382765017, 0.684682339649789, 0.682917151480188, 0.687310374120619, 
0.683089231990893, 0.682822064023648, 0.678122553553435, 0.68310339027039, 
0.684663566974213, 0.685697362524293, 0.683800290714616, 0.683286537625599, 
0.683382000896294, 0.680859978624328, 0.680180114882521, 0.684259408040871, 
0.673503379470322, 0.687836951555006, 0.687686410493191, 0.685826614283809, 
0.682757208208698, 0.6855277681744, 0.682906743587014, 0.684140289398015, 
0.690070145131682, 0.687395589608674, 0.679967427320885, 0.681745362719809, 
0.68840686382307, 0.684972257346973, 0.67777979344614, 0.684208992802505, 
0.686053112295677, 0.687827493043319, 0.685064480362126, 0.681976020898242, 
0.68862093117121, 0.67997093178044, 0.678566752345321, 0.673655828456, 
0.677217034940686, 0.67964853013171, 0.683249907212267, 0.684017072468448, 
0.6802716211006, 0.685890335824472, 0.686141968302603, 0.681793584550301, 
0.687710914598026, 0.679149972208512, 0.679759344067443, 0.690244292819283, 
0.689729637659723, 0.684621021868952, 0.68928542796951, 0.682526482900702, 
0.685328893057544, 0.679014850789542, 0.688387992628778, 0.685854974903115, 
0.682316275873134, 0.686574006429563, 0.683683231104379, 0.688706487638078, 
0.683479584405293, 0.686262606094525, 0.681524322613252, 0.685334576344655, 
0.67848812539739, 0.686878220966762, 0.688400840662088, 0.690897335751682, 
0.680095646304602, 0.669548333437402, 0.681620670953562, 0.68310126726781, 
0.68250327112767, 0.682391398038666, 0.686845155741707, 0.681849575548585, 
0.686415245598071, 0.684953693930253, 0.675209881537519, 0.676861584621994, 
0.686524471991937, 0.685899817669204, 0.685670655613183, 0.68544314931378, 
0.686215147756791, 0.686329060080388, 0.684463010215879, 0.67969851861372, 
0.676893258784258, 0.678336651596051, 0.679542818583032, 0.685516941420707, 
0.685197196874741, 0.687120410233735, 0.686943295109163, 0.681263612501977, 
0.676514832471614, 0.690633868373476, 0.682986812858074, 0.687005650864122, 
0.690514258312634, 0.683450291640848, 0.680193779384598, 0.684131214171622, 
0.690596206800768, 0.675969326778891, 0.680897258650904, 0.68174362611235, 
0.684815515633663, 0.686681773538039, 0.687002163337938, 0.681064890770387, 
0.678811595582711, 0.680739233328744, 0.683960407895298, 0.687394114624819, 
0.683315604367958, 0.681222815174497, 0.682027025558917, 0.689425147737743, 
0.685083041393463, 0.679358162619417, 0.684810350378885, 0.690728691716745, 
0.687140603242744, 0.685102454145721, 0.686127553994934, 0.683674560466363, 
0.685075117772693, 0.689063349764248, 0.683480003079531, 0.685063910252232, 
0.683333230928047, 0.68913292321577, 0.68534749788465, 0.686726306466074, 
0.67632371540148, 0.683638385652475, 0.684065406007654, 0.684404463781463, 
0.67667837417589, 0.681494385277798, 0.686706016020574, 0.686701002160627, 
0.692156095648131, 0.678068264514639, 0.687144437688939, 0.685780958216468, 
0.685499184915263, 0.679001523871807, 0.681129299733224, 0.687131081659996, 
0.681781587177509, 0.690274403070248, 0.693758350155466, 0.683568109663316, 
0.686978638279874, 0.680523870075679, 0.684566807276174, 0.676808632639794, 
0.679465078548529, 0.677141714915069, 0.687764706218346, 0.684517791064175, 
0.684183585784659, 0.682853511030055, 0.685700108558254, 0.68453041206327, 
0.678813813407635, 0.686313595309313, 0.682208346652634, 0.677641105834454, 
0.679516963276151, 0.682512236181812, 0.683512211887679, 0.687259592985433, 
0.681697001225319, 0.686925407561326, 0.684037540218899, 0.682813690290305, 
0.688899781612726, 0.686346965856808, 0.686445042239773, 0.677452089960443, 
0.685998837146977, 0.682160808690661, 0.68689741701201, 0.682357518991486, 
0.680369670868761, 0.682320311154089, 0.689366348211565, 0.684856807144766, 
0.684329113387744, 0.682381294800662, 0.683039651656148, 0.685659829288515, 
0.688951065106941, 0.682027212700949, 0.683306707328046, 0.683589644126212, 
0.686192400801363, 0.684893498613016, 0.692467734588624, 0.686390547927541, 
0.689391066640438, 0.679077936226665, 0.681423879450242, 0.681443392966185, 
0.684356049464115, 0.681415717292474, 0.680716227816966, 0.685462720898823, 
0.686431122412834, 0.679305126348521, 0.681562831414904, 0.688010722173861, 
0.68189791860169, 0.688822799667471, 0.684413056701293, 0.684982311473572, 
0.682165293941199, 0.681828382709246, 0.680564448245093, 0.677144847083286, 
0.682544068253526, 0.673819938150998, 0.683718716591808, 0.684319918950691, 
0.686354305659137, 0.681775208431732, 0.681525534590807, 0.683183557150681, 
0.683521422597882, 0.685462185775401, 0.68026010121433, 0.683956529604026, 
0.684280347677412, 0.680059953040251, 0.681986003747367, 0.680880009501515, 
0.688550253354244, 0.678073631166418, 0.685128719297564, 0.685629074031076, 
0.675698061825154, 0.673578407550779, 0.686163952881614, 0.685251457147467, 
0.681575701942491, 0.688610498395879, 0.67671305227658, 0.6849490905618, 
0.68791119397945, 0.678829620743938, 0.68432601756898, 0.681300176847843, 
0.681089403012235, 0.68359202929761, 0.682431691380418, 0.673135047375856, 
0.681801913426415, 0.683266214107761, 0.688131287745995, 0.679108963058058, 
0.682525761109032, 0.678857524079741, 0.686417545179363, 0.687114756408861, 
0.685220069101662, 0.691553590520475, 0.684331227488463, 0.688682849326994, 
0.688777251723753, 0.687532882692544, 0.681702140743393, 0.682090513388074, 
0.67719399999997, 0.680307633333605, 0.677816901738731, 0.676621835785411, 
0.682667296259402, 0.686440046921655, 0.678833035062152, 0.689430539966577, 
0.685059328315718, 0.686269180172452, 0.68235024823125, 0.682627857981987, 
0.678349809359715, 0.684010844928428, 0.679240425498134, 0.686063497730881, 
0.68540186061168, 0.67794890001194, 0.68316898859062, 0.676994396266986, 
0.682804057553033, 0.675241383047049, 0.686235875768016, 0.681540605349353, 
0.6909234954651, 0.68018149560732, 0.681591720278947, 0.681218298487969, 
0.68166380893922, 0.686333814909419, 0.676966404916716, 0.683909910755212, 
0.687112450331944, 0.687953894722368, 0.685430698788039, 0.686373957005165, 
0.686435404098395, 0.686804836935931, 0.690417714521267, 0.684026154476792, 
0.688437901939659, 0.690223736463886, 0.683490775185906, 0.686466396269249, 
0.679143914896468, 0.688739562282966, 0.689451441337301, 0.685194507198409, 
0.683537701349168, 0.686758674218786, 0.679814945011534, 0.673084876808599, 
0.689230867655849, 0.68110888900208, 0.686559315630085, 0.682468611590947, 
0.673766633653669, 0.682179509699161, 0.686200816356174, 0.685560643379278, 
0.685270443590119, 0.682504376862888, 0.671277694360016, 0.687238439652357, 
0.689682606465896, 0.688346981184123, 0.682083789883506, 0.685318616667251, 
0.683831515847001, 0.686354307340218, 0.678130639895527, 0.683154476007499, 
0.682436499469186, 0.689305271358623, 0.682176861607632, 0.679157861674543, 
0.68548967776147, 0.679295748938765, 0.681875024279179, 0.678407332303003, 
0.689108716529211, 0.678970494572727, 0.682906467861952, 0.685692751005457, 
0.685233928515316, 0.683842819210399, 0.69105072314917, 0.685366495367267, 
0.684267367621404, 0.669568048749971, 0.686243892800469, 0.682025944121872, 
0.684341555654104, 0.683393436840154, 0.684744050386999, 0.688841087414547, 
0.688454952248557, 0.686509916812049, 0.690341485966419, 0.685459565861519, 
0.691962730501572, 0.68756051779542, 0.68766388883679, 0.687924888572756, 
0.678882758934703, 0.684708982646209, 0.681451319183279, 0.683282090604458, 
0.688664118512136, 0.6785488989988, 0.686247156022205, 0.676382757505867, 
0.685475780664052, 0.688339338260474, 0.675576198688827, 0.685356151012278, 
0.681415053706136, 0.682681420551814, 0.692022633700086, 0.687126136403275, 
0.68713959851682, 0.68191852559, 0.692013937326351, 0.683196846772721, 
0.682089162290841, 0.682706101640494, 0.689363256389613, 0.675475211603746, 
0.680309664453394, 0.685338719517812, 0.680868757207081, 0.67694829833997, 
0.67561088471153, 0.686509781871556, 0.668651550155969, 0.684609191585915, 
0.6859596584159, 0.68748900559534, 0.684050394154459, 0.687792455354001, 
0.675152694160171, 0.680678411196113, 0.677246383693166, 0.694707209894059, 
0.68227477805153, 0.685580843039877, 0.686703285466692, 0.687153128015598, 
0.692247625520967, 0.680573450683337, 0.678257649008043, 0.684667436643518, 
0.685604228402836, 0.691548370705623, 0.68675426995825, 0.687228293829455, 
0.684419065426711, 0.679411321713829, 0.682600147641871, 0.687645976611884, 
0.68492550821234, 0.675966886918139, 0.688341038102597, 0.68062691640189, 
0.689310120997544, 0.690604172519806, 0.685337044542714, 0.682291421397022, 
0.689796215961832, 0.682198085139355, 0.683296633113473, 0.678643363099485, 
0.679653197724443, 0.68335102569821, 0.681877316735765, 0.681752418824976, 
0.682814098497969, 0.690200918372035, 0.678084273833407, 0.681789443153666, 
0.689746921803545, 0.688105238831288, 0.684277872494631, 0.683853474168871, 
0.686738269094758, 0.684921460556411, 0.683023387102475, 0.683426084195421, 
0.677854498293473, 0.676155800982124, 0.68658662080738, 0.680669231002884, 
0.685941063053934, 0.680528151623152, 0.68353367526977, 0.684943504461518, 
0.677991270565412, 0.682516458455186, 0.683844864458972, 0.690721546003003, 
0.686120889229024, 0.686250359751207, 0.680097778753951, 0.678970237795205, 
0.680804370062123, 0.682002661932603, 0.683476058946075, 0.683296714118943, 
0.689621835877309, 0.683205783974824, 0.683689460378159, 0.679873875443197, 
0.687612249821015, 0.676279490837636, 0.684027288417397, 0.676806395068923, 
0.681607009585414, 0.687135329902415, 0.690437048555748, 0.683225449983113, 
0.679341333317425, 0.67790163545741, 0.680478532082683, 0.693009511397379, 
0.687709705525859, 0.681548977875447, 0.682608905598531, 0.674636795669559, 
0.689139266630817, 0.680991055475145, 0.685149205234931, 0.689847558677686, 
0.68574004026403, 0.685258979464051, 0.685638652069635, 0.678767718824081, 
0.679645944696561, 0.68548783542071, 0.689684885317927, 0.674609068303837, 
0.687743693784921, 0.68269332909926, 0.680429413803747, 0.684848282636486, 
0.681933474902724, 0.687704031740992, 0.68225608716669, 0.685078749093603, 
0.677063704217064, 0.682321441772588, 0.68346996703959, 0.687500023602479, 
0.681177419884974, 0.689933437276416, 0.68079600208937, 0.68605338760062, 
0.690021735309573, 0.687123098273297, 0.67565769645035, 0.67750833355819, 
0.679374219407092, 0.685848728829719, 0.689130691395368, 0.684553626019711, 
0.679938433412621, 0.684978350552424, 0.688496791049056, 0.67555517598924, 
0.685412694641288, 0.686436628490915, 0.679318335341226, 0.685063050560626, 
0.683727770895431, 0.685464828002364, 0.682789156441394, 0.678979584591218, 
0.683438975020807, 0.688305209467905, 0.686951474036934, 0.682240745312556, 
0.686260204308474, 0.683836303328443, 0.686757143837627, 0.678921401604541, 
0.680613176409692, 0.68854146806742, 0.684190422400998, 0.675627980435244, 
0.682495006440846, 0.689018454461616, 0.684905942260153, 0.689010113632708, 
0.686355921554516, 0.683576089211251, 0.688893816129418, 0.685959271937417, 
0.6864491365957, 0.683400854219007, 0.683713412567414, 0.688333919831808, 
0.687277502419246, 0.681974198054669, 0.684410916892754, 0.674185300347511, 
0.68411681717081, 0.686190188601735, 0.681729298228633, 0.684965685563362, 
0.685907760173018, 0.68541830500712, 0.677302562513419, 0.68676231858208, 
0.686475418388182, 0.686396363408923, 0.682843594450376, 0.679082371789828, 
0.685788965186012, 0.678740299974448, 0.691821488491475, 0.679986939061047, 
0.681343965423563, 0.679955549788756, 0.676657142479894, 0.683959655601764, 
0.681090744560404, 0.678202382039418, 0.682939080608143, 0.691429911527599, 
0.677220314171934, 0.676440501343169, 0.682625271820928, 0.686355067673254, 
0.679059893606867, 0.686845216631018, 0.682292359489063, 0.680356404126957, 
0.677912106665652, 0.681632341959327, 0.686545313187435, 0.678168360666691, 
0.688364462493643, 0.677443885126928, 0.6853065965608, 0.69232037299148, 
0.679537558853407, 0.681400725316513, 0.684121322810919, 0.680747509254248, 
0.678087839227939, 0.68114469929261, 0.683445186094428, 0.685616537707622, 
0.684890436554601, 0.686948040654791, 0.682347018538204, 0.687995300662123, 
0.679640062187905, 0.679824224432512, 0.677483735698883, 0.682270807934191, 
0.674434862572224, 0.685050020174031, 0.688306592121466, 0.687618352487874, 
0.680359453207905, 0.673842004223503, 0.682911935041025, 0.683259675430881, 
0.673622187598659, 0.680080018971603, 0.685523905315941, 0.680548755090737, 
0.681618690962802, 0.678125887804715, 0.677094552670546, 0.682656535646556, 
0.68486165098703, 0.67810915484241, 0.677138117459826, 0.681722106132105, 
0.681424759185677, 0.683857565800509, 0.682224649332388, 0.686905113749311, 
0.681913484338726, 0.686302700745629, 0.682600804552554, 0.685512035014879, 
0.683651818965422, 0.676370964716757, 0.685585180904508, 0.686204419253032, 
0.678196695062223, 0.679476428803529, 0.678940147351072, 0.682231670366342, 
0.684208924990198, 0.6861215878185, 0.676509792766072, 0.678596377089715, 
0.690924351261577, 0.68950910313261, 0.688910356585901, 0.680697243701672, 
0.68327759905385, 0.687444007069332, 0.686725913773119, 0.688838006809035, 
0.683900710313359, 0.687741631415816, 0.678180538814496, 0.680242122097552, 
0.683835620572134, 0.676022432860884, 0.684304274909957, 0.685721946313432, 
0.68085287412805, 0.690469237052153, 0.687576446104392, 0.6848549680043, 
0.680401778080802, 0.685341896745442, 0.685383210776409, 0.686942966260831, 
0.670955557314086, 0.687676030272944, 0.679928134286418, 0.683251644208924, 
0.683898097097118, 0.679074556810449, 0.684026141281073, 0.689360958037078, 
0.68798609991624, 0.689574552849225, 0.683637158257497, 0.693420397765754, 
0.681981479496597, 0.677119218922933, 0.687078650246075, 0.674596281116026, 
0.685975208832831, 0.685011177262399, 0.674826606688828, 0.681751896033631, 
0.681862175473438, 0.684618877622607, 0.686405081178502, 0.682943917313145, 
0.686430843745635, 0.681625462936437, 0.676951601829195, 0.68504950020084, 
0.682038814026539, 0.670686452856638, 0.686243381034935, 0.677439637206109, 
0.676215308843418, 0.682050900294691, 0.684293495594315, 0.683846135606963, 
0.680038501116031, 0.681886627740951, 0.679852840294475, 0.677573849046119, 
0.685801353699011, 0.677051191591713, 0.680459065117871, 0.685474967947272, 
0.679938845889423, 0.669118838610397, 0.683835790596689, 0.676726696052265, 
0.681776250270011, 0.684287698976088, 0.685125889930378, 0.68107532678115, 
0.680272719288156, 0.681011987425007, 0.68701332110083, 0.686983268937777, 
0.685239390749914, 0.680630779468905, 0.688122798710644, 0.684750504518104, 
0.674373645208394, 0.68412948649797, 0.69006811813319, 0.679231813467262, 
0.684245456488215, 0.685958937269183, 0.683011331750894, 0.678970608331663, 
0.683963940802544, 0.682975954521799, 0.688046726291448, 0.682816689972293, 
0.684806849140842, 0.675378874195949, 0.684032542180346, 0.68296426620604, 
0.682227317076962, 0.67312652002427, 0.684373369650957, 0.682012715480855, 
0.67627869389891, 0.682978451059621, 0.681819998246547, 0.678169287958213, 
0.674181543398983, 0.68823790416821, 0.686285640572028, 0.679694602660559, 
0.675113821283811, 0.683900010389969, 0.67888149646342, 0.688602817540401, 
0.688454400617913, 0.683839842682545, 0.68148661657976, 0.68492641489205, 
0.680353770215362, 0.677048012053549, 0.689016198289327, 0.681338599889043, 
0.691472459534523, 0.67907636119484, 0.681086451116991, 0.67986863442292, 
0.681828429821454, 0.684498832511527, 0.684256618176789, 0.691789616096928, 
0.681080839683198, 0.690711412249769, 0.684824184774168, 0.68430280192688, 
0.680752688847396, 0.676100967854533, 0.681223898894465, 0.675332870319271, 
0.68106266146859, 0.692283408548785, 0.681297833077214, 0.693625610114131, 
0.684761975844345, 0.681841351378917, 0.677594689544949, 0.689509366439204, 
0.684243036801743, 0.678016816205144, 0.681777253614294, 0.684400763593006, 
0.68837347046786, 0.683228838196959, 0.685428507609123, 0.688306389802646, 
0.684744658070725, 0.689173818383581, 0.684604706676693, 0.685793258556829, 
0.679651449258743, 0.6846529446416, 0.686634973305417, 0.685569467156429, 
0.684528699332605, 0.685124064319888, 0.682592861548889, 0.686864181124729, 
0.685939131716815, 0.683399765527618, 0.682126401261109, 0.682846594890231, 
0.680449681948323, 0.680100695765407, 0.675024131733215, 0.683877913672767, 
0.681527175056066, 0.686814144971861, 0.681157637639281, 0.685178294299695, 
0.676587780968644, 0.682374279949549, 0.678290057124604, 0.683652399109065, 
0.680198831737461, 0.688083438305779, 0.68656960615287, 0.68623399038384, 
0.686738477384013, 0.687654199291872, 0.692750378274091, 0.681911611952356, 
0.681348978713554, 0.677167967406653, 0.689673938879503, 0.676835825246776, 
0.679622127839515, 0.682075096781105, 0.685450776414475, 0.676905590971252, 
0.676296143781844, 0.684089661458825, 0.684072523755248, 0.682908763967738, 
0.683698459356433, 0.680732945865381, 0.68427828995576, 0.688674265252371, 
0.683450425402147, 0.68311722403637, 0.683604696536403, 0.674112504378149, 
0.685330652680424, 0.679149347246424, 0.686225571618344, 0.693814556675664, 
0.691478991594255, 0.680908890133293, 0.680914476778093, 0.680068566165567, 
0.678688238618164, 0.685912368675219, 0.686809839821736, 0.687229717155115, 
0.683469847448581, 0.679581321588627, 0.6820217243646, 0.68120942931956, 
0.685144101716422, 0.677977792509724, 0.682905486656172, 0.691043137446791, 
0.685127133292046, 0.672781487713942, 0.687413155092074, 0.681603000576486, 
0.679762206400451, 0.688326247932031, 0.682845415233273, 0.684412150701292, 
0.684497610908406, 0.681254627338214, 0.679078549937535, 0.689448590790628, 
0.679224557189383, 0.682375332561619, 0.682995370421506, 0.678767991585797, 
0.687858859856666, 0.683348677755456, 0.679113661238999, 0.68169985243355, 
0.68929014578946, 0.690289357502506, 0.68419436853198, 0.675567663373768, 
0.685562472336599, 0.690747639164114, 0.687610314178354, 0.680163600814526, 
0.690142978461883, 0.685948716255016, 0.686504846701064, 0.685236914820202, 
0.676467751278732, 0.683705885998037, 0.675812679919751, 0.679418514428456, 
0.682216624209903, 0.688452187865587, 0.690526385056458, 0.686660946150316, 
0.678888201665538, 0.685086286563133, 0.684279107116654, 0.681355743658509, 
0.690119762361585, 0.676875964555539, 0.679424943463249, 0.686415387602675, 
0.678607368536581, 0.68503345347047, 0.683108683470858, 0.684449095928641, 
0.680000921205507, 0.683942713838603, 0.684289229086632, 0.676469825983195, 
0.684139186795941, 0.681055084472976, 0.685220410993055, 0.685012759119609, 
0.68619675132501, 0.689667704398357, 0.685177069530781, 0.686936336842362, 
0.683634427116424, 0.673461890817374, 0.688426239925301, 0.684709884718049, 
0.68640072558843, 0.687869404591203, 0.68704764932351, 0.690948636758594, 
0.68995348666375, 0.682168075247192, 0.692487159871419, 0.686998627946829, 
0.681251333964558, 0.690002191491557, 0.67831434895684, 0.66826371853402, 
0.688090014342053, 0.678970097262603, 0.686387716507297, 0.690533916545156, 
0.690401254856307, 0.678700952075266, 0.67730870264093, 0.676168482272299, 
0.682860116600186, 0.688110647087894, 0.689650187041431, 0.680479835725404, 
0.687290436757314, 0.679826885540724, 0.687319360707548, 0.683040162911865, 
0.681455308266625, 0.685415456574923, 0.69164674222183, 0.683591935589174, 
0.687121450466851, 0.678276905807992, 0.685233626340824, 0.685200045942626, 
0.68252610546052, 0.686437348380269, 0.681572885465533, 0.68091576564056, 
0.685033322383483, 0.680052032511889, 0.686308024817016, 0.686887517004567, 
0.684671102092977, 0.687702075871565, 0.686827822818668, 0.687529276954243, 
0.689913890585107, 0.683571422826117, 0.688024128787551, 0.682746212199798, 
0.681300014535968, 0.6715245119286, 0.682787772774778, 0.681887958743414, 
0.681279497319243, 0.682249191028218, 0.681246211578757, 0.695159699028438, 
0.680665850120314, 0.677792233326091, 0.679867806796383, 0.68458471913683, 
0.683724528546646, 0.677553917128234, 0.674879258188359, 0.683281865860283, 
0.679126164511018, 0.689429043711837, 0.688503282012813, 0.691071545860906, 
0.684244459460676, 0.686493514563289, 0.680353091545611, 0.684838803053706, 
0.684746010888764, 0.68429369468116, 0.687082766702355, 0.681643199517455, 
0.682651089829688, 0.68025232886304, 0.688418942317713, 0.679939089619519, 
0.6802808470038, 0.685400523082483, 0.682325263513327, 0.692951299176908, 
0.684182268618083, 0.683471802047392, 0.687940847835857, 0.688448394662473, 
0.686426965368294, 0.68773583698277, 0.682258361440522, 0.68440080072546, 
0.689007430053113, 0.678878960307288, 0.686612592321923, 0.685757262025892, 
0.686068107137054, 0.687255408937286, 0.688856801185939, 0.687857456288774, 
0.688791025777314, 0.683019286501871, 0.684074054704501, 0.687862606601827, 
0.672265496144697, 0.678580814476006, 0.692631699861827, 0.685651094659036, 
0.682327008937142, 0.674932194562185, 0.685071146136481, 0.681864249086438, 
0.690161196729124, 0.679455341183487, 0.687611455148334, 0.685165287635994, 
0.688894627676102, 0.68512976796106, 0.683336717371797, 0.682438096215797, 
0.681511923115376, 0.686251101475317, 0.68360646794644, 0.686298647585304, 
0.681544189650684, 0.681914243731183, 0.68455085018294, 0.683414522898796, 
0.687487821563213, 0.681241283979546, 0.682220389639322, 0.68324694413229, 
0.685973928748175, 0.677285293379642, 0.683654705809247, 0.686466061463493, 
0.678765372676097, 0.682382284891409, 0.677680712808296, 0.687529976543502, 
0.679099424659301, 0.689778541142233, 0.687277936490434, 0.684002065140106, 
0.677276561576152, 0.687090887292131, 0.679591508644479, 0.683007607316404, 
0.688177283760745, 0.667122887806724, 0.690830057075639, 0.685222229005041, 
0.68524308004594, 0.681744368859, 0.681465433150437, 0.677644227490073, 
0.69125277789584, 0.680677396679816, 0.685457736651706, 0.682776962102227, 
0.686570456957267, 0.679128927919335, 0.679967355472639, 0.692059255969088, 
0.675733378729268, 0.688695524894618, 0.681288774089379, 0.673794633316394, 
0.677685375088445, 0.689720529428727, 0.68340765820583, 0.686077787723546, 
0.69207101501582, 0.687556500449544, 0.689681445498504, 0.688304507513662, 
0.679743641790473, 0.688272161364631, 0.679181323940271, 0.673280162220717, 
0.68638675955388, 0.686352422148099, 0.686468341917174, 0.683330879225607, 
0.680221756863339, 0.676825520572791, 0.679611312244155, 0.691888382614541, 
0.686082813438165, 0.669641417994555, 0.685584278687699, 0.68336872353084, 
0.682086165206154, 0.684942719594916, 0.679156432498328, 0.685261479014571, 
0.682407750877043, 0.685235615439379, 0.674850363952775, 0.684541492812244, 
0.683571628927097, 0.680735854486451, 0.677682807761574, 0.678420508802011, 
0.688990418889486, 0.683795198966645, 0.693098554911503, 0.686050134900558, 
0.682734718587334, 0.682420952635322, 0.683779625668573, 0.683451060842572, 
0.672319374529516, 0.682312241899341, 0.685072016098703, 0.685738631128943, 
0.677126682356355, 0.679962668417822, 0.690250268433231, 0.685832451116111, 
0.686917057439159, 0.680075677494176, 0.683026675920363, 0.684639909243383, 
0.683293606729396, 0.686846010420151, 0.682851292839002, 0.688985644214451, 
0.686418453348704, 0.679179066586414, 0.68285263930021, 0.676221329012826, 
0.679087956836161, 0.686024411909488, 0.68157905562372, 0.687152264685853, 
0.679511523638149, 0.680874924861981, 0.681999055649465, 0.680006485077634, 
0.67977510464042, 0.683314287175684, 0.677608159681088, 0.682250787644235, 
0.683147556004258, 0.675486469938227, 0.679905275146827, 0.677828885057777, 
0.687114802795021, 0.686051297624697, 0.681577168768766, 0.684944670442357, 
0.678086440950037, 0.684714495854003, 0.687990022110285, 0.681914297135801, 
0.6801370012406, 0.682096655885843, 0.681263771145411, 0.682950873765533, 
0.683475046813454, 0.67967955260404, 0.677972106717371, 0.695771099529079, 
0.685857926997276, 0.683637291143089, 0.679447686742464, 0.670806006851691, 
0.681813714571438, 0.688986804231691, 0.687325498485462, 0.682251949899986, 
0.677421116618468, 0.688727497789336, 0.681055376821775, 0.687300447316435, 
0.685690171159264, 0.681109544862101, 0.682821159516639, 0.680113259954127, 
0.683491008267011, 0.684729321621656, 0.67777302531575, 0.681756926595684, 
0.66996020014049, 0.683147671913887, 0.678824791104231, 0.691416244429994, 
0.683978855298837, 0.688037960784897, 0.6795423111368, 0.687461436129434, 
0.681031917073748, 0.679171189084096, 0.675704484930166, 0.681556239712028, 
0.691586104605964, 0.678341692745674, 0.689475505683826, 0.684066650849167, 
0.680952014909778, 0.669610337990707, 0.680350521096588, 0.687899666926325, 
0.686255315192768, 0.679098938107641, 0.690129376378506, 0.686330255568208, 
0.687002929686576, 0.686659904449087, 0.67944337692286, 0.684405402345421, 
0.687126622607076, 0.678672958026542, 0.688259782575487, 0.685106298174953, 
0.687809744185205, 0.68352995417013, 0.686836133670487, 0.680733158912865, 
0.681337746359672, 0.680092462183371, 0.681525045178291, 0.671158092294883, 
0.680648324006024, 0.687073773462808, 0.687673761776202, 0.680791449109447, 
0.675571477250823, 0.6806585681182, 0.681674476809431, 0.684897142631388, 
0.684266596119982, 0.683414342588767, 0.67235474851305, 0.683272191501257, 
0.687716525129631, 0.685536853230947, 0.688729674443948, 0.687038452558851, 
0.687551141854544, 0.691775334389292, 0.688006876200212, 0.684197760994099, 
0.68437109916043, 0.675660391581692, 0.681101855693059, 0.684769767877676, 
0.68615368320661, 0.686772764082721, 0.68807039501222, 0.688708945627789, 
0.6851682374553, 0.685162324539332, 0.685521912751828, 0.685038035912171, 
0.687018791756085, 0.691187522328172, 0.667043202492774, 0.678750530326532, 
0.683907703842816, 0.676196789319674, 0.68412591682296, 0.686025720391922, 
0.685655662151004, 0.681783047945368, 0.683347270101857, 0.687856811117034, 
0.693617453947366, 0.686304265806217, 0.682346619515239, 0.681618269220368, 
0.684134725818708, 0.6850537400567, 0.68649140323751, 0.68676304564672, 
0.679324515514235, 0.67853318617887, 0.680869778210852, 0.683593420337666, 
0.684203947053326, 0.688356144364788, 0.6826985159225, 0.687030807111101, 
0.688471413992489, 0.676609691000681, 0.691149335659477, 0.679934999883565, 
0.683316754684291, 0.676024032430281, 0.674048334301595, 0.682050396488877, 
0.684102628181427, 0.681964363347468, 0.685848571928371, 0.684250677230474, 
0.678199651635351, 0.683935702958054, 0.686350328947945, 0.678245374562544, 
0.676092515214366, 0.67990260419121, 0.675512290020697, 0.680359459595312, 
0.686899379686306, 0.680104380571321, 0.689055739091686, 0.684297118317745, 
0.677385142419208, 0.680294324530573, 0.682967130941166, 0.687587996363464, 
0.684288382913244, 0.67892329991407, 0.687641010315271, 0.685285010329232, 
0.682967241960032, 0.687837169235219, 0.691358966137266, 0.687177932216045, 
0.679232860792611, 0.676118677571353, 0.678414892420181, 0.688037589374471, 
0.685570675089342, 0.685658111303077, 0.678957713812119, 0.678520326333588, 
0.692244122078594, 0.690418319413758, 0.68366420842997, 0.684389588477699, 
0.686953678868308, 0.686081393589226, 0.685787693384975, 0.674373078387377, 
0.686147602498927, 0.678093335404275, 0.686680518735339, 0.686283600854654, 
0.685129455075701, 0.684895978122229, 0.68069309233769, 0.681596784525757, 
0.68542190207826, 0.683401207924347, 0.684604021085265, 0.685250937917044, 
0.680561942997949, 0.687070842822633, 0.676333426371056, 0.682683835987459, 
0.67997407142076, 0.685028204622383, 0.675357439789901, 0.683930592789016, 
0.686079787406349, 0.677289551087343, 0.676912413679828, 0.683269767566711, 
0.683571261436729, 0.686814072534226, 0.689094135564788, 0.682827446550155, 
0.677651768081691, 0.677602190326866, 0.684200391595092, 0.684868811671287, 
0.692102418313236, 0.679591442176257, 0.68626538833683, 0.686626181139763, 
0.686699082622485, 0.684424399643038, 0.688267828840372, 0.685499319310955, 
0.680758843016574, 0.687635009435069, 0.679156024085587, 0.677095056075024, 
0.682783169540309, 0.680826767402539, 0.676995012468364, 0.679857154786855, 
0.679403464335177, 0.681764517014152, 0.687331868153834, 0.688129653642949, 
0.68473749329736, 0.689445317587821, 0.680840879544349, 0.688274306212289, 
0.678776215338105, 0.679737264280376, 0.685417839973533, 0.679110869871413, 
0.682368313223588, 0.683784683971615, 0.691714259421504, 0.676228776773469, 
0.674774178140785, 0.682674882270934, 0.676607709365767, 0.688341602528572, 
0.686271936652416, 0.676335189431658, 0.681805681127796, 0.683929865569991, 
0.683559187739734, 0.685897699798399, 0.682579546494428, 0.683421670613139, 
0.683448800515079, 0.686996407396022, 0.68471918707252, 0.681014285390275, 
0.683363903298946, 0.689304770779679, 0.683612484038611, 0.691005847264084, 
0.685906675191261, 0.684227864092175, 0.685872067983129, 0.689392564514881, 
0.685451126491977, 0.681269276640504, 0.693263945943442, 0.686569555510609, 
0.686349065519484, 0.6768337259554, 0.676680645153668, 0.681832789527706, 
0.683582934142842, 0.673759997810793, 0.682954571296951, 0.685279912012774, 
0.681012301934901, 0.685133973989398, 0.688620868718011, 0.68116408498613, 
0.687791596174783, 0.674477366790225, 0.683202011001158, 0.681907335184948, 
0.679590993285938, 0.681953655565678, 0.679944021105303, 0.691807769529234, 
0.687229498718279, 0.68418496624891, 0.694524771171974, 0.682413431062646, 
0.683663220340479, 0.688150595873402, 0.690237072357612, 0.68550846128365, 
0.672867135021105, 0.685548897876706, 0.679238568682337, 0.689219417100592, 
0.678902596422523, 0.676507953277642, 0.689949568379885, 0.682594856692066, 
0.675195472871304, 0.685574858898306, 0.678078548616058, 0.676869765608046, 
0.682246805907618, 0.68481223903063, 0.681792193236262, 0.688984889315407, 
0.680059604073168, 0.686591921387676, 0.679608981007955, 0.679281823948588, 
0.686915871164498, 0.689832176178119, 0.683559543694696, 0.688144496501588, 
0.683960375324966, 0.680460983444408, 0.680894149854647, 0.670120760168245, 
0.683980213120952, 0.680140722450958, 0.686036605885467, 0.688753454180129, 
0.684957232314389, 0.677176015082848, 0.69285488264482, 0.685657258431422, 
0.686274534025587, 0.689018430253425, 0.687926044735734, 0.682577702826179, 
0.680293359603329, 0.688588899709775, 0.67834525620205, 0.682404504634834, 
0.686455380866713, 0.689594610894104, 0.686872590860937, 0.688273168899236, 
0.68300678600669, 0.692182069599478, 0.683198788327402, 0.686580586488871, 
0.683298381927687, 0.679869644769751, 0.682709777733626, 0.689351368875172, 
0.67652846877554, 0.687230694678343, 0.678612057145614, 0.682914254140799, 
0.677748629784582, 0.679436547952915, 0.684091124496279, 0.684365178056438, 
0.686283809422961, 0.684687897235011, 0.694211861647498, 0.682314780612675, 
0.678938064151153, 0.68203323526024, 0.68490710886877, 0.691595023272511, 
0.686726058745377, 0.682709937373677, 0.676397771745507, 0.686588705100643, 
0.685632874547135, 0.681613550587856, 0.68194286939492, 0.683695949879902, 
0.673467907520784, 0.685346520754961, 0.689905800151687, 0.677703999045608, 
0.677888017451359, 0.683673688451655, 0.682194430432597, 0.681700191179204, 
0.687331172026145, 0.681776264487914, 0.687653877326522, 0.694286196412807, 
0.688974269335493, 0.687909468981917, 0.682652606585813, 0.679695157322236, 
0.680002777707048, 0.687017340525628, 0.683813240056381, 0.682690688024806, 
0.681004528027119, 0.680490815887325, 0.687116563884767, 0.680084810823704, 
0.675670579868293, 0.691741673729234, 0.672456640056045, 0.681409151818694, 
0.681012396940034, 0.686470311276957, 0.682301320306276, 0.685993978709626, 
0.685311607912676, 0.677611624344965, 0.677373109524747, 0.68315703619052, 
0.684850967560153, 0.683993358294654, 0.675792575275942, 0.683168680511797, 
0.68304352813715, 0.68558862403893, 0.68213119173156, 0.686907879260785, 
0.686370810696401, 0.686109349438134, 0.686670057976596, 0.683738234250622, 
0.676310779466096, 0.68224755813756, 0.687614620440108, 0.693201240891723, 
0.686303566041598, 0.68432161562465, 0.685481882667493, 0.686473478634788, 
0.683056044431329, 0.682601856867272, 0.679205382654003, 0.686559405791966, 
0.687069039939959, 0.688331607343723, 0.686881679465267, 0.683363856611288, 
0.6809935097924, 0.683723588454568, 0.6845634910457, 0.68993469453256, 
0.688395334336216, 0.684492283500629, 0.691000834115728, 0.679120514691922, 
0.690465999441608, 0.673433392591199, 0.684868794495369, 0.677574917681069, 
0.680269568113927, 0.687150396855592, 0.680853412822476, 0.682239728193731, 
0.686646400459085, 0.681045074535489, 0.684641624693609, 0.689405729976735, 
0.681874778437034, 0.670490762186453, 0.685333165314338, 0.683824141060561, 
0.672883843636781, 0.683564789137895, 0.681262289769582, 0.677819170607618, 
0.682084675132463, 0.679185771337525, 0.677477767739884, 0.68826194958894, 
0.683025753349863, 0.685242083167987, 0.68083269130315, 0.687730405107926, 
0.685668666882292, 0.681857549593972, 0.682078851089313, 0.686808354597585, 
0.685043503727743, 0.688190196538506, 0.682552760041581, 0.683082072499392, 
0.688924541964331, 0.675420589036092, 0.686872391111458, 0.686622451731771, 
0.6812930271547, 0.679197844336985, 0.681806093176904, 0.672552192200621, 
0.684221849462655, 0.682346527823632, 0.688359946100016, 0.682368188635909, 
0.68255195530573, 0.690080973031278, 0.687140138750687, 0.686227758833616, 
0.671661934416156, 0.681581282143065, 0.684535628205214, 0.685141946355031, 
0.689429959553573, 0.680647276459718, 0.681780719859425, 0.686306147276334, 
0.687208382782761, 0.676177349558529, 0.682584080855663, 0.683506646719457, 
0.684412546710571, 0.678656082237106, 0.689425913104501, 0.685659536902833, 
0.677512474130646, 0.687353932597513, 0.690556000346667, 0.685965146023558, 
0.679494914021847, 0.687348749606818, 0.681911136160849, 0.683998380854376, 
0.678490798694445, 0.681570009148611, 0.682890506513076, 0.669271256917536, 
0.688803499096496, 0.688764898118923, 0.684977018977191, 0.687963001888936, 
0.679117414720135, 0.679544078674151, 0.680593906740691, 0.68079205435818, 
0.679221873468331, 0.687188647287748, 0.684264012704751, 0.677202597553976, 
0.684280717729726, 0.67710157542084, 0.686982304530846, 0.680937839242643, 
0.682229946425357, 0.684633434390435, 0.677740399879706, 0.684659055021919, 
0.684927789429121, 0.690383877394995, 0.684067702210592, 0.681560421039898, 
0.683235893415272, 0.686574294633482, 0.691239722234873, 0.685353023414702, 
0.686164802589556, 0.675533777966476, 0.685327008807803, 0.673825603227199, 
0.676240131782034, 0.686551928213528, 0.6860719595574, 0.683750162449443, 
0.689785731590979, 0.686489125902833, 0.682991058538051, 0.677984093399751, 
0.687781347727807, 0.680867714580909, 0.688127659071911, 0.674346340067042, 
0.670067241402681, 0.685946930991178, 0.688114066030459, 0.677947074205442, 
0.685227929804721, 0.688995285580009, 0.678418829819485, 0.679114263574431, 
0.686261131864802, 0.689279538241562, 0.685903333393266, 0.682046811181723, 
0.679954658782631, 0.687960592701845, 0.685380167643413, 0.686526243834096, 
0.68492461180403, 0.68302342042759, 0.683529804923327, 0.681598200943282, 
0.688990949953883, 0.682871693944688, 0.687582685994682, 0.68804335792396, 
0.683738258821587, 0.68099401187153, 0.684778397168485, 0.67892621694679, 
0.687420875040696, 0.682131975668079, 0.686654891546991, 0.679774358236348, 
0.688604030172595, 0.675615648718454, 0.681019216569303, 0.682364887670172, 
0.683757262719812, 0.691392489675051, 0.682320879689287, 0.67942533297345, 
0.682276485486964, 0.681686859069687, 0.686983124446439, 0.682848333249789, 
0.684842294991259, 0.688266409554932, 0.692314759613733, 0.683792845502665, 
0.685892282774108, 0.681616724772058, 0.674521974526417, 0.677332882580408, 
0.683107189800007, 0.685336716947646, 0.688314146621927, 0.685932321766214, 
0.686831718707138, 0.684711796490066, 0.677885733015544, 0.682619274018158, 
0.681911726552104, 0.685606742108577, 0.688186207582592, 0.681021141747, 
0.69027110080373, 0.689321946201598, 0.687665757862607, 0.677259655397017, 
0.687123917620179, 0.684128245935396, 0.676999781183429, 0.682837553474849, 
0.681061538551109, 0.677699336791171, 0.683934369016659, 0.68720854534446, 
0.683373980740112, 0.679562800793299, 0.681948804383014, 0.678640023606025, 
0.68406281703565, 0.674683858188819, 0.680384308819651, 0.684077699251925, 
0.684184160484105, 0.686507183666099, 0.690737592978074, 0.688717670941492, 
0.687896491616304, 0.684537920640037, 0.679916780690647, 0.688565127882204, 
0.6815862038323, 0.689656749790174, 0.684409590736128, 0.683731801876562, 
0.678290808453102, 0.682967120729456, 0.679735725915782, 0.67905020416575, 
0.683113224384544, 0.680186390946404, 0.67968496197419, 0.678456942816494, 
0.690377546486898, 0.685201386881925, 0.689511203500148, 0.679965743967218, 
0.684611234168329, 0.689493269832486, 0.689672192552884, 0.685867591462673, 
0.691221882624141, 0.689133982783233, 0.679552678501024, 0.690702916964223, 
0.684694449133024, 0.687590785371634, 0.687518815778676, 0.686905124068451, 
0.678104116178555, 0.677309496271349, 0.690477295568782, 0.68500417865264, 
0.687919811647166, 0.684867282656441, 0.682490021731071, 0.685460991451429, 
0.680449914575624, 0.678109533298153, 0.682684259234075, 0.676639405285309, 
0.680737226781565, 0.68129801470136, 0.687535709748812, 0.682570837411369, 
0.68861984806292, 0.685688738265935, 0.684740621127943, 0.681519379209355, 
0.678824303843153, 0.686921572000937, 0.681904477781004, 0.682874004866394, 
0.690480279242079, 0.681237443189402, 0.683047743321822, 0.68702066820487, 
0.682896244304918, 0.685140394582016, 0.685731069031013, 0.686315633283913, 
0.691817088326394, 0.682634028365309, 0.685182379281589, 0.671009127085759, 
0.684491681545796, 0.686400929557228, 0.686974832248603, 0.681067010781518, 
0.688180454637352, 0.686231765765003, 0.680574632621594, 0.680576759871062, 
0.682553692602749, 0.68072003208903, 0.677011671690076, 0.681114013212524, 
0.686581666948012, 0.679960025876303, 0.683590932997338, 0.680398717852244, 
0.680664774101045, 0.689898513560546, 0.670241158826437, 0.684678480596395, 
0.684851573107072, 0.680381297551581, 0.689190165668648, 0.68133055221724, 
0.678032364758935, 0.686015934081988, 0.68176360104609, 0.682731785504317, 
0.683542860530737, 0.672797961621255, 0.678388930695222, 0.686276986411812, 
0.685261974018011, 0.676297737206456, 0.690228068856182, 0.681523115297652, 
0.68844448035271, 0.692352810703848, 0.680239350328612, 0.681300520529474, 
0.682521956765898, 0.685908533504297, 0.682280054348464, 0.688363209861767, 
0.692269069409052, 0.684540118267295, 0.681948960709332, 0.688171611949792, 
0.684213633684784, 0.686646371245876, 0.690595414784835, 0.689067072447673, 
0.683565209790882, 0.685947396228887, 0.675063259500858, 0.685062179790163, 
0.681743582702803, 0.681864321396001, 0.67856987801655, 0.686271663902565, 
0.682988862285203, 0.688037856712581, 0.68494554111469, 0.676814714234288, 
0.675552311187469, 0.687265757782076, 0.677974452383345, 0.680273811192255, 
0.683519258899931, 0.684127314562077, 0.683312176018972, 0.672016602130619, 
0.689522614304461, 0.686355049710308, 0.687211471163669, 0.678181394320408, 
0.691304993043783, 0.691971719970315, 0.689867147216224, 0.680859314799721, 
0.689563675077474, 0.685488430219355, 0.683005169724723, 0.686926273671337, 
0.678813326615649, 0.684648965468216, 0.684282992457188, 0.681735830356688, 
0.682265458168631, 0.680673416972886, 0.680825934475587, 0.682257931748591, 
0.693521275895053, 0.682646265941992, 0.684096316276111, 0.680789257217683, 
0.683853891902322, 0.684574181531493, 0.680429370020214, 0.679135749162883, 
0.681686544233905, 0.678486462879325, 0.682311819283386, 0.685620303165115, 
0.684902043273375, 0.686458793844552, 0.685224264796961, 0.691033887293329, 
0.686669821227227, 0.683652775781183, 0.678532418512232, 0.681033874688519, 
0.680385587199621, 0.684475823941148, 0.682968984932434, 0.67780208394655, 
0.689991960553631, 0.689794543872217, 0.680903674034853, 0.681436417057545, 
0.684929154872381, 0.68231695762151, 0.678699867842286, 0.685013458759165, 
0.682383588846071, 0.677846258991122, 0.691351494331952, 0.683005242904804, 
0.678662193340441, 0.682753911552326, 0.681735563669721, 0.681612929305813, 
0.673797736145537, 0.676978347985615, 0.683116674576339, 0.68254119038397, 
0.682005869137361, 0.683898262535756, 0.6886923003405, 0.674402854472732, 
0.67636151103898, 0.688334161707097, 0.682536140752218, 0.680960500984289, 
0.681449133214884, 0.680391230006281, 0.693839439214749, 0.680371756841232, 
0.685053066797528, 0.687637004111123, 0.684794068805917, 0.679841722457515, 
0.684796543464065, 0.682879777769834, 0.677719275977197, 0.690396999779091, 
0.680662245007295, 0.691103328786081, 0.687160310566977, 0.68608027111876, 
0.689969081098608, 0.690872671359036, 0.684765676484671, 0.683208841924913, 
0.680725636970239, 0.6806022473459, 0.680394840637886, 0.684841793186677, 
0.680513551483608, 0.677535620677902, 0.686350437391355, 0.686046462420383, 
0.688047417004515, 0.671898712312654, 0.681328433669574, 0.679363956831562, 
0.66997866138781, 0.684082132210342, 0.678485629523491, 0.678311887169626, 
0.686834203747577, 0.687776061361085, 0.681460506684815, 0.686609441902007, 
0.684556414837527, 0.678504997813009, 0.682802957851764, 0.68577491579215, 
0.679570697599117, 0.67763284590246, 0.685381803991037, 0.687912896846787, 
0.67928990878585, 0.683813939832341, 0.68665021550861, 0.67929837337687, 
0.685813404771788, 0.68344936326761, 0.682931397211528, 0.687129640294207, 
0.689741344683171, 0.678845882060927, 0.686798398622387, 0.691049309931702, 
0.688239217049065, 0.675315407359459, 0.685095554279239, 0.681393757630443, 
0.686481528032029, 0.683024949343667, 0.675616057330521, 0.681291544758121, 
0.691659908399612, 0.684200655969093, 0.680486433776216, 0.682142098360252, 
0.67415443410158, 0.684511089666357, 0.681544376967031, 0.68699654723601, 
0.680677216701656, 0.682274033978093, 0.685624490149542, 0.688643248798555, 
0.687561788897702, 0.692262537966019, 0.677840826876576, 0.679454074486322, 
0.678796353819467, 0.681519175818209, 0.690006647593894, 0.673734858959796, 
0.685565798905409, 0.688230944449499, 0.68316628485767, 0.683381973055345, 
0.677377252858902, 0.685107074469873, 0.683512580502434, 0.689017623547319, 
0.685140023984658, 0.684032688620961, 0.680226307297884, 0.684864447380054, 
0.680302091171679, 0.685113878559136, 0.68051755893404, 0.683017979523714, 
0.679646233082221, 0.679437075556368, 0.68391071099353, 0.691304515517145, 
0.678131225715, 0.677464757885233, 0.680622290011186, 0.681342666113122, 
0.684238721922667, 0.685047432686251, 0.677282695719722, 0.683341469739096, 
0.685128153426683, 0.681678623237949, 0.683199854702357, 0.682595509799681, 
0.682547441412654, 0.686174900301946, 0.685790173550529, 0.68310671970261, 
0.691225027126485, 0.681172541427837, 0.683810628694786, 0.675651910664543, 
0.676823844835063, 0.679517436328258, 0.681275970187814, 0.680959154931596, 
0.681657167841389, 0.684096944351033, 0.689182182300752, 0.680428407483858, 
0.679773254323537, 0.686331365262084, 0.678016576825034, 0.678801338030681, 
0.684106058000313, 0.690058442540448, 0.691141849552825, 0.684862788113535, 
0.682770250694652, 0.688256921438921, 0.683014151597918, 0.682691266806539, 
0.683010229385671, 0.682511730356527, 0.68216756816189, 0.681979277693732, 
0.677616170100493, 0.688648579172252, 0.678358660723631, 0.684780529528406, 
0.68188172727975, 0.681528925386079, 0.689463907936114, 0.682733665405784, 
0.683634090981711, 0.684855718505429, 0.67961143287929, 0.680234627998161, 
0.688343939087362, 0.67521717808675, 0.684320922956501, 0.684897628798256, 
0.68751967633368, 0.684916641184628, 0.684320562642128, 0.684057985802371, 
0.678482071448995, 0.683063564296306, 0.675220160566395, 0.68069282198664, 
0.687486584247608, 0.680818346544143, 0.684218391130845, 0.6859852917195, 
0.688449190523075, 0.68761944155917, 0.679374649819044, 0.683574010202296, 
0.688686327297974, 0.683920617846627, 0.680721945042569, 0.677807559459721, 
0.678202422277764, 0.683026403565598, 0.685501809106374, 0.673618038164094, 
0.682352610885135, 0.687648837955362, 0.683107277379227, 0.679610187856761, 
0.685995494340649, 0.688078208109034, 0.683509764832503, 0.677736189390695, 
0.678634486104271, 0.684566089794958, 0.680720453158405, 0.686916025408481, 
0.682916851283047, 0.684931811700067, 0.689053879559009, 0.673259280555748, 
0.685555685616299, 0.67960335766036, 0.682821154635946, 0.687049687826986, 
0.68101156466903, 0.687710123134141, 0.682075617044713, 0.686395130295457, 
0.686352895928665, 0.685631604453704, 0.674872444754431, 0.679562103283576, 
0.691229079509838, 0.685752489326794, 0.68254447357685, 0.689773577341569, 
0.683466797852267, 0.686549890434011, 0.685744427380845, 0.678018601529934, 
0.689564064021377, 0.682005955838068, 0.68009911066372, 0.675509547261346, 
0.683155326654955, 0.684443427230195, 0.680879374246977, 0.684703296917333, 
0.678181903297377, 0.689149481240798, 0.684374812501282, 0.686388856297982, 
0.679007093545478, 0.682392017283721, 0.683044313778284, 0.685623357741789, 
0.688483963400309, 0.680633531226034, 0.679712685508035, 0.685100395800479, 
0.685041027118043, 0.677459543104678, 0.682052995331274, 0.675238091591176, 
0.682815612429671, 0.689163820126709, 0.6759094005169, 0.684151629139759, 
0.690147096654433, 0.687933157206885, 0.68541208129365, 0.687098971808024, 
0.682735365041551, 0.681779976221094, 0.685897477852001, 0.679528076304477, 
0.674810021636527, 0.687131566918665, 0.682776163888279, 0.685103467946871, 
0.683745217510436, 0.685136294113541, 0.682490686611431, 0.686105634756582, 
0.687470018995635, 0.680750015736898, 0.682297770954933, 0.691136809064753, 
0.684481318843878, 0.678476027817053, 0.687907963263078, 0.690438479040145, 
0.6802685964388, 0.678970363775417, 0.677327707337607, 0.68107446700423, 
0.689409278966533, 0.686965509596008, 0.685118199023795, 0.685533729327649, 
0.682850516962563, 0.690257608787287, 0.677809042529459, 0.684575540256566, 
0.681625539677668, 0.681697625062508, 0.687145592846176, 0.687310384037786, 
0.68854413429425, 0.687826817707778, 0.682890212834722, 0.683862572003018, 
0.673851495985186, 0.681624051991999, 0.681676144698478, 0.686025080188005, 
0.686838648486876, 0.666094540858676, 0.67807686985416, 0.682292778568047, 
0.685141568250188, 0.69101798932647, 0.682654919479081, 0.6823157181137, 
0.685287916357903, 0.687005289613912, 0.685967442340015, 0.691067912713644, 
0.691423518975156, 0.683306531643525, 0.679292152536243, 0.687684674239743, 
0.682245809750695, 0.685152109506914, 0.68665798642343, 0.685289738746096, 
0.675862716668999, 0.687461785962137, 0.675247235710154, 0.692903976864211, 
0.684829572767543, 0.682897722027655, 0.681212767150236, 0.689493042431209, 
0.681431526577771, 0.68502629192828, 0.684106653522512, 0.680063029214798, 
0.684213773836219, 0.686408593256175, 0.681399375549745, 0.683890729980761, 
0.680933579047924, 0.684728605096601, 0.681590285435883, 0.688802493984919, 
0.687671712166248, 0.687002727113015, 0.67922504762406, 0.685886278159596, 
0.687392087060612, 0.685500575787006, 0.685620056963995, 0.68790355587299, 
0.683632242118505, 0.677092813082841, 0.684937849764487, 0.687633892548627, 
0.691825606625927, 0.684151960762013, 0.680009383462762, 0.681296273371509, 
0.684120303649709, 0.684651629663762, 0.683429729815324, 0.68199820474976, 
0.671742623015008, 0.680458681129896, 0.680104414381551, 0.684566867132484, 
0.676736057577346, 0.684658334573359, 0.676499673815724, 0.68970187874606, 
0.676503344150406, 0.677832057815484, 0.688863582547925, 0.689395579798049, 
0.683216301173474, 0.685873559922674, 0.685535247692163, 0.690185388403201, 
0.678227841113512, 0.684081318192841, 0.686700943896513, 0.681579155792913, 
0.68015213299069, 0.688285475751683, 0.684624094158655, 0.68781063151014, 
0.680633999368863, 0.685753493974696, 0.684515899002423, 0.679071215781933, 
0.687510780270551, 0.684788147827724, 0.683712256729788, 0.686805165759264, 
0.679859646890944, 0.684295639247583, 0.687452564784927, 0.680008646886283, 
0.68355112513408, 0.68237447648915, 0.686314975244106, 0.684919481719127, 
0.688520870657834, 0.680658934420481, 0.679931907367591, 0.690467169932751, 
0.681722719360318, 0.680215047576465, 0.676461133061226, 0.679780640822494, 
0.685892720947703, 0.694000327138146, 0.686993443278135, 0.676585784490398, 
0.683892303305239, 0.684804849230669, 0.684996583003281, 0.681718685935859, 
0.680063430200779, 0.683495108217888, 0.685275729960041, 0.68340652774544, 
0.681612175194739, 0.683310450339918, 0.67255745323364, 0.685393221854727, 
0.681889693671356, 0.679529913641062, 0.681042676262056, 0.673698870871905, 
0.678853599996085, 0.687416058618373, 0.691422410458726, 0.679891250935918, 
0.682134162613459, 0.674368443404344, 0.684959604410444, 0.687080959241263, 
0.69104932998089, 0.675126422872339, 0.68537476864368, 0.685346561376429, 
0.687749566506267, 0.685030792411264, 0.684477191609175, 0.686472180820631, 
0.684701475656705, 0.685369357734656, 0.67802341737954, 0.684684695103209, 
0.681482793478699, 0.675456502605103, 0.682257455896924, 0.690489033988658, 
0.686670522887242, 0.683779748759699, 0.683138495385917, 0.675345741899137, 
0.68380928306133, 0.688880540448481, 0.685939653067115, 0.685872183970719, 
0.688207151299034, 0.685027147724854, 0.689066768536484, 0.685329681029837, 
0.681088128936514, 0.688301637904975, 0.681223872945913, 0.675222187620543, 
0.679542586299148, 0.687122018141367, 0.691208972490538, 0.684499442070214, 
0.683083665266116, 0.685180641903064, 0.688865396325045, 0.688195505061535, 
0.676067831296042, 0.686733508007474, 0.676187629757875, 0.685500827972744, 
0.673682694530418, 0.672858489383778, 0.682025833756731, 0.686096230045521, 
0.687538001905023, 0.685242124051095, 0.676672596439729, 0.686914483657887, 
0.681330509549364, 0.685004937641566, 0.677027404153865, 0.689166138495517, 
0.68414934186812, 0.682730498854853, 0.684044172637447, 0.691014319429169, 
0.679900541298417, 0.681912471440985, 0.678336357413075, 0.67844305565835, 
0.690375739801049, 0.684938042542397, 0.685908387339972, 0.685485289683273, 
0.686340419908102, 0.684474584528818, 0.677754369948246, 0.687261780666294, 
0.681510143508479, 0.684364331515279, 0.680910698895956, 0.692728130896844, 
0.685703490620177, 0.686593778330285, 0.682994354793737, 0.683515821066026, 
0.676106942364041, 0.684972690700294, 0.68172669677021, 0.68732938884768, 
0.68232984277108, 0.688507085917123, 0.682718323853263, 0.684134696630145, 
0.68041837456352, 0.687781693842301, 0.685300203203474, 0.688918733768683, 
0.690086601748458, 0.67960085467111, 0.678017973104341, 0.681318433189595, 
0.687984081923442, 0.682472653473053, 0.689935733451706, 0.677587314881707, 
0.6899015689978, 0.684505371777992, 0.680075330645052, 0.68463736392217, 
0.681203361650891, 0.681761496358788, 0.682402599698783, 0.687493023037273, 
0.68198455835037, 0.684938800535285, 0.685195532081634, 0.684601888525628, 
0.677293725236365, 0.684625952993445, 0.683075819860845, 0.684928117687948, 
0.682719160844369, 0.687082130959131, 0.685802493288905, 0.675348161994646, 
0.68430006913465, 0.679846129320611, 0.673787698113907, 0.684479367386611, 
0.686072812208071, 0.682270928771247, 0.67992566859457, 0.68214555683375, 
0.680828784758308, 0.683038244167904, 0.684526193804226, 0.679135535609611, 
0.680623689306531, 0.684145639409772, 0.684609306786232, 0.687103525416905, 
0.681254628070818, 0.682527198342736, 0.683834625374632, 0.677872543734221, 
0.684719834801157, 0.680566519914078, 0.677163193800389, 0.683199232591972, 
0.684054002144377, 0.685077203366319, 0.686975244257232, 0.684530702927498, 
0.679724686871308, 0.676784929069401, 0.685847638846167, 0.684133410682322, 
0.690767088908788, 0.684457955414785, 0.672545105933372, 0.686947707887652, 
0.680876834065809, 0.6814043378965, 0.68484112648945, 0.680255392368717, 
0.689430603361, 0.69044982083453, 0.678022668303039, 0.688560406173109, 
0.674560914104491, 0.677607196230685, 0.683516069957211, 0.680144699647595, 
0.681116011117841, 0.686781559543449, 0.683910403143993, 0.687445025755431, 
0.688480496395843, 0.688025597158199, 0.685270404030645, 0.685065766178363, 
0.683979732365602, 0.675639432721129, 0.683081494530317, 0.676223874221825, 
0.677181278478235, 0.685066663832867, 0.684466236656773, 0.689908731372399, 
0.687895219828232, 0.688203620919047, 0.683940544802769, 0.692483983425908, 
0.685790199339028, 0.678414455210356, 0.678766253573145, 0.686009950623204, 
0.686611100216317, 0.689172424541358, 0.677078087851316, 0.685507977397759, 
0.686485045932994, 0.683446141763876, 0.682062449550937, 0.686883608120373, 
0.686887586121042, 0.684181079850722, 0.686842322139505, 0.67846209192375, 
0.681248263939584, 0.673633240669446, 0.68672601519946, 0.679272305783392, 
0.68809188534297, 0.685070270614319, 0.683339574295646, 0.68474424151112, 
0.685191981497648, 0.690537741422761, 0.68313989919415, 0.684751679233512, 
0.686135096807488, 0.671333531438786, 0.68249727044777, 0.684949016286527, 
0.676225555823872, 0.682021645987216, 0.688525830803429, 0.681232028306592, 
0.684888394041448, 0.684829823975511, 0.682221833871165, 0.684603271579285, 
0.690539067586586, 0.689381261568417, 0.684751877567077, 0.683197718157496, 
0.677659789200387, 0.681806727115121, 0.687200156585388, 0.681944982366635, 
0.688683422452814, 0.685722952734363, 0.686524414488669, 0.683244694103795, 
0.685372139829874, 0.677931928448106, 0.683170974394268, 0.683944761646849, 
0.68322321659016, 0.674628337937206, 0.677249022356936, 0.684091594154375, 
0.682334503010928, 0.680459941526097, 0.68131817257189, 0.694136733760195, 
0.684752937358061, 0.67222827119507, 0.681973790534526, 0.685567968251554, 
0.685526672873221, 0.68127840821584, 0.680069722869597, 0.679668640515086, 
0.676634614864312, 0.676150884631614, 0.683761534824457, 0.686204935400941, 
0.677427275404122, 0.679693062528858, 0.690082794452388, 0.686842281353741, 
0.691383194667601, 0.685084101111391, 0.682984000225728, 0.68292638606355, 
0.692200038029896, 0.683966148570606, 0.67934120426269, 0.684629195504561, 
0.67827968381072, 0.687800822369806, 0.688893060145433, 0.680840593727813, 
0.687339571714692, 0.685039261341212, 0.681045076536476, 0.680537913401088, 
0.685859491784637, 0.681372212804951, 0.682072880246259, 0.674620329109584, 
0.674135611341067, 0.672497718606972, 0.68627051556093, 0.687081651443837, 
0.686871351707258, 0.687238964655624, 0.676307523650229, 0.688981981294218, 
0.68424396927294, 0.674844653807822, 0.689403612889197, 0.688695351136281, 
0.687353807117073, 0.686144330158394, 0.679966736622843, 0.676891929612283, 
0.685270971605778, 0.683222550512523, 0.686331346840448, 0.682948458046218, 
0.681148182601796, 0.679955087741525, 0.681623076080088, 0.686171209832333, 
0.691401551078308, 0.685936187259715, 0.676001008357537, 0.687297746482695, 
0.683089156944096, 0.677167928574228, 0.684144078284919, 0.687429386171375, 
0.687616006902502, 0.6828040163249, 0.688414826353211, 0.682796798432557, 
0.675572346728628, 0.682949041178716, 0.685156846618235, 0.680133575769934, 
0.68084965225299, 0.678301262902616, 0.683158093901765, 0.686169330012767, 
0.676092743197774, 0.692182323084634, 0.683380712430098, 0.684356136149827, 
0.682256780294581, 0.675020748512179, 0.687135878168118, 0.685254283516762, 
0.689597540045013, 0.673887889851742, 0.682908167634041, 0.68087185371149, 
0.675659901121326, 0.68325605798293, 0.688004672448732, 0.672951403280192, 
0.681015390567039, 0.679501477276997, 0.685308138990268, 0.678032999815304, 
0.686014151908627, 0.680862918380683, 0.679350157818603, 0.683803314769207, 
0.692559916197007, 0.686315111308316, 0.683091075185409, 0.677030259535862, 
0.690587009076654, 0.68844562145524, 0.681688408913219, 0.683309893210365, 
0.681025119546853, 0.683227979421425, 0.684592242168657, 0.689105246563897, 
0.686807693470193, 0.689520621268027, 0.681575436263206, 0.675646544566222, 
0.678547548052832, 0.68567192706176, 0.688952999078087, 0.680773779994643, 
0.674461224487276, 0.688043829634435, 0.683962511699572, 0.687582248221306, 
0.684571152919799, 0.68835535302371, 0.682956808915914, 0.679904534150358, 
0.68381920503021, 0.686367743650733, 0.679878789524237, 0.689699664102599, 
0.685791856563523, 0.682500060250021, 0.668321015058858, 0.691973800995132, 
0.681904725493271, 0.674250556426435, 0.683910429404334, 0.675370032473819, 
0.682064427713414, 0.674633013777075, 0.682456051079806, 0.689316451786403, 
0.684777931520943, 0.681375574564675, 0.687114632017653, 0.683691846729822, 
0.679455905994914, 0.673800834867868, 0.685674728874204, 0.68850079446037, 
0.680664607515452, 0.687256025862633, 0.682615143684786, 0.689425820879891, 
0.681492343112483, 0.680463029581276, 0.678881665474914, 0.678257976941233, 
0.690036732635027, 0.684307905036828, 0.683310654330892, 0.682932823372966, 
0.688534908851042, 0.679882725238504, 0.687289389549989, 0.670577471143781, 
0.682304506792749, 0.679459688479713, 0.684907064793836, 0.688200460691508, 
0.677653672212633, 0.692459245229122, 0.685663806182591, 0.68250872805585, 
0.67875672816751, 0.685407637865564, 0.680556378327893, 0.686831145606676, 
0.677911669122028, 0.676069113916503, 0.677115599878918, 0.685153070210738, 
0.686188644351504, 0.679010922609645, 0.68664447042085, 0.687662269865212, 
0.681010920097143, 0.681862332089543, 0.685625082475104, 0.689056738259173, 
0.6812046993804, 0.684412822970628, 0.686338533792157, 0.686720789441623, 
0.685794706192344, 0.684423793051444, 0.684209156817943, 0.692143739189235, 
0.682074929999377, 0.685931742761848, 0.688897242615844, 0.684960852133934, 
0.685385422326041, 0.68129220177971, 0.684552096325056, 0.686613282726365, 
0.688815936816027, 0.682276269320864, 0.683689885521839, 0.6838287042564, 
0.681090769812662, 0.683720132889084, 0.686973760411255, 0.690857809403842, 
0.681205248624568, 0.689706070648322, 0.681445398622018, 0.683606430683532, 
0.684604474472636, 0.685278080741418, 0.680951111039871, 0.686624194433376, 
0.677022261427184, 0.686419951593205, 0.674188839771563, 0.684661250317244, 
0.677741801800828, 0.680770689750775, 0.678276004578122, 0.680023361531761, 
0.679101847636459, 0.684188029378645, 0.684489780567496, 0.679175347369997, 
0.683455460742746, 0.685154025324159, 0.690091287029564, 0.686018913127408, 
0.687176097622195, 0.688561018842832, 0.680023807285983, 0.680039594810792, 
0.685682460973629, 0.682829830172563, 0.688870038328115, 0.685635276078424, 
0.679665870656605, 0.683795942303747, 0.680930735567376, 0.69011080979211, 
0.67984613133183, 0.681723094931305, 0.684430363912402, 0.68754269079782, 
0.680992713659034, 0.688887008826545, 0.680230247787257, 0.676890342074829, 
0.688849709364268, 0.683613460039332, 0.684281195636178, 0.689282282530628, 
0.684891418782814, 0.68785586894997, 0.678248258223772, 0.677807843108067, 
0.673667624989503, 0.68165284039815, 0.694361309055877, 0.687523894163508, 
0.685311035334571, 0.681788911422104, 0.676289610527031, 0.685198150053629, 
0.679885726399048, 0.693748530551924, 0.680310461269498, 0.682935995433784, 
0.683249318797026, 0.684654953808294, 0.685295447761399, 0.684180705317217, 
0.685572411418854, 0.689157320897776, 0.676489380287234, 0.683091924622822, 
0.673190707345239, 0.681353773367544, 0.68881624491489, 0.678227645647412, 
0.68990049804261, 0.685927198899642, 0.688589566175907, 0.684956562943317, 
0.682175792157518, 0.687372161300934, 0.685716435267588, 0.680396365677071, 
0.690792262477325, 0.685933327753648, 0.681576778945127, 0.686559096510382, 
0.689789718527743, 0.685045408782688, 0.68456591922307, 0.68294290999287, 
0.691444934564515, 0.678871136776132, 0.684270529154061, 0.684142479114211, 
0.686376489320061, 0.685898618464112, 0.673115843781606, 0.684465609000243, 
0.685675812173709, 0.692144262443411, 0.684189689587881, 0.678775118841621, 
0.68702547488027, 0.684661565641962, 0.684250417933958, 0.689339458016605, 
0.675972012699498, 0.682894352354768, 0.686527616143469, 0.678943659579768, 
0.679352162176511, 0.684820521533046, 0.686722761384209, 0.681659985908782, 
0.686039776523079, 0.684095894223914, 0.673044554193079, 0.684125059915667, 
0.685274211914036, 0.681654965168214, 0.689575539392604, 0.688865017512756, 
0.683961023364914, 0.686797496810608, 0.687939271040369, 0.683415703722248, 
0.684768008232938, 0.679620812312337, 0.6726722188089, 0.683581626503533, 
0.686483207670871, 0.687472457795102, 0.681145741988751, 0.679246804166243, 
0.686890273998947, 0.679880638137634, 0.689241088898847, 0.687046747024124, 
0.683805472857888, 0.687082271435215, 0.685712274836538, 0.686966732267543, 
0.680181459516552, 0.688278619217018, 0.687100960242224, 0.686266462477797, 
0.686700805277637, 0.683529944771176, 0.683925729317162, 0.687221229639448, 
0.687549210927699, 0.682610262385765, 0.675731825363374, 0.682953520605138, 
0.689521114574969, 0.68006415697426, 0.679802084374363, 0.67998749341099, 
0.685119037050828, 0.685502937224282, 0.675364658107796, 0.686177902893745, 
0.688122226179314, 0.680620402605361, 0.676990521892968, 0.684973260250359, 
0.685034987123476, 0.685396910017458, 0.685556319752983, 0.690151110151391, 
0.686206224323874, 0.687842569455039, 0.688685458409045, 0.684115235989229, 
0.680746473532973, 0.680534055301976, 0.689434341266584, 0.683294440741084, 
0.694335582567835, 0.687037714428492, 0.683084225338229, 0.685328379496445, 
0.685909772711536, 0.686859683919908, 0.685448328650759, 0.681322653847142, 
0.683021366756206, 0.689651600328282, 0.685972625337389, 0.682778036816084, 
0.683574331684581, 0.681550863935708, 0.684833290595554, 0.689901172801947, 
0.678045694918832, 0.6760652212388, 0.67946888751021, 0.678777355582175, 
0.687610636274384, 0.687804808112917, 0.677492607911451, 0.68769420653761, 
0.688707528976256, 0.681640854325483, 0.693458823953941, 0.685208801817511, 
0.68621781453063, 0.681513847732269, 0.685613064561964, 0.688278617149267, 
0.684437263146078, 0.681626726362053, 0.686785351122402, 0.685064114951972, 
0.688840131384207, 0.679678931336428, 0.684278000677835, 0.676633627681819, 
0.683098580950606, 0.681096509876075, 0.675740577340256, 0.683505894037963, 
0.672213800499335, 0.678412899988516, 0.684286414854566, 0.679126827343445, 
0.672333066168002, 0.693242087935624, 0.685030521432814, 0.680045321038754, 
0.683608020255266, 0.683656905054182, 0.677766147321088, 0.689483265278081, 
0.680092626170464, 0.685467776371395, 0.671859205380121, 0.677928963421865, 
0.683975740996987, 0.677981348014928, 0.682462354064358, 0.683470998509852, 
0.682367399002939, 0.689790725129505, 0.684213249096398, 0.682852741958193, 
0.682443470068182, 0.682670926552471, 0.681617494765438, 0.687765992945542, 
0.69122085765202, 0.687940403424996, 0.680132249338572, 0.681682375085774, 
0.683542566992772, 0.685142213566877, 0.683629095023058, 0.686095469084055, 
0.68257047687529, 0.688687085520147, 0.680207219421323, 0.682481603299705, 
0.679669485951622, 0.682867121547375), cat = structure(c(0.690634320605397, 
0.683418735232548, 0.00437047170028516, 1.65098549256796, 0.0384
), .Names = c("obs", "mu", "sd", "SES", "p.val"))), .Names = c("sim", 
"cat"))
