structure(list(sim = c(0.668896034301506, 0.66597013233081, 0.660210903207299, 
0.657676192744597, 0.659840806582997, 0.665154818747124, 0.648420480590207, 
0.652531633939948, 0.648909421841864, 0.650579248778104, 0.651567670703186, 
0.67061638557217, 0.665777556083579, 0.638294700808614, 0.673607924701827, 
0.663424319538342, 0.656532276026129, 0.656323800232658, 0.664440888754267, 
0.666029215090825, 0.639726147454574, 0.646277039435816, 0.648120954442674, 
0.652159094354625, 0.670528470279453, 0.658331397698457, 0.65038201876768, 
0.652392060336619, 0.638529504193744, 0.658730328835575, 0.636638883110784, 
0.646707827315758, 0.649788462483857, 0.660537396672222, 0.64961441089101, 
0.65048014984233, 0.659414444805131, 0.645146879294808, 0.668601256401357, 
0.666083070436142, 0.672998683584678, 0.656491672155439, 0.642663208179387, 
0.651035813744176, 0.655119395841072, 0.648860449400711, 0.645864134426615, 
0.641236966617444, 0.638231676890597, 0.640165972904129, 0.661717741748884, 
0.657561396378716, 0.65675314600851, 0.649172890625147, 0.65111894744132, 
0.656050449517716, 0.657361534152121, 0.645601388207801, 0.661288997484059, 
0.643692222918421, 0.648274463312603, 0.647440926932615, 0.640470636558722, 
0.663004564494129, 0.665768842673362, 0.653812429069503, 0.65399881542761, 
0.655435071123329, 0.660108189821972, 0.652147999857358, 0.642414783334403, 
0.642366568961826, 0.662038937430872, 0.646338080313105, 0.670690512958325, 
0.650960334301166, 0.631699442052788, 0.649480745280027, 0.640422443804115, 
0.650691236513586, 0.660255307759981, 0.648842423494172, 0.624118948929167, 
0.640523942356231, 0.657727652890937, 0.653861474593256, 0.657585389990386, 
0.645564312523829, 0.648392969738972, 0.64944344993133, 0.649247466509079, 
0.675049596034125, 0.651174853479454, 0.667375353278658, 0.668643347915035, 
0.656624572688138, 0.652549291179002, 0.658762878996303, 0.660355537883612, 
0.661109337928181, 0.659594315497611, 0.661067719571429, 0.666022952594842, 
0.638344118526488, 0.66785061781299, 0.66446898316095, 0.65474079895885, 
0.645778142305531, 0.675707507596921, 0.65741016449458, 0.651895601310731, 
0.651293093230489, 0.635744524752561, 0.660791111993897, 0.645762108799009, 
0.667699800912219, 0.648775329480906, 0.643678254139491, 0.666831113969355, 
0.657554670700236, 0.626028203834089, 0.657468634365006, 0.661439227377007, 
0.658133641390017, 0.645322482827181, 0.624176737487908, 0.657951768852173, 
0.641171432927366, 0.648836434476089, 0.6622668242819, 0.666852897869518, 
0.657486868683733, 0.661890182562017, 0.637960133449084, 0.655490912266282, 
0.648057004437339, 0.640206452205431, 0.659483348486114, 0.654303648038878, 
0.667469576751426, 0.637444075801518, 0.646050625539664, 0.67083145564815, 
0.630176865553768, 0.649301815106349, 0.653216823171548, 0.643451711092296, 
0.670270467546955, 0.64304837777371, 0.658243706150883, 0.659017775968061, 
0.663758675711059, 0.656475000658334, 0.644925672132101, 0.659291482500182, 
0.672648023688763, 0.667787663479074, 0.652475856314444, 0.638985566217989, 
0.654236103317217, 0.673917626479624, 0.653570954404457, 0.652495300053373, 
0.630433909354056, 0.643494855574614, 0.661025967154298, 0.655184425424365, 
0.674897618427673, 0.66017714346151, 0.644832177712257, 0.642427614033949, 
0.637600438278635, 0.650276971933643, 0.6397592382797, 0.647300845519493, 
0.647509781962597, 0.647372541269817, 0.643850264469317, 0.656101555939343, 
0.652958879572656, 0.673973873577208, 0.644040381039308, 0.660214464916535, 
0.632334332542234, 0.654094508153515, 0.662177075666786, 0.669641323380943, 
0.65093527959987, 0.661166996553685, 0.659713379803943, 0.646868055376519, 
0.659353642566338, 0.65865581257532, 0.658654044317249, 0.666366139626013, 
0.665831497926173, 0.659115688232716, 0.64412361233604, 0.681289897232396, 
0.658349049837594, 0.652123153066707, 0.642352391928416, 0.650947800234495, 
0.665864338314336, 0.646722092391378, 0.669994235287449, 0.634477655384188, 
0.661537527612064, 0.660180670627519, 0.646229165523152, 0.653290751177329, 
0.667382664251887, 0.652514405523338, 0.658582629074716, 0.668967412874463, 
0.642151671205485, 0.622940646900582, 0.657412517887223, 0.657044509592561, 
0.65357741489537, 0.667957169412963, 0.644740388382739, 0.637257104627277, 
0.667876630955651, 0.660827133711244, 0.654637494174515, 0.667377107986686, 
0.651810721423381, 0.653595253923016, 0.653239438859974, 0.649536503205785, 
0.655534937939318, 0.65727356419922, 0.650919486148612, 0.661691464054247, 
0.653912776257641, 0.625908457722714, 0.646882230869765, 0.637496868412576, 
0.643819588013644, 0.669723541264556, 0.660212007536384, 0.648761055361233, 
0.660329323512708, 0.661085090752659, 0.652515180791712, 0.639052331639705, 
0.648312534000514, 0.663556965387504, 0.655517145023067, 0.656156363348841, 
0.664805159821017, 0.660803899031424, 0.659108372703175, 0.660850723775671, 
0.674349983498428, 0.653493823854974, 0.654001398453858, 0.664221846563196, 
0.647911323518436, 0.660869900700462, 0.653227356022416, 0.661485018741878, 
0.663948313294886, 0.661294169437474, 0.666349337195604, 0.669957475463113, 
0.649299557432017, 0.646243260007742, 0.652020245542187, 0.654995871680463, 
0.679630232972794, 0.649213799860459, 0.663213676208287, 0.666948050993747, 
0.641613920750906, 0.649612125490976, 0.670308465863769, 0.675087912874151, 
0.663885586441061, 0.659390921459889, 0.644078939690187, 0.66362785809356, 
0.676427607357269, 0.658517600761846, 0.654740884750148, 0.646647082453364, 
0.654574906159083, 0.649165319729382, 0.668727221041577, 0.632973234151221, 
0.663564421683581, 0.662074473343509, 0.646156608781406, 0.650164916966414, 
0.659717511826582, 0.640351136755844, 0.64941482768953, 0.653855752333457, 
0.657921036820569, 0.658450435481868, 0.655610101017112, 0.659605999201078, 
0.664001912315749, 0.652907851664109, 0.656900836708716, 0.686180703913705, 
0.66319410482956, 0.65080936426147, 0.664195128127426, 0.66227095130497, 
0.664152083213997, 0.661517989138945, 0.669510651286004, 0.648797431455837, 
0.661296884278897, 0.636829279760007, 0.646381879896167, 0.652042270115357, 
0.665925507838348, 0.649902374404759, 0.650345944825326, 0.64659311826731, 
0.662767269269747, 0.65242857003438, 0.643884223775554, 0.668495940070235, 
0.640511512449511, 0.665081612240754, 0.6556939202846, 0.651612212391046, 
0.645583360987563, 0.655976349306711, 0.655180947001749, 0.654599641644617, 
0.661252923687167, 0.655847761171791, 0.642102330235318, 0.651932928688853, 
0.670145541058072, 0.658674032041053, 0.665714105584632, 0.652217769460283, 
0.666559448023106, 0.667485446877052, 0.646464870847241, 0.645487013249541, 
0.671705497003808, 0.643798577590603, 0.658324642289914, 0.642746700649816, 
0.653728700822703, 0.669553525573981, 0.653181559303419, 0.648220837235862, 
0.63991593842283, 0.66758113413639, 0.649007236475384, 0.653591728755244, 
0.649449351772485, 0.666039606119559, 0.625798435052061, 0.663109615066465, 
0.643098113107409, 0.648593833477227, 0.664347851637025, 0.651837058480834, 
0.645405130381433, 0.67008894982049, 0.654276883948968, 0.662015646673905, 
0.662602279121003, 0.653207613600355, 0.64728444817438, 0.645759901123771, 
0.646700524202923, 0.643557050760802, 0.657649315629871, 0.638733041172889, 
0.661909039115824, 0.672449828283478, 0.654477751831549, 0.652309210983236, 
0.660717493048042, 0.65867332377786, 0.6683639595143, 0.642779891576674, 
0.639237760446591, 0.654261893262604, 0.652115811194903, 0.642389688475736, 
0.650693067107832, 0.666117225843348, 0.650642473730055, 0.656868130147183, 
0.646385163741061, 0.641273199337146, 0.668164917940361, 0.660610214938654, 
0.660734739728552, 0.647642643521247, 0.622952249251697, 0.66307453324944, 
0.661966652869336, 0.657581703261331, 0.659008364321609, 0.671156625274566, 
0.645075155212803, 0.655991415811927, 0.650153090231008, 0.650933150416601, 
0.652429320061028, 0.643363585623135, 0.657779761621135, 0.655771983334833, 
0.64588915471743, 0.652315290934637, 0.640308899789901, 0.65972766955784, 
0.648167768290127, 0.658352450232365, 0.656828121948813, 0.661748108206209, 
0.657219910974831, 0.645933422336209, 0.639755981084589, 0.648617092893552, 
0.670506028572425, 0.667935544136768, 0.661495066220166, 0.669279492760792, 
0.635800531368562, 0.65046970568865, 0.658771297000977, 0.646595152053427, 
0.648201955834798, 0.637419783039034, 0.671772949427491, 0.663383535076503, 
0.633663828055458, 0.655869428791162, 0.660658189849207, 0.662549316375383, 
0.652247410628594, 0.648883542378526, 0.670359954274718, 0.64560924375625, 
0.649523565648648, 0.665589990790822, 0.64559004889126, 0.653743795027728, 
0.666011254306522, 0.652024137177835, 0.652372988087772, 0.671936655133997, 
0.661979595298092, 0.651507751114669, 0.661334909362421, 0.640511583296356, 
0.657074964355823, 0.653786495433806, 0.648912502442963, 0.65601510817329, 
0.648296142643646, 0.647847209664177, 0.672627141322463, 0.65809111982844, 
0.65954292878291, 0.6499838268801, 0.666513317405898, 0.642151821919016, 
0.64596851646375, 0.63292355780801, 0.65893148494936, 0.674409738039855, 
0.643177264643839, 0.652285931701585, 0.65478268439303, 0.655552523621831, 
0.660922769321655, 0.647021877917876, 0.640469875810179, 0.668236390107397, 
0.65345162073516, 0.658734783382962, 0.676451117888175, 0.651078145528411, 
0.661662107721355, 0.659420219469955, 0.667012601329198, 0.676829040969921, 
0.653551237524824, 0.665422477408987, 0.650302300411914, 0.658220532164301, 
0.647933399154498, 0.64400762033952, 0.645553383012535, 0.657826742306804, 
0.652194346588132, 0.671148713129215, 0.659542919153477, 0.647860142185393, 
0.652565914517729, 0.661028444213656, 0.654767136790338, 0.671024015984058, 
0.656782462543847, 0.643369146530578, 0.64778366543257, 0.666197865637998, 
0.658057638642902, 0.651950260917867, 0.637834321753234, 0.647364284475059, 
0.659665315559554, 0.657550123952623, 0.651665429547391, 0.666143136556316, 
0.660051034249949, 0.667471832782621, 0.650704786499885, 0.633739799913135, 
0.652235487765463, 0.654298925756451, 0.634526680800814, 0.652533625436806, 
0.659707061921361, 0.639188016759017, 0.66389672348778, 0.660078126176356, 
0.636779926661157, 0.659364721147018, 0.673724299269029, 0.656400599572015, 
0.652410220302481, 0.656688454585982, 0.64945257918461, 0.644779442140231, 
0.655820800232589, 0.656533540579309, 0.652416727594282, 0.670531297257011, 
0.66004053124378, 0.658672315330427, 0.650633095718101, 0.648738497264546, 
0.649053334198749, 0.661337818719589, 0.666118874077613, 0.666530143767056, 
0.644562637385889, 0.668075324593595, 0.621140334918162, 0.653928788686599, 
0.656219199520692, 0.654785035338549, 0.649640857347183, 0.654174864015238, 
0.659844037609463, 0.651725969622556, 0.661508978320662, 0.65143936427404, 
0.65976837788609, 0.657586521638691, 0.657564522756937, 0.646958560626305, 
0.6743760557748, 0.665727353708012, 0.632263962208037, 0.642243739404517, 
0.651815897506699, 0.650793064371303, 0.638902739482598, 0.663970010731326, 
0.657750674498629, 0.651922691826536, 0.641496614365742, 0.656790234244235, 
0.64998026175409, 0.663763259178397, 0.660621505343662, 0.648180113473415, 
0.672501485609848, 0.654477582469807, 0.656130314493032, 0.670692122521798, 
0.656905972357795, 0.649126986783537, 0.657761738977268, 0.643672848864735, 
0.67220144666016, 0.652749172732005, 0.666611819192046, 0.651586409245464, 
0.658380830750457, 0.660033314004334, 0.662631567800001, 0.662305832321058, 
0.657696747112836, 0.666578085640661, 0.647770195977298, 0.672366353364984, 
0.647097949998502, 0.644683630516771, 0.653182212661909, 0.648587051657082, 
0.651082784085058, 0.646104932485415, 0.670955414365236, 0.65498135558822, 
0.663541509663992, 0.669129137826349, 0.660884060059401, 0.652953920997788, 
0.652265996603457, 0.65433247966888, 0.661416645180621, 0.656703383585312, 
0.648754947089197, 0.67524132854166, 0.646067645571891, 0.6554474463507, 
0.663190076605434, 0.653302465253022, 0.635047857136428, 0.642451010079131, 
0.642811743669345, 0.647711064917029, 0.660174906596625, 0.671612666653798, 
0.669336074459114, 0.64961760744046, 0.669986205855238, 0.653211100386521, 
0.672888295454966, 0.669566203544617, 0.645137843808149, 0.648357243564227, 
0.641269471031151, 0.65416235120884, 0.659110539781266, 0.665639734387034, 
0.642367976801573, 0.649824950838382, 0.650243662169541, 0.667395947766879, 
0.659019487606256, 0.658274407213276, 0.650874318162342, 0.65002434575058, 
0.660771819970592, 0.649631239373452, 0.642497624628045, 0.658736999896013, 
0.652797437301825, 0.652350331906808, 0.644341507076344, 0.646954657895307, 
0.653450059029559, 0.642281735100681, 0.662888206363187, 0.657231607726039, 
0.66318158650203, 0.664513480873064, 0.656064044465684, 0.667433029946828, 
0.663974434389057, 0.662608045387822, 0.651111388667021, 0.653099108023556, 
0.655607302645419, 0.661065880105556, 0.648546233806047, 0.651200522040027, 
0.66592696183361, 0.672497449078327, 0.657192017939076, 0.644985301491963, 
0.651314119170055, 0.639828024372904, 0.661795976352021, 0.648761941024184, 
0.665355096754808, 0.654229851300117, 0.654310616775911, 0.668662392339234, 
0.652313890319488, 0.649047654110679, 0.644755414506538, 0.675353845022429, 
0.668830568779924, 0.670113886231598, 0.645791566532699, 0.66629229759027, 
0.659439406029331, 0.661761554352573, 0.654505496251458, 0.656163580713348, 
0.66757035298613, 0.654313977310457, 0.673011837425746, 0.652316270718544, 
0.672529981842454, 0.647617444311988, 0.648573590040079, 0.654860247666815, 
0.654804190945975, 0.662114842910739, 0.646538357814818, 0.655977263009443, 
0.670264153051151, 0.655012454037534, 0.651500925394052, 0.651325385416321, 
0.650642743061958, 0.661227853597094, 0.6568420057981, 0.658817152601174, 
0.646098672159514, 0.662775577905024, 0.668342807066219, 0.647992870301943, 
0.648900001892368, 0.653517341719312, 0.655906689987302, 0.657173284596068, 
0.648107104390337, 0.65617199315117, 0.631311605728949, 0.658641348190823, 
0.663446879514402, 0.656940630075531, 0.659077199920344, 0.665550419275875, 
0.657594254733579, 0.640341759665165, 0.658542689875192, 0.631387898375642, 
0.663537622085359, 0.653245445768621, 0.654748164682727, 0.668421426795279, 
0.65960120954328, 0.66153367094286, 0.65856031701248, 0.633601808872911, 
0.64634351562111, 0.651511184256988, 0.660803515577194, 0.65672559580857, 
0.660735041619897, 0.656384939701777, 0.660885995348884, 0.668258261235221, 
0.646464966030681, 0.651675254671487, 0.659546201406048, 0.670110035821412, 
0.660995577716634, 0.652786271134323, 0.665645718443537, 0.658489335379782, 
0.654781130892393, 0.651485294507135, 0.66074467642219, 0.640647789982931, 
0.661646521913965, 0.655140146202417, 0.658769428111382, 0.653011706022324, 
0.65201703157318, 0.670000525351362, 0.655531533787787, 0.652445168040499, 
0.655740291221112, 0.642004445242204, 0.652775268162342, 0.67349998557535, 
0.654113400448131, 0.65975570560208, 0.651665748997771, 0.643771873846268, 
0.650288952782435, 0.650460244514082, 0.669447090729655, 0.659720077764405, 
0.651263721566946, 0.646804957894908, 0.659653157392477, 0.639438109299476, 
0.638240024427884, 0.652612480823543, 0.661680062065926, 0.660117981150079, 
0.667813554299679, 0.661367043656186, 0.63699617312004, 0.645138483228011, 
0.65886254872075, 0.660282783739004, 0.662875785163956, 0.665024746616554, 
0.660174158480264, 0.652834521215128, 0.6529389713095, 0.670765426072332, 
0.660707501060066, 0.659112402602539, 0.653534103237604, 0.649708891429382, 
0.650100378255077, 0.657701329030121, 0.668616227381731, 0.654344198270882, 
0.665070641709541, 0.659581455301332, 0.660631996188496, 0.653634598172459, 
0.646360731281415, 0.651088952944407, 0.634000179083451, 0.642034180862023, 
0.664035659856951, 0.650111145646829, 0.652778234206289, 0.658027439182127, 
0.663812318178154, 0.657621349365836, 0.656511454889398, 0.670711973728428, 
0.6555224731095, 0.656694539699874, 0.636630650907173, 0.659977773256823, 
0.66341652298268, 0.645239028185605, 0.647698481804449, 0.636798090115204, 
0.673596972828805, 0.652327869801536, 0.664588554889932, 0.643483895741997, 
0.638807598548904, 0.644237899614236, 0.657136247352933, 0.646370497507997, 
0.663125640718974, 0.636612682412211, 0.66288395162703, 0.677889845732671, 
0.658096035298015, 0.663828821087581, 0.649453087045921, 0.661342621524693, 
0.653884243589614, 0.654837074597107, 0.643235629104648, 0.650660988299853, 
0.669177790782217, 0.64680766470003, 0.651651212147387, 0.656686113874664, 
0.651066919023679, 0.656219945335208, 0.652507529892435, 0.662713838539637, 
0.644744054838368, 0.655783140554825, 0.653225277996752, 0.659323322602686, 
0.662524319139076, 0.63673821618263, 0.638311129571125, 0.646909998523711, 
0.662427088336084, 0.648403578204615, 0.65431396121787, 0.655006351541519, 
0.665317425169223, 0.649453433375452, 0.654590397627869, 0.667600221861956, 
0.660267634514905, 0.6589050439904, 0.654294422874862, 0.660558741308507, 
0.66678644708761, 0.655387678516606, 0.66268011620074, 0.658978656360879, 
0.655450555474476, 0.66729394615971, 0.668303351848053, 0.652742101379318, 
0.659700570560505, 0.641284937392923, 0.638665486078331, 0.652380525368647, 
0.662899801937508, 0.634750016232425, 0.654347352130821, 0.668488729981659, 
0.664057602565971, 0.645874369464049, 0.636821041167211, 0.645663415397326, 
0.660038758168798, 0.654913229110859, 0.655086805095605, 0.661974639458508, 
0.646696875471445, 0.666339693825322, 0.640046218766404, 0.656275846884017, 
0.657290263636126, 0.644311522260702, 0.641199014186257, 0.65648474828669, 
0.650901430076283, 0.659691994982865, 0.653141206775412, 0.650100771429822, 
0.639156902933002, 0.650952801077562, 0.664430737350565, 0.663711776537049, 
0.640382887291184, 0.652522754084841, 0.666212290760077, 0.649637851190133, 
0.637994052443833, 0.649952404206865, 0.664227437373683, 0.652497021589506, 
0.638616978655926, 0.64407857276961, 0.63139968780478, 0.655049496115472, 
0.656838122770697, 0.660041442347154, 0.663591264866092, 0.648946598034281, 
0.66630754838381, 0.662876272907024, 0.646335039037744, 0.661009060822165, 
0.643696778413677, 0.646235333957061, 0.663216365273944, 0.641296345262374, 
0.648828913928436, 0.653131965630253, 0.654109708977666, 0.651336436863377, 
0.657912977534663, 0.640815035199587, 0.648981673867023, 0.645323502581467, 
0.658807109644548, 0.663229874712099, 0.653021878764148, 0.640749504177375, 
0.65542911324055, 0.655825861019176, 0.672084984049333, 0.659206412540645, 
0.673422830148931, 0.658654255512049, 0.64462348426543, 0.653687762020557, 
0.652517692478288, 0.649101768730281, 0.658085626555323, 0.645226044887007, 
0.643420997369166, 0.665955378870804, 0.665209669997643, 0.664482883889431, 
0.667784936006882, 0.634808459230798, 0.651861265733658, 0.644888758481223, 
0.647922952219974, 0.670922447542694, 0.635369558878427, 0.654476421253026, 
0.64012037092192, 0.667108011025813, 0.660017526823716, 0.643349457628429, 
0.653290239972537, 0.656215017523533, 0.659259848547975, 0.647924455808005, 
0.648563211922509, 0.666280885054352, 0.667943593780408, 0.630737977344272, 
0.647421355639539, 0.637300869027046, 0.645109600943409, 0.666749546296092, 
0.659226721088832, 0.663723165148626, 0.667434816900355, 0.639743269113122, 
0.657792092235689, 0.644332306411272, 0.639666793784726, 0.66727728340053, 
0.649076263296036, 0.663990082680489, 0.649326469325455, 0.651014968645557, 
0.658885191092463, 0.653064574206835, 0.663918094545867, 0.658802400425319, 
0.65443478158185, 0.6581885992929, 0.640472576375434, 0.641316369550539, 
0.655441454607183, 0.639693352516419, 0.655404621822725, 0.656245211232791, 
0.652517831642162, 0.661075281889298, 0.66334749181715, 0.651045259499238, 
0.661424717235883, 0.650711302221394, 0.643038289043919, 0.64488174611914, 
0.654502930882395, 0.652489254712206, 0.650642737935029, 0.668887080401826, 
0.671119339629137, 0.666301384369524, 0.647897595026574, 0.619998493291309, 
0.665215240372722, 0.650944358213207, 0.650547584997558, 0.659071134180188, 
0.641593976111637, 0.646618091901341, 0.660129592053667, 0.653872885266395, 
0.632690475844972, 0.644307375049549, 0.659055282718693, 0.651655278383269, 
0.661583274316092, 0.6612042948475, 0.64269021084069, 0.668250862468003, 
0.666468774000773, 0.656699830309508, 0.649961721700068, 0.665106246102491, 
0.671721710464708, 0.648719543917672, 0.65569844238612, 0.664501544598984, 
0.651334108470687, 0.637438857431487, 0.658022504751643, 0.658072114101624, 
0.654302026146788, 0.648744181431741, 0.658670166623356, 0.657450823639059, 
0.657981774604534, 0.6508014342955, 0.644459398559689, 0.666750242167211, 
0.654788180636285, 0.65877800871919, 0.650498765504798, 0.643347652499736, 
0.656848855397974, 0.655118584502432, 0.662944441780864, 0.659121062306418, 
0.65454220483831, 0.656358799780474, 0.668342580720142, 0.656239249866818, 
0.649058064203776, 0.670311018283588, 0.660998929752939, 0.62630741923439, 
0.643096176132171, 0.667686964377578, 0.649545849985307, 0.646962783181641, 
0.637662348772237, 0.657614221935402, 0.649046175405658, 0.66222534586767, 
0.66266674697593, 0.65901818034083, 0.651703928786927, 0.656867308398005, 
0.638016032513639, 0.666217889784754, 0.645002026008672, 0.665547408489788, 
0.667509731951978, 0.648802777616863, 0.65427238171371, 0.640999704362914, 
0.656235668061165, 0.646114455974547, 0.664455900756139, 0.660961238831166, 
0.661084229010202, 0.655002902007573, 0.655552064881722, 0.654316931812985, 
0.658061608739559, 0.655540604857114, 0.654646460562162, 0.668784737010858, 
0.653339601864073, 0.662778119074726, 0.636777089446309, 0.642332850493003, 
0.645550822506682, 0.674861563909867, 0.660367957145782, 0.653626189505822, 
0.653199625944738, 0.655166215821665, 0.653176066514468, 0.667096080166896, 
0.659154370741056, 0.657294930957115, 0.658670657797293, 0.649007160100286, 
0.658063210058317, 0.663880855950392, 0.6588376169399, 0.651499069769936, 
0.663072318184663, 0.641259441241778, 0.658770172545435, 0.659739080304722, 
0.655322572995088, 0.635098668550456, 0.646880452150369, 0.644135625469664, 
0.668613645800956, 0.651857045430822, 0.669779050851839, 0.657731455571295, 
0.660262445570471, 0.671394941931994, 0.647758519032325, 0.658221717761396, 
0.652192000783474, 0.647642335676635, 0.654512225855156, 0.652654461769553, 
0.673705435840785, 0.661664719792056, 0.666481847220693, 0.654359173478162, 
0.666291122226636, 0.645353120710449, 0.664882655118382, 0.655795805006696, 
0.643082886418092, 0.649014307087622, 0.654361470709867, 0.655984774946205, 
0.656446885463469, 0.636185114189816, 0.673214659422336, 0.666135914847567, 
0.650610202298799, 0.639043881929407, 0.659892108031392, 0.659161573989941, 
0.650591639659879, 0.672499935775746, 0.640652779182907, 0.658373185560834, 
0.649930907568217, 0.652345679525454, 0.665670927769459, 0.65734247834653, 
0.666926620928397, 0.656293573864413, 0.672682413367697, 0.648750568255906, 
0.648224276172654, 0.650612156078716, 0.638712140165021, 0.65905632755021, 
0.65824574790496, 0.673011063481762, 0.64080782291694, 0.64775892299771, 
0.656685511104693, 0.660189894126307, 0.636374706310963, 0.63893002680861, 
0.665394076878379, 0.651430978314247, 0.658499083216885, 0.658240394969915, 
0.656512627455009, 0.639106072650213, 0.663736046009762, 0.653234772673014, 
0.660651770258726, 0.661319060299351, 0.64668900999219, 0.654216160229991, 
0.657163499342805, 0.665441856848856, 0.635691077793817, 0.645849668235084, 
0.658048131384694, 0.629954566168081, 0.644006364458886, 0.656098684567127, 
0.655359503792153, 0.656955402715215, 0.65345017040976, 0.652817758572759, 
0.661492524910888, 0.659813694931264, 0.640332319660565, 0.649460947518804, 
0.661050168492107, 0.654548517047963, 0.660716545712485, 0.66113884262576, 
0.660610415828595, 0.641782796961154, 0.667356094105946, 0.640040616015117, 
0.657758328346851, 0.642707386290104, 0.647328288137049, 0.643816802779218, 
0.663793336119563, 0.645617287023762, 0.648072249186285, 0.621337471806872, 
0.654021415658462, 0.659380771110849, 0.64479783434766, 0.660495610459112, 
0.668518252457327, 0.665400488288539, 0.638042024328552, 0.650796543946528, 
0.655628214770818, 0.643832538646687, 0.655401600452942, 0.64741237904875, 
0.681476872850036, 0.665991325841082, 0.659426017394163, 0.628678290153035, 
0.649008513836794, 0.644328184282857, 0.649223925100465, 0.649618206614426, 
0.645593966746503, 0.67758009056879, 0.651734910305841, 0.656667311785836, 
0.656475066045576, 0.650021196952136, 0.64212087814708, 0.664672285086405, 
0.646789282344386, 0.653677880820082, 0.657621719169724, 0.65296940951, 
0.658542007541215, 0.670545559491761, 0.650372366280406, 0.665521454219224, 
0.640758241934442, 0.667475589789108, 0.641099962551394, 0.653246708800056, 
0.638332608201061, 0.66874330259337, 0.651240976550369, 0.654720358147326, 
0.668626032770208, 0.661752302754457, 0.663863125853537, 0.633797447607409, 
0.667297032986292, 0.645909052604358, 0.656714979226333, 0.661911988827278, 
0.659541995013658, 0.638692531131768, 0.664849588452203, 0.646391150536501, 
0.664199985237779, 0.662219057655425, 0.652284107401531, 0.650755123918527, 
0.663048185489175, 0.66833104645662, 0.662352055211164, 0.668267155209196, 
0.64471209642071, 0.668600084770782, 0.649164307481123, 0.657034419473252, 
0.647493357567359, 0.658345135039809, 0.651169378888382, 0.644280025332894, 
0.653633839952336, 0.653362255882205, 0.63476650636911, 0.655583006487845, 
0.649679644893801, 0.638615541579203, 0.664839584751435, 0.665272095358126, 
0.651639671637817, 0.662241912785209, 0.648271205678733, 0.649543158191268, 
0.66207665176934, 0.640995501303904, 0.669918770970328, 0.63606685850078, 
0.649870074032523, 0.652197029206669, 0.639534363330924, 0.656805007609275, 
0.650338578267662, 0.64392117335497, 0.653559267829944, 0.65760305515505, 
0.657082608203725, 0.655232496652796, 0.640734700082186, 0.664678431141916, 
0.654507670902283, 0.669522517406815, 0.667065613951023, 0.656779837361147, 
0.644048193197532, 0.661727058218833, 0.644813381488111, 0.656359971692559, 
0.651485506111252, 0.652764947668298, 0.643571031478182, 0.657307146014437, 
0.644033393686397, 0.655989930478631, 0.645214123736107, 0.651316315222892, 
0.66936333064328, 0.658269895142407, 0.653353028410467, 0.663591808061723, 
0.62783977134157, 0.642331559589701, 0.647283732268252, 0.665125636355132, 
0.669789881107353, 0.643295839549909, 0.656982595859237, 0.652639478364995, 
0.667713743858941, 0.647753777039452, 0.658226223036747, 0.661758653782853, 
0.65444999353566, 0.652345128355682, 0.660894661627772, 0.662425899471529, 
0.660418910940085, 0.662197280495709, 0.640747449810162, 0.66501798967098, 
0.662552518561679, 0.636030250256052, 0.663422522067807, 0.657833113740678, 
0.63426842549682, 0.638533044419957, 0.631770816787496, 0.650208410897916, 
0.642402844686859, 0.652663949678727, 0.657241043305981, 0.643007751817838, 
0.658412204756657, 0.676099261658455, 0.657207493585159, 0.665359510131945, 
0.666047736124206, 0.649796916358903, 0.673113910661846, 0.643212297954364, 
0.653399194463203, 0.666031048615847, 0.658744305879257, 0.652443722183507, 
0.640621889896543, 0.654018277965946, 0.670869956835994, 0.660282864186882, 
0.647917822332655, 0.658014582760815, 0.662581315315305, 0.649633147413129, 
0.650247791193652, 0.662820112149991, 0.649569421476147, 0.650009146492998, 
0.665414972680234, 0.654569299808464, 0.642580512222497, 0.643634497078715, 
0.643436160522949, 0.631852352669986, 0.654853436977649, 0.646549663778176, 
0.662115815569676, 0.657423051635348, 0.649860386918319, 0.647739109491829, 
0.651612257814194, 0.663451098606215, 0.64983309859698, 0.652611975657667, 
0.663978926882586, 0.650636718715973, 0.656714220687978, 0.66602435565577, 
0.670502354957006, 0.663451058069851, 0.64944921607724, 0.626975283432832, 
0.642450238536544, 0.673373280780808, 0.66710060669139, 0.665386111840756, 
0.643944139931007, 0.653542414572126, 0.659334270381834, 0.674188228402538, 
0.666050499942968, 0.649385706733795, 0.625316264430503, 0.652213923649876, 
0.668981410255086, 0.65381545790445, 0.672740086467714, 0.661743276433544, 
0.656420312938125, 0.647551001550033, 0.655354919842615, 0.662655620385961, 
0.666661832589282, 0.644978080261229, 0.666625248535141, 0.65422351514571, 
0.655677349059177, 0.660092110912276, 0.650500404834452, 0.641979097666897, 
0.67249147116948, 0.656502632372966, 0.644466881235309, 0.653913810313649, 
0.649725112678052, 0.666492761312519, 0.657151211224876, 0.65252054040294, 
0.647716366828976, 0.664323507146834, 0.653761549363047, 0.65011929917855, 
0.640312515601165, 0.655354410342004, 0.663182439413114, 0.646659111198223, 
0.658688996334051, 0.63836472956697, 0.644664189145355, 0.657307250537646, 
0.660856187471438, 0.65105471225825, 0.641171425976731, 0.664239825352823, 
0.683504575755783, 0.644455606897269, 0.652259786166676, 0.673556966918687, 
0.654828009127059, 0.658472078147959, 0.657567815413074, 0.646347033922897, 
0.649344796171932, 0.657867710133553, 0.6248543309575, 0.656239403206457, 
0.651544918297051, 0.64595769313347, 0.641009940788898, 0.651461083050236, 
0.66735253235231, 0.653212405189312, 0.658819351366751, 0.667185849596072, 
0.658832502876289, 0.664655001402072, 0.662936570649202, 0.654149668593284, 
0.659482223898443, 0.647325184001741, 0.666062405989499, 0.653472923434839, 
0.64118792694216, 0.665827581647923, 0.637547101154805, 0.656061789656368, 
0.67185721272145, 0.649588544749517, 0.651718956209597, 0.658821634981016, 
0.655334487491683, 0.646053350803572, 0.650565648909831, 0.662578056708271, 
0.669214377402516, 0.649139845465948, 0.648410199081149, 0.654254373449126, 
0.654768741491857, 0.657696663737608, 0.670038753937778, 0.65372918883557, 
0.648613822244361, 0.63338960012846, 0.645884785564626, 0.659051794067577, 
0.65818957018017, 0.659894222326846, 0.64613606994118, 0.650573799530638, 
0.643168839691389, 0.656552508465895, 0.654406439662228, 0.665885217918279, 
0.649094854884092, 0.665177798852764, 0.6504497561577, 0.667101080426305, 
0.657006223440727, 0.652150989730537, 0.646228175921495, 0.668072576818928, 
0.633246210558066, 0.659539348431644, 0.671307830580586, 0.648134916534019, 
0.66779689352332, 0.635338779025628, 0.664441204827508, 0.65350792434383, 
0.642348509764109, 0.66597841141863, 0.668108459577923, 0.625856309708082, 
0.645375071041973, 0.650178395311638, 0.654396091057214, 0.66400524361291, 
0.66340947655299, 0.655452869924947, 0.670621943177921, 0.654418390290203, 
0.671041107242805, 0.662252401545031, 0.67242394808619, 0.656620243589834, 
0.669253455902348, 0.66732776918538, 0.665812124930692, 0.644000067718989, 
0.641278087154149, 0.661510877422073, 0.657308252922761, 0.656342119979924, 
0.657153941882073, 0.660458972607709, 0.653995353130146, 0.665862881309898, 
0.655162238651887, 0.662675860965609, 0.655027851192922, 0.641564449169462, 
0.666036949765778, 0.650193708549033, 0.671831471397089, 0.672679940621085, 
0.661977002577368, 0.627843404253368, 0.658460918616387, 0.654864162926309, 
0.658851862114525, 0.657825972902399, 0.672430040426419, 0.662035843910658, 
0.641007960693028, 0.667144279610072, 0.641357615587985, 0.662792064623432, 
0.672992209575228, 0.6582750621958, 0.659210503045209, 0.669325718720869, 
0.652622295486213, 0.671060832908766, 0.647128777819373, 0.645515349337073, 
0.6331232006043, 0.653317647463012, 0.642033732800797, 0.65331184493221, 
0.637922546356822, 0.664848017208054, 0.634218638034034, 0.664445182961988, 
0.663681007297448, 0.648596753552427, 0.6483564108437, 0.63225761328659, 
0.66219417293121, 0.661657037581079, 0.672444651462781, 0.650567408625686, 
0.660054192262819, 0.655641997795559, 0.665204698621501, 0.65465160544066, 
0.669428860409758, 0.667199046435653, 0.631104346133724, 0.666548750651876, 
0.65335897731857, 0.630969398626881, 0.65834297091911, 0.656526495145655, 
0.675892202288488, 0.639318472356168, 0.646013356130956, 0.655757162091634, 
0.647174833346062, 0.655666264074907, 0.63849513780091, 0.661583457930358, 
0.646532758478019, 0.650614432946256, 0.652853146424247, 0.67113938507039, 
0.662493115272131, 0.649205994266388, 0.647610196498104, 0.665480247166305, 
0.648481066683863, 0.64251663371588, 0.656577669350653, 0.65407039482852, 
0.662307712015907, 0.670296005706126, 0.652693386273731, 0.651465176913647, 
0.663419452368924, 0.644428404042517, 0.6547903331826, 0.674917112287775, 
0.66645614759515, 0.65650924599407, 0.672029222561294, 0.661758608787437, 
0.663317121785938, 0.655618538480332, 0.663938013146867, 0.671372491068467, 
0.669927672138792, 0.650834797830072, 0.665308024714034, 0.661103556690409, 
0.657742959598756, 0.643593583847573, 0.66126007693456, 0.666661019599035, 
0.644123854184607, 0.646360183817495, 0.643616249678093, 0.650598250202289, 
0.659685892522208, 0.666602187137968, 0.658898699728752, 0.656362701377222, 
0.643021812822875, 0.6388232521431, 0.644887540698122, 0.651583631281143, 
0.650354140656893, 0.641073265821192, 0.648158354614284, 0.660300588982285, 
0.642582345071342, 0.648620384157815, 0.651749795446463, 0.643048766401464, 
0.636181435180591, 0.656467179199194, 0.653968730264487, 0.654827055354015, 
0.663909100002246, 0.664466721840393, 0.655614538108617, 0.639467180805506, 
0.646442963259386, 0.659606474264481, 0.637322863432274, 0.668744003654228, 
0.667761168879747, 0.648125491110754, 0.651502067653537, 0.66296039175678, 
0.648348897651911, 0.660883766861467, 0.64298341183232, 0.652016309876877, 
0.649778753211161, 0.651840788495482, 0.661178167124745, 0.650506485220031, 
0.669621297419058, 0.663788959665811, 0.660278314083227, 0.668731915442874, 
0.64936033862839, 0.670228995375422, 0.65330130438202, 0.656074459015162, 
0.654618942687532, 0.657875326752945, 0.668945287201797, 0.664836656853176, 
0.659867423833588, 0.667829074743283, 0.660822139443173, 0.653677943622509, 
0.66775143392924, 0.656623128596728, 0.649679737607628, 0.6479363176698, 
0.665988677087374, 0.641532797422264, 0.645075275210009, 0.641862939297275, 
0.66720303210778, 0.653166860644177, 0.658554343265152, 0.645386756086486, 
0.651009185138006, 0.64773173941993, 0.640815314708856, 0.661284992738837, 
0.661430296790632, 0.641076502572193, 0.657268727971392, 0.637215671524144, 
0.642341725878255, 0.645700302838988, 0.657799872463895, 0.669567386491716, 
0.661674434184954, 0.659405499659197, 0.66710861425763, 0.651011492818566, 
0.646626043845614, 0.643449463256806, 0.65473417477014, 0.654057388096837, 
0.657825870238164, 0.648489379305954, 0.646569024028697, 0.650679030541485, 
0.653198655796335, 0.656637522035772, 0.652197045140587, 0.670520679915705, 
0.672638037927016, 0.640890469062631, 0.659233932542782, 0.640241365057418, 
0.660595300224399, 0.656246695900805, 0.666551622003642, 0.643585052799095, 
0.646309890137011, 0.664024902664462, 0.659608514922392, 0.656439936671465, 
0.657731845354456, 0.651316549597733, 0.642336582084903, 0.654523694095529, 
0.642732198917581, 0.640427398114413, 0.645095063297828, 0.662723685936096, 
0.661500810280072, 0.64475688006464, 0.684648827159808, 0.646441180893394, 
0.642184798790187, 0.664745726503243, 0.638222987215576, 0.665499641697244, 
0.654574012272878, 0.659050868360245, 0.648765812576671, 0.658789825384377, 
0.640414133486884, 0.648954640205948, 0.655995592699774, 0.647258904230992, 
0.66791644426235, 0.654517806318366, 0.651954936104331, 0.633129720359879, 
0.652620056576428, 0.656699722377083, 0.641147865381294, 0.643728812556994, 
0.657664572228832, 0.654270115484686, 0.658339421507618, 0.662046978986609, 
0.645456376210782, 0.648580991813605, 0.659718196889149, 0.656217803356937, 
0.647963143252678, 0.663809305449955, 0.678415206414216, 0.643664623654019, 
0.650061499034318, 0.639722928598962, 0.650062841901556, 0.641310394163565, 
0.664414833323076, 0.660184889265171, 0.654740321862722, 0.653669625065349, 
0.653558854574437, 0.658303786103754, 0.659763146457409, 0.655025313060008, 
0.654569171876353, 0.645695506186503, 0.653701084893417, 0.654387638151981, 
0.661376123628733, 0.646779260124051, 0.663614732083796, 0.650695369797824, 
0.669024492143083, 0.65237698751703, 0.637529062076713, 0.662545842325937, 
0.647622418608538, 0.652246189087009, 0.657600768913272, 0.643517565700395, 
0.66597334369782, 0.641974081026613, 0.64843527328725, 0.639540120930959, 
0.649366523423035, 0.656511477949287, 0.64067559859433, 0.64893017366883, 
0.667037424044386, 0.656355703618329, 0.664134355093819, 0.666289992402192, 
0.658242148433898, 0.640270559128722, 0.64394687524795, 0.681468675410998, 
0.663446903154809, 0.647884509045541, 0.668045359223991, 0.646757797142941, 
0.651372894500312, 0.677730969745644, 0.667063114451727, 0.656385563820642, 
0.66312810257759, 0.641665156955585, 0.655347840848273, 0.653472915317824, 
0.67172305515223, 0.65959163111199, 0.654440103356092, 0.655359785876491, 
0.654071266630281, 0.658616147228353, 0.655909710262736, 0.647791416765846, 
0.657770249888669, 0.643431852864184, 0.654084202809163, 0.657891443993819, 
0.654391401105369, 0.648088719235724, 0.657758166550581, 0.669911610219046, 
0.668292450154771, 0.660427732145325, 0.661908988050801, 0.674506857400078, 
0.640692584873991, 0.651979110688198, 0.662964971949091, 0.659969128051889, 
0.664827822925404, 0.656452356162307, 0.65813443551229, 0.661463146023834, 
0.641721254817246, 0.651876129123021, 0.655391789025374, 0.656325292734257, 
0.664263665724406, 0.646550212840596, 0.64160539136944, 0.63962222114396, 
0.678478843621303, 0.633816773585504, 0.663717194112991, 0.656587441232887, 
0.656928662289493, 0.657611016775138, 0.652754395208225, 0.673161931721608, 
0.650900389553083, 0.67081408882834, 0.657042062552799, 0.666426566565414, 
0.655838087549166, 0.665591735100489, 0.675104319526213, 0.659477895184103, 
0.649545265765833, 0.65807416435047, 0.646109731480774, 0.639018931169563, 
0.642645636273838, 0.650902398522784, 0.638365348104179, 0.650904729273871, 
0.663324862994117, 0.659743451892915, 0.651210632413205, 0.655183571124256, 
0.655916544506151, 0.662589243886317, 0.644028670990566, 0.666971992119967, 
0.646971099428946, 0.66181235133029, 0.637030170237562, 0.651851124093166, 
0.668976668199515, 0.661112510247374, 0.660279584039221, 0.648931031719882, 
0.657416585172174, 0.631466018057553, 0.666629981909613, 0.647369896998911, 
0.640129148300987, 0.658505383356578, 0.651101963334902, 0.643839501808197, 
0.655690254460727, 0.648894806235168, 0.64313568141215, 0.653103145981445, 
0.638652452755636, 0.649789081568288, 0.647754534359645, 0.665582966476478, 
0.643778901142374, 0.659927650641422, 0.657049310218645, 0.652566747159432, 
0.65834104713327, 0.649246666901484, 0.650408063386622, 0.654469240060375, 
0.63281417341582, 0.662769397059255, 0.662659506647428, 0.655133198047153, 
0.668097485912085, 0.658537445738295, 0.638293800545744, 0.650556791270027, 
0.660328132686648, 0.63736628164781, 0.63423420343131, 0.669514704733275, 
0.65169744598812, 0.659210893424468, 0.647022258409038, 0.659449566666958, 
0.660361818801538, 0.6671916318665, 0.657734164201029, 0.654762233256196, 
0.669090414004348, 0.662111652078939, 0.663491520283282, 0.662270789536211, 
0.645906006234885, 0.657167585135879, 0.664157650733286, 0.646601055246152, 
0.663396289926271, 0.665187491440275, 0.647294746283692, 0.666663411739868, 
0.652883624227061, 0.658224482501871, 0.64200695789767, 0.658282415846471, 
0.6483753653468, 0.650176404481017, 0.649867109173879, 0.641936281018143, 
0.647532204116246, 0.656868849245284, 0.653127101589976, 0.666073035443307, 
0.661109220288371, 0.670012215175842, 0.65230466403365, 0.661001380145896, 
0.648647892010397, 0.666576956089208, 0.637896390400631, 0.650532892196517, 
0.640031056661143, 0.655729698605038, 0.655800002501125, 0.65260657475737, 
0.664103970041039, 0.657223703729772, 0.669930640995928, 0.662799869608362, 
0.651115743167082, 0.644586496596928, 0.670427161783213, 0.645050206850005, 
0.655555365192597, 0.656878538686603, 0.651464551753004, 0.662100136249446, 
0.6601801903937, 0.649217225704444, 0.656372825024833, 0.659601193632396, 
0.635414239828027, 0.649568313853502, 0.658246425932534, 0.662441840275431, 
0.654377472624612, 0.658481481050282, 0.624406817702655, 0.660370214802332, 
0.651649922585935, 0.661349182065712, 0.648720705154987, 0.672110463832993, 
0.661041071139572, 0.644182134083679, 0.649630802702682, 0.653469484347242, 
0.662055698168873, 0.669819108579976, 0.638320940964097, 0.645953243833218, 
0.656641528601126, 0.658997482907683, 0.666947518413472, 0.656661575184034, 
0.665087553802056, 0.627373716538313, 0.642453636692082, 0.643538789276997, 
0.648610435479059, 0.669335410000483, 0.6572130261571, 0.649277650596301, 
0.641579963371838, 0.665430010166393, 0.630754370294918, 0.665309492145683, 
0.655406467681754, 0.647789725106241, 0.651349173645744, 0.640092681145532, 
0.63607134574103, 0.679288936304595, 0.660009912660488, 0.650962005780283, 
0.653735196280979, 0.667660881142617, 0.639735180499186, 0.636422393464558, 
0.629027512310683, 0.631033643929599, 0.652762211749139, 0.636638556039247, 
0.648321072831224, 0.645564054254028, 0.652140799875398, 0.666890567549635, 
0.66357156264339, 0.646613182627167, 0.65819251509112, 0.656857558133769, 
0.652121620432263, 0.653705221147522, 0.664680140042234, 0.656569823726299, 
0.65709125901626, 0.658457115702155, 0.64800957041341, 0.670977918382138, 
0.659125404652199, 0.659788130284225, 0.663499525847767, 0.6609955078638, 
0.657113710309966, 0.665591652652615, 0.66340458469857, 0.673287218416035, 
0.652467024645758, 0.665231318384128, 0.650596157307574, 0.664501358832169, 
0.663928396032683, 0.637301231315275, 0.650251820530226, 0.658255139514395, 
0.66558373359457, 0.668237500345563, 0.666066065068149, 0.671197235142402, 
0.638983576204569, 0.659878425520559, 0.653236939723925, 0.668091125106608, 
0.66565392352173, 0.671466961132646, 0.671789447730494, 0.669668727334451, 
0.660056217456082, 0.661298706632452, 0.646616915330298, 0.665720491388334, 
0.662099280846725, 0.65616134147468, 0.654688851996024, 0.667070114088023, 
0.650051156465135, 0.646301476205184, 0.646485979521691, 0.657073166377408, 
0.660901646747214, 0.661578321595208, 0.673776920784653, 0.661224257633552, 
0.636420353268398, 0.656236383054674, 0.651341179466029, 0.628905514643673, 
0.658731129102793, 0.633502280723036, 0.625876782151481, 0.660761926450793, 
0.640612844928525, 0.664873635410881, 0.66478018705204, 0.662811047981036, 
0.657030161419531, 0.655913662094579, 0.655544620034101, 0.650989219531303, 
0.661208471250638, 0.648699259333872, 0.651041502540217, 0.659147721257716, 
0.661647543704728, 0.651898673487327, 0.65272458187236, 0.649892001287111, 
0.656412121368919, 0.645726104115202, 0.65581313911606, 0.660038409919238, 
0.641404515415654, 0.651591009838381, 0.666003679959596, 0.655583161125538, 
0.658084966396666, 0.654101744876726, 0.659967959315811, 0.651653219662097, 
0.65256566234025, 0.628367413523572, 0.639847858019772, 0.661533666173999, 
0.658403942956902, 0.650228541335551, 0.654831712379457, 0.651271616856572, 
0.655097373817648, 0.645767197972843, 0.679800147703677, 0.655537840685295, 
0.654869080611773, 0.667665928084839, 0.662236591187294, 0.635466905381178, 
0.672439180356156, 0.65158731036444, 0.643383758084787, 0.648342267291498, 
0.666715187560014, 0.66423684446125, 0.658743054175957, 0.64232025142141, 
0.664264462035302, 0.662207330633932, 0.65008350533196, 0.664386200444009, 
0.654306926037182, 0.663013662805541, 0.652583302087474, 0.639063308534586, 
0.657280606767269, 0.646830667098944, 0.65320722625151, 0.639642432079431, 
0.635022943046556, 0.650765453452265, 0.667506186111791, 0.661283623493351, 
0.645017617659165, 0.659933452495119, 0.665203427657257, 0.652573811835526, 
0.658126378820765, 0.649743623835975, 0.66647610688586, 0.648785817764707, 
0.656768651760766, 0.650757551368143, 0.675701489702118, 0.662560727575864, 
0.652687884198023, 0.666479144383987, 0.644352226082553, 0.650926612654564, 
0.640834121520634, 0.643176353004641, 0.631743732042129, 0.668585662771693, 
0.674005096835472, 0.645636316343834, 0.664142967456724, 0.671834134377899, 
0.674368828558595, 0.651692647688671, 0.653662433517971, 0.649709106768548, 
0.646735641234694, 0.658634810403335, 0.638628941763206, 0.654740255862731, 
0.657250884577137, 0.660066107056467, 0.657816962344245, 0.646038703515851, 
0.655070638195169, 0.651221324381365, 0.654871719453132, 0.656093525017834, 
0.645939497945831, 0.655065635946918, 0.656348567604811, 0.655439325136182, 
0.658448657951602, 0.659481677573659, 0.648146472365995, 0.669801839402147, 
0.655342897582352, 0.662118624099386, 0.656224952599442, 0.637642722970837, 
0.63687199093097, 0.646063579038351, 0.657121935659466, 0.661388005225461, 
0.662230818879683, 0.666561684321103, 0.663773195145929, 0.647166206151628, 
0.664102860600346, 0.654511513805507, 0.645503430063909, 0.654555433038063, 
0.670483472410169, 0.653308565265679, 0.648792303569969, 0.652017431391718, 
0.655172652555161, 0.65718242484447, 0.646872209768947, 0.651168300459194, 
0.662118513140583, 0.64630132763609, 0.638493477264523, 0.647882520460261, 
0.659299564195325, 0.670572029246564, 0.659618496907851, 0.640224439727053, 
0.633932708890838, 0.657337145499212, 0.663854234621361, 0.659376483447879, 
0.654899329663932, 0.657611784567712, 0.668414498223674, 0.644662340198978, 
0.652357296455367, 0.655012481731383, 0.651257534001236, 0.643527984829367, 
0.661863099042938, 0.645291389814026, 0.660232015773347, 0.672499938480459, 
0.659671550000042, 0.648293301058763, 0.656591527544138, 0.652214318554019, 
0.664723868505646, 0.647997946426926, 0.654052489625579, 0.65264662405894, 
0.662278303168115, 0.647172158888707, 0.66483255268978, 0.649928881201753, 
0.666872436126185, 0.659280540751278, 0.657668707443623, 0.64955644117347, 
0.654945145964597, 0.6545351695457, 0.653829835747486, 0.659804837351105, 
0.668287820493739, 0.651516925883873, 0.648178648709992, 0.652469788403826, 
0.64774284588831, 0.656233446655836, 0.65114993899691, 0.673392980033868, 
0.658734280055146, 0.669104871030022, 0.647411147252218, 0.656698046233896, 
0.640738814101913, 0.668278888946581, 0.660734712772717, 0.661604872885789, 
0.655056793657956, 0.645077122437718, 0.631697079187729, 0.644770928182752, 
0.665606588704098, 0.661963602203176, 0.657260083887819, 0.648051024431959, 
0.667039154802658, 0.650579005402286, 0.661701486919141, 0.649448407525414, 
0.670985822420411, 0.629299699047636, 0.660367371933675, 0.660806763889076, 
0.63954966274306, 0.654321726140941, 0.643280845024444, 0.656169075279083, 
0.658436376953905, 0.653671996069842, 0.655611911713374, 0.658134158441931, 
0.669126225086381, 0.649981229817288, 0.653848039018714, 0.66496847885413, 
0.657603939805685, 0.644807303607875, 0.655916821944724, 0.650403500924849, 
0.652807885090036, 0.655962854574178, 0.651407529161477, 0.657532446239948, 
0.651339545847633, 0.649960388511799, 0.652640131650648, 0.674036779882574, 
0.653448556335945, 0.655054208009364, 0.663717165215133, 0.657410571497735, 
0.663163364761345, 0.659476841641662, 0.626592511624446, 0.660759194876832, 
0.668457947710173, 0.660762600615628, 0.658876735727701, 0.644666145076743, 
0.665938979526173, 0.668841131351803, 0.657029316585081, 0.669433743972134, 
0.639966606829993, 0.642989363887832, 0.674575111879228, 0.648439485480867, 
0.640474105251651, 0.656294899964461, 0.648044363088482, 0.660425591483247, 
0.660393099518457, 0.655383765345992, 0.64694501196874, 0.655097395091366, 
0.659389328918508, 0.664732159545468, 0.66394937525886, 0.680348303398619, 
0.630729356532852, 0.640736642123129, 0.657897306180399, 0.65076277450306, 
0.646626302206032, 0.654747818237416, 0.655488813579387, 0.656011445244948, 
0.645705847358561, 0.667785748371667, 0.6509569967257, 0.666836849018838, 
0.661862657272445, 0.646014982138323, 0.650724035554854, 0.654189351296017, 
0.656193437331201, 0.64837705511754, 0.656404456906853, 0.654851713503275, 
0.659370566685892, 0.655506936475746, 0.672392232821759, 0.674477312980392, 
0.65535877081488, 0.64727791091363, 0.64350239362604, 0.659485020549712, 
0.656755882321528, 0.657593965066145, 0.654227201694848, 0.658335683202289, 
0.661759202054273, 0.6507776346153, 0.667215867622939, 0.641423481420857, 
0.656335924867765, 0.642746725476057, 0.645895182618655, 0.640059957903466, 
0.644999113958424, 0.653473305127178, 0.649150692583931, 0.666583885722179, 
0.64628668691086, 0.663439885637037, 0.644855377116424, 0.652766769462161, 
0.650790606043426, 0.661649988020791, 0.650827584558776, 0.635656258134854, 
0.666179212994124, 0.66020525723152, 0.656686040549786, 0.669417805458447, 
0.649642426617099, 0.645728521134357, 0.653460929292952, 0.656917459716648, 
0.656676521607484, 0.632919578845538, 0.622494424288197, 0.646208671365689, 
0.668919806934822, 0.65279069631184, 0.641280476898126, 0.660411019176785, 
0.657728103580407, 0.667486115744815, 0.644312201542652, 0.655232045658619, 
0.65481549093613, 0.659005757644709, 0.655160882932443, 0.656198256943791, 
0.663904884324813, 0.671050105484155, 0.651252864555274, 0.667777848634319, 
0.658248485338372, 0.624586919055756, 0.650275748543541, 0.648061092451436, 
0.656829703283015, 0.656470388724198, 0.660123514725074, 0.648862224475942, 
0.663371460868661, 0.650127693833385, 0.645443662863215, 0.658134836387446, 
0.646612600906663, 0.667667662681406, 0.630348898159417, 0.655595130039842, 
0.664145095018929, 0.65129709296509, 0.647043556125345, 0.646062253438264, 
0.664689319372931, 0.656335009851031, 0.662841660012785, 0.649908013263943, 
0.654806528418184, 0.651557793872061, 0.666147690819605, 0.66068259865313, 
0.643266267400625, 0.664661997613684, 0.644140790710416, 0.66343490037556, 
0.643103133201838, 0.672286339933702, 0.642313543891798, 0.648560475132637, 
0.657425686560891, 0.655559789406161, 0.655887374579919, 0.669197695654154, 
0.664258519668223, 0.670752823663629, 0.647319304352185, 0.647811597088643, 
0.658566462688326, 0.659618891609458, 0.651414406736312, 0.656424747480203, 
0.653610060408915, 0.663178943309049, 0.653448775398838, 0.666022716688419, 
0.644248989114447, 0.654839076143842, 0.667566194176577, 0.660033385152096, 
0.645616739480444, 0.647202631215547, 0.64453852403776, 0.669736808450708, 
0.664605935629325, 0.666139324227306, 0.658828918131703, 0.649042049304587, 
0.662694319422852, 0.659647138992571, 0.634075189112884, 0.657761301944598, 
0.664679516141168, 0.634918248116101, 0.658501910626469, 0.64582296152954, 
0.65230918605872, 0.663329867105183, 0.669463473517778, 0.656859718118065, 
0.645956636697241, 0.658606452546946, 0.650306194585775, 0.640422866397125, 
0.660520123318709, 0.646356095708796, 0.646139667526481, 0.656522042065562, 
0.659651453640936, 0.650899980322029, 0.659031243468202, 0.642089920512364, 
0.661486090501887, 0.659284483044649, 0.668549168100128, 0.651112735591729, 
0.648096807678982, 0.64929532614022, 0.665303927255987, 0.652082877805298, 
0.646304829753099, 0.662823255877658, 0.65978516613204, 0.64934824016807, 
0.649266703606974, 0.652083914683212, 0.639324175234699, 0.651469974772818, 
0.663840864627395, 0.636774725577219, 0.66718457077781, 0.654217316582263, 
0.660736449936156, 0.645284121797369, 0.663532314060846, 0.661012001509784, 
0.677046578576183, 0.649261737235967, 0.65462728857752, 0.66366903896576, 
0.648033972302042, 0.651586982302491, 0.658333228139324, 0.638272393409814, 
0.664183571601942, 0.663339276237012, 0.641808923293039, 0.652244658960704, 
0.660404255769206, 0.652076037220304, 0.658556752382254, 0.658849226033942, 
0.645243904210532, 0.644114549124234, 0.664223260165193, 0.641584184378845, 
0.658815072210955, 0.675318300635889, 0.653821744225817, 0.656388014916334, 
0.649159779312184, 0.669011550996739, 0.659393807178455, 0.638732503993613, 
0.66125359386691, 0.658088162359854, 0.634877102642801, 0.664177271054941, 
0.665603600584602, 0.666233912700594, 0.653720095665464, 0.650229422368882, 
0.645730002332893, 0.655691214418081, 0.67314338882425, 0.660991075858373, 
0.65075136259689, 0.661360724385578, 0.649013216869044, 0.661635026550437, 
0.649782096361464, 0.646546322342891, 0.649534337369758, 0.661509736236142, 
0.656332378245914, 0.667032693685722, 0.663385359930451, 0.660144998832985, 
0.663247173158008, 0.662175748277163, 0.659931315262518, 0.65604869100916, 
0.667873325843618, 0.667902484767693, 0.650947875815551, 0.659769118864381, 
0.65459620108383, 0.632605799768709, 0.661423930620727, 0.653797457660532, 
0.642663203033975, 0.667531659102839, 0.659322546839265, 0.660158279910208, 
0.667503679836656, 0.657668856967798, 0.660218137216827, 0.649513608727674, 
0.662645681363726, 0.655504350245461, 0.646844052663192, 0.648628830114923, 
0.668123658269245, 0.64864479302699, 0.654062361607534, 0.656643850317276, 
0.66634863035742, 0.653292754587746, 0.669127758642937, 0.626447242420526, 
0.664458313434581, 0.662441863996534, 0.660980366321653, 0.658565360627388, 
0.654998373375142, 0.654730274575211, 0.667291401992437, 0.670043942634265, 
0.656763460212533, 0.654738635191124, 0.661751201541113, 0.655611203019347, 
0.658598380802008, 0.643186178999652, 0.638016428316628, 0.662171631928991, 
0.650495223322614, 0.654920767820914, 0.665910189758508, 0.655394375712154, 
0.648220077313547, 0.665053893486057, 0.66191240368336, 0.654198862373422, 
0.666969436831438, 0.654277814963855, 0.650169620279548, 0.663410099933974, 
0.649383240854282, 0.666827360348616, 0.644829171261112, 0.654584001338765, 
0.653505531347373, 0.646570225949921, 0.663305089030943, 0.659561216231569, 
0.653420568854831, 0.632182627792568, 0.643142073759315, 0.65413682484382, 
0.653314679923869, 0.648606694013204, 0.656769035841182, 0.644734987800736, 
0.665173378677363, 0.647869499409443, 0.647750367701859, 0.663713951902608, 
0.638303397790211, 0.658721162710956, 0.66499337296201, 0.645203410730436, 
0.64219931539449, 0.655073352090333, 0.660116420805534, 0.643462502063202, 
0.653620284554127, 0.653175732138406, 0.636918086928637, 0.657459398876158, 
0.631563221633618, 0.664081266377988, 0.648337055991938, 0.657180257973591, 
0.665714265073705, 0.663210226302275, 0.662299210080925, 0.662897531682744, 
0.66474215367238, 0.6556044487964, 0.653339424850298, 0.648948332614242, 
0.657032980783458, 0.658397108703512, 0.63387792856259, 0.655908129825877, 
0.64928939090589, 0.659012291979064, 0.649950691374025, 0.661809955581263, 
0.664412546684091, 0.668827504890138, 0.629552735927379, 0.64472363785064, 
0.645315372428761, 0.648885222465561, 0.666773632569551, 0.655597699288666, 
0.653570133727304, 0.671193767056158, 0.647359177204302, 0.641738268406701, 
0.656515751604938, 0.647085217088189, 0.651026682807683, 0.654334771347112, 
0.664094181914498, 0.661040111905854, 0.650462627262189, 0.671468687466371, 
0.65522869922935, 0.659535458116753, 0.650606726149125, 0.666045986677189, 
0.631177067794156, 0.652974843615568, 0.642512553856622, 0.663716405733069, 
0.640164499603692, 0.65912654471913, 0.65589180432924, 0.66929879258815, 
0.65779308474766, 0.663085120723056, 0.636139513041463, 0.654980568581475, 
0.645549112693919, 0.652952112812377, 0.648937717595844, 0.662891317543385, 
0.655761564774227, 0.660774519587948, 0.630211666384919, 0.66539110975245, 
0.663271959253217, 0.661099004278405, 0.656222966975792, 0.656393800588711, 
0.657622794999888, 0.654144442739443, 0.645143704345592, 0.634454008874298, 
0.672992390141109, 0.66779709206453, 0.659544532265289, 0.641822022366733, 
0.642665842256344, 0.668258700982749, 0.664661110380336, 0.643804496163817, 
0.64809431084249, 0.663272752973376, 0.650593286588705, 0.645096493246953, 
0.653159438274577, 0.656079291613619, 0.655460952286928, 0.663832709737495, 
0.655315904986845, 0.664011782361855, 0.634585851685923, 0.651853794073666, 
0.652046527830036, 0.661186085007779, 0.660805612437449, 0.659931936772203, 
0.664389195762623, 0.644084778196836, 0.661925279425967, 0.660415463827631, 
0.651842839634601, 0.655837593574574, 0.648240479837265, 0.666254961080181, 
0.654908060918804, 0.67151409325103, 0.664606329610619, 0.635929299711393, 
0.654195973291583, 0.664035865716383, 0.657931828932476, 0.663166541182895, 
0.655037330539707, 0.640060587211898, 0.66571509164792, 0.664606828421435, 
0.633849175054428, 0.651119905661194, 0.650623468170052, 0.663057997911815, 
0.648432523539846, 0.639702152610611, 0.656785527452892, 0.65387586216975, 
0.638610060961929, 0.638018783757303, 0.656324663376716, 0.670873501430317, 
0.651317387289921, 0.650201547036796, 0.645083566937329, 0.667190831541628, 
0.661411612354115, 0.657443938415818, 0.659718484332311, 0.637022777478818, 
0.667232461227668, 0.657232559285533, 0.653500234020775, 0.65945424546453, 
0.661573968369359, 0.646254408173743, 0.650781874111983, 0.658380142006929, 
0.633101658729594, 0.649758820185089, 0.652918913400876, 0.657046011109262, 
0.661664345277635, 0.667776325801118, 0.667996027366457, 0.660069359694199, 
0.667105530878318, 0.671507491910534, 0.660826905166292, 0.658641168462028, 
0.656732605292468, 0.663530969945824, 0.66849367707107, 0.657655328368317, 
0.652649179571144, 0.654344162970575, 0.660954432310903, 0.661345485467314, 
0.648761040767949, 0.642447346021491, 0.661464410158802, 0.658290242789329, 
0.663959189450789, 0.644271309646415, 0.654939675498979, 0.643314581489485, 
0.655279779381087, 0.658212165339774, 0.661100388855276, 0.661387048219632, 
0.677231372808709, 0.645834337892053, 0.654445669392885, 0.633052303995975, 
0.656833026047298, 0.664091206778127, 0.668676279334401, 0.666628828758744, 
0.659925932771713, 0.63718330441243, 0.648575885994839, 0.648389490115887, 
0.662763016074323, 0.65963367672147, 0.642150777461413, 0.659783303627882, 
0.663881659754697, 0.656728211974534, 0.65496586922631, 0.656989448881173, 
0.652889341359328, 0.665386831938184, 0.659267064107886, 0.658076585790346, 
0.636810313329047, 0.651483045980852, 0.644588370530188, 0.66310597935889, 
0.645463316804634, 0.671395638939218, 0.652920341340225, 0.664927926835445, 
0.662894713958219, 0.660053434965992, 0.66271862037651, 0.641254699123421, 
0.660351873130305, 0.655915667640757, 0.672127644749717, 0.655534403114265, 
0.648656363750909, 0.638067535938565, 0.658206350631137, 0.645724298275808, 
0.64124111109795, 0.644752854427125, 0.650091504139843, 0.662800040047748, 
0.65912080885976, 0.645793003151001, 0.644637396405147, 0.645041168330681, 
0.657602649125504, 0.665034879449224, 0.659578936376584, 0.644022735267266, 
0.674365006845936, 0.660235134131268, 0.648177613606467, 0.656649022466605, 
0.646434884428561, 0.667734112399, 0.645213799465748, 0.658739725364557, 
0.65210488946763, 0.645530382615265, 0.669716384770141, 0.657636768105612, 
0.660873219062626, 0.66364712737471, 0.661194979271946, 0.649352827035273, 
0.647455476716437, 0.669845113591068, 0.670369510415411, 0.645911818475932, 
0.672733853037618, 0.653344385085344, 0.647597741308734, 0.651640854481288, 
0.65814081249841, 0.643837318797489, 0.640058576854912, 0.674415179635658, 
0.638771585556331, 0.650825143462643, 0.619919509956636, 0.650463499653203, 
0.671348930778719, 0.640611944384768, 0.670634326486101, 0.672013634649033, 
0.665823068732978, 0.655469128787426, 0.653392356833236, 0.652964728875105, 
0.667393850590423, 0.648070544750443, 0.654888773945389, 0.642710165869837, 
0.655262129075282, 0.659801181007354, 0.66785439545905, 0.648031947712948, 
0.648685724587392, 0.653522380964924, 0.66237615019887, 0.65774217276384, 
0.653417857446901, 0.640100977454871, 0.645659977670765, 0.657787908141101, 
0.665234442427099, 0.664160194677026, 0.654214599430044, 0.648005234062193, 
0.653445824208447, 0.666129414587392, 0.657530659042236, 0.656271839156789, 
0.652218210040216, 0.65555539820818, 0.640639372575564, 0.654140329617694, 
0.647834799284553, 0.656450995894194, 0.643865307549674, 0.635009473943113, 
0.678381988436385, 0.662104170504072, 0.630672646254915, 0.646643119209433, 
0.670284708544594, 0.667739411801956, 0.654329548090543, 0.652712659113168, 
0.66548322226215, 0.664434945576914, 0.653229714118729, 0.66503117412407, 
0.657892489205621, 0.650005337771378, 0.64174900981115, 0.65591999838586, 
0.644349601840546, 0.643804343904868, 0.655373636027492, 0.648514664625733, 
0.652872107141204, 0.655511482274577, 0.669650587283671, 0.645629974487619, 
0.661741009905962, 0.664394970996381, 0.665241115265346, 0.656117628436191, 
0.65093982326958, 0.659254989508524, 0.655727002362229, 0.656248845162627, 
0.650560526837815, 0.65303156834045, 0.652682793701532, 0.646398209202419, 
0.657479011449893, 0.670959694031746, 0.637116790908611, 0.677427147544743, 
0.651380326740573, 0.645766920889013, 0.639935092385247, 0.642808561416023, 
0.651668916874023, 0.640811082324209, 0.651267115234872, 0.652273704895866, 
0.661577842999573, 0.651141239699497, 0.650529737278839, 0.653013495735509, 
0.662969280424292, 0.664333631667878, 0.66179766530964, 0.656369108002192, 
0.673022541837984, 0.656232772881148, 0.65517116295569, 0.647814458695457, 
0.656602720726832, 0.653380184096262, 0.65472051939984, 0.66564665375288, 
0.644620927623319, 0.661092292915781, 0.658298178361972, 0.659498175954925, 
0.658000182474114, 0.649944155954411, 0.660263762799244, 0.661456087218293, 
0.66687073289486, 0.657676957591242, 0.64303754431213, 0.661443864138712, 
0.652161432535439, 0.651867811748355, 0.642122024746149, 0.655194827935161, 
0.65016655814406, 0.671317457249902, 0.650131428147153, 0.654957825384148, 
0.64593203916127, 0.655706736610236, 0.672724924829852, 0.657983410953622, 
0.664050119763886, 0.659586441313671, 0.656953071846327, 0.652421283167999, 
0.654784812807728, 0.664060399111167, 0.638112606892192, 0.650786608322225, 
0.656550046977972, 0.674005221810214, 0.656647283563986, 0.648792930497181, 
0.656934593057385, 0.667183175344637, 0.639003884296333, 0.654203255100577, 
0.650895993339384, 0.66524787825348, 0.635531817503187, 0.662473646620241, 
0.652562780293919, 0.651066262596045, 0.65979387804249, 0.644479305285894, 
0.657011874152034, 0.666776241613231, 0.657456036223164, 0.665244194617805, 
0.655811004311015, 0.652992704461105, 0.65732786739273, 0.647801741864422, 
0.654863716006885, 0.656408847163641, 0.645538092003576, 0.654713811950853, 
0.66318962448137, 0.664735367938146, 0.650091777118286, 0.656017701556465, 
0.651689189241451, 0.661145614166489, 0.661705686701068, 0.664223368785774, 
0.666038579583703, 0.654868244461028, 0.657412596016841, 0.646236264019462, 
0.641889030634708, 0.654127917096744, 0.666004113654628, 0.664681100338653, 
0.655988025629126, 0.657066678036768, 0.662334796666106, 0.682404709776341, 
0.664708925047601, 0.643171099907362, 0.640759179729988, 0.658177596545844, 
0.645907018221814, 0.658909813186538, 0.642282767783573, 0.66168619983231, 
0.645127414814166, 0.6707607939857, 0.657755331234073, 0.648274750392389, 
0.677357454203709, 0.653982478200931, 0.657807133202382, 0.651511286456621, 
0.6505045508301, 0.647731192925734, 0.650181286324508, 0.655770946402588, 
0.649474802303888, 0.661950123224158, 0.654919471690968, 0.654141337524572, 
0.660768877405101, 0.658736156960515, 0.656938193161883, 0.645154363924513, 
0.652645896906031, 0.651907994046149, 0.640712013401648, 0.634993578686239, 
0.664541552249023, 0.650861439334546, 0.63835856099152, 0.651032057363568, 
0.640900834237402, 0.649760070936912, 0.645915954690929, 0.65686445500301, 
0.66321302970489, 0.645428407453434, 0.643485967381181, 0.652604917562102, 
0.654733266351325, 0.651645125896922, 0.643649036996356, 0.654201953325262, 
0.647743945017739, 0.641097439750525, 0.652479300092813, 0.662992526194937, 
0.646648950287105, 0.661260582490159, 0.660937429647944, 0.647045557221766, 
0.653514545159102, 0.661995395092322, 0.648030920715962, 0.658036860259457, 
0.652659400384226, 0.647273555575476, 0.643425086378097, 0.653864879732166, 
0.650464859497988, 0.656584302937309, 0.652132028841441, 0.668033716576042, 
0.641559265835127, 0.628782600165613, 0.655332653638877, 0.655918762983117, 
0.6634871677318, 0.658544985063051, 0.638676755818362, 0.650793254318452, 
0.654061471438085, 0.651815541691297, 0.627899351835512, 0.664399638188813, 
0.665899157080424, 0.654407434515942, 0.642220769949681, 0.67233236369491, 
0.643623995799228, 0.656222743316021, 0.665319744605822, 0.644591321759968, 
0.665399403911272, 0.662765422107036, 0.657262639148282, 0.656025366784234, 
0.655540418606968, 0.657900629892759, 0.666583231672556, 0.662611416455662, 
0.661706066347916, 0.655240286259137, 0.64064616535642, 0.652810917742869, 
0.663553721861158, 0.654373938092316, 0.650781335905969, 0.658410691261931, 
0.652335989953945, 0.657884517420638, 0.66844223027177, 0.661911226866394, 
0.640596013684817, 0.662015608440452, 0.658296229865574, 0.661134231974427, 
0.652500462988164, 0.649885162485736, 0.647704854560884, 0.648364954933684, 
0.660290062255319, 0.65677353069078, 0.63010944730823, 0.653897754760534, 
0.675210439965481, 0.649046291370306, 0.665380537710782, 0.664813020079563, 
0.663949763568085, 0.660842946193415, 0.65497136229976, 0.657994355613324, 
0.656876154276078, 0.665734059567499, 0.66171436551758, 0.65934152313981, 
0.64874999004668, 0.640193480661889, 0.653143953196022, 0.657873483330574, 
0.646711515090809, 0.649724295824234, 0.647727746225345, 0.637540917676066, 
0.657389254057018, 0.655674944226819, 0.662835287479889, 0.662850700628544, 
0.650165907871737, 0.649152379539842, 0.647344801292256, 0.661004951331347, 
0.667292449313989, 0.66278073502808, 0.646432518120374, 0.64735012150515, 
0.654689986164849, 0.643914891379678, 0.655340313173092, 0.651196813948805, 
0.671370717351978, 0.679611773793081, 0.637049622983029, 0.649701690836921, 
0.657506006625918, 0.662430918675057, 0.654141674531017, 0.661016007223711, 
0.660204396776166, 0.653918998263847, 0.650558906593858, 0.662534143007695, 
0.666930954743272, 0.65590999111858, 0.653665607492688, 0.644688738702545, 
0.649281094115749, 0.666327311678465, 0.66770812303729, 0.650981876835046, 
0.649349838346049, 0.655127146861351, 0.67410762207872, 0.655666842453403, 
0.641001422781109, 0.668721535365737, 0.652664459919342, 0.647380611230061, 
0.664159397825841, 0.648331259547557, 0.64007996785897, 0.644447754918344, 
0.655614107867667, 0.662516900026748, 0.650872074260968, 0.661466031211179, 
0.66074354743662, 0.65928783616017, 0.662372896244366, 0.649149428225501, 
0.646622668499923, 0.665474551685272, 0.655926249487142, 0.640800009418893, 
0.662030421470624, 0.660531317795124, 0.664541777728674, 0.653743745205777, 
0.650924342114643, 0.6666430689608, 0.652914918050009, 0.648967062338901, 
0.654833572505649, 0.658609468120312, 0.634055757325419, 0.648565994621781, 
0.659102996645548, 0.654542700972348, 0.660519017845312, 0.666118599209248, 
0.648440490747348, 0.662484891206164, 0.658991339544282, 0.672419310281054, 
0.648628145007009, 0.671328615446119, 0.657607559418774, 0.660558918701942, 
0.685989063428436, 0.651335492710946, 0.658897580574837, 0.662433121345985, 
0.661640016992197, 0.646325837258484, 0.64776506918454, 0.662239234343259, 
0.669798940023241, 0.647185993638239, 0.666923357875234, 0.655257999007684, 
0.663549887105178, 0.661157226180734, 0.65635396216683, 0.642530487126851, 
0.65976289028162, 0.653528835537042, 0.652051384796158, 0.651884073555224, 
0.641860883508935, 0.661967603823606, 0.648255250425352, 0.643054635383904, 
0.651728832080821, 0.659987677751531, 0.668588165449058, 0.658889597049453, 
0.65856331239346, 0.658121933964675, 0.650842106130313, 0.662206799204164, 
0.648376622889127, 0.640963824382586, 0.653862334510896, 0.65497631206517, 
0.655444718623776, 0.660671708110696, 0.668599760920538, 0.652262605361501, 
0.659492308392563, 0.653209470935461, 0.642851213615486, 0.652526001460286, 
0.658310217850295, 0.658039488637294, 0.643512920257622, 0.662381831871105, 
0.660967111855646, 0.655357838439279, 0.654886324927674, 0.664761206997347, 
0.651746105931067, 0.650556492278351, 0.669552251466357, 0.660886486834402, 
0.652840696565909, 0.649703825971378, 0.65969915096554, 0.66136500052792, 
0.6667508951586, 0.658531364954406, 0.654420544015402, 0.66285298517292, 
0.65006709035742, 0.653602100495575, 0.66523381534603, 0.665717560592857, 
0.664812907587917, 0.641363806947124, 0.661546238266283, 0.648904032148261, 
0.663847342697208, 0.644914325412778, 0.657339873642262, 0.656963224280619, 
0.660272547333164, 0.658619408716959, 0.641920607368723, 0.646131737434626, 
0.655222121575578, 0.636635139213243, 0.67067129408322, 0.652310359915724, 
0.63613602177792, 0.652947709111274, 0.647629442068331, 0.653083211423858, 
0.654983056365341, 0.654529309224362, 0.663832746035963, 0.660718831444111, 
0.650138413872232, 0.653098340617523, 0.668518278446054, 0.646986541938316, 
0.656655110386637, 0.651374408344734, 0.657387926411721, 0.654047935644194, 
0.662953686282517, 0.659262158333626, 0.655082473626004, 0.665719165861118, 
0.642107104497567, 0.666580315394516, 0.661305826718113, 0.664552903900503, 
0.648635300406726, 0.649726370355623, 0.647836881915642, 0.648191240178621, 
0.659090729620816, 0.659649534861337, 0.653507471976014, 0.666115589841408, 
0.657558311054277, 0.651833599585964, 0.657584538017732, 0.656705917932664, 
0.669181317104531, 0.66604050225214, 0.66884941126068, 0.645404750747401, 
0.654270538268197, 0.66930843287499, 0.653674604464226, 0.670570253729536, 
0.663818196580374, 0.658495431007797, 0.67211762113403, 0.654439388526664, 
0.652196959208865, 0.662268454915732, 0.660645070618323, 0.65848085023425, 
0.654407846654751, 0.65951041306287, 0.661226440911079, 0.649728135566106, 
0.661132839996631, 0.643082024250354, 0.620049013273472, 0.649214703343157, 
0.650830312065449, 0.670921325558317, 0.659303198873811, 0.655383283834458, 
0.63461756016473, 0.672006684177211, 0.656196499322177, 0.666320127695841, 
0.660680802297764, 0.65593709164105, 0.662511741523094, 0.647979802538432, 
0.657788750387207, 0.653136723651709, 0.651026363677115, 0.663359527353913, 
0.657386505733823, 0.639207056996096, 0.657567996961952, 0.66342027564191, 
0.651381850320915, 0.63862712538396, 0.659215828965585, 0.666763417870218, 
0.649511056074446, 0.662794442079198, 0.667738859086319, 0.638782091978731, 
0.660593138753793, 0.654837576616062, 0.634348862998114, 0.642401831652456, 
0.666101358407083, 0.655477726824065, 0.651162296957706, 0.659852609465893, 
0.668052648084217, 0.684431968124063, 0.664755461864004, 0.655586616418481, 
0.648060642244677, 0.66954826146348, 0.643717293676405, 0.649460624544639, 
0.639093292765693, 0.647826778609697, 0.656054628055027, 0.651983193964897, 
0.643924090276915, 0.664658367751904, 0.662673706644375, 0.657396019319795, 
0.661699367867668, 0.66270930459122, 0.667416789659471, 0.668599035956285, 
0.649018481528782, 0.658476431781895, 0.652965305532795, 0.642869770694491, 
0.662335647800815, 0.647651416726755, 0.651109023674944, 0.658716002355688, 
0.663343924731886, 0.660982556726477, 0.659614465325999, 0.647001451825786, 
0.652634131464947, 0.649453228610523, 0.638270720263894, 0.651901701334474, 
0.645288046847393, 0.652159621587528, 0.654225340252166, 0.657083396873505, 
0.675598411331709, 0.644038697313798, 0.667895849622164, 0.645540923417137, 
0.659405278203125, 0.63925134644184, 0.667247939983191, 0.653147725028176, 
0.648924943859559, 0.66206473870466, 0.658000663708308, 0.663473541312078, 
0.665473001095748, 0.648805203367278, 0.649669374604771, 0.656454044749754, 
0.659204847311652, 0.657103578977623, 0.646226565759734, 0.651786531511859, 
0.65674800479547, 0.671751135029328, 0.657507344298886, 0.661546419437807, 
0.65424672923524, 0.659140223628248, 0.654061458672166, 0.664306268224589, 
0.646799415857659, 0.655992520956143, 0.654572269326581, 0.664273085281897, 
0.659693954562706, 0.674775144091298, 0.659063616291003, 0.659819389883012, 
0.656140070676111, 0.654798057236327, 0.656248985128245, 0.646755176172394, 
0.644722453883589, 0.64326348730243, 0.655750687175019, 0.643992211335471, 
0.660842888856321, 0.655547942154142, 0.654973265760754, 0.663170781848418, 
0.654789757523762, 0.654033121395921, 0.672705792439987, 0.660536358979035, 
0.650190245865906, 0.641644239488951, 0.652783789973752, 0.642241240219537, 
0.658696847640412, 0.645029149281646, 0.657190463557493, 0.635527499376026, 
0.670548999249745, 0.672723915091983, 0.634789901702112, 0.652695529229495, 
0.64077316907965, 0.656421676280663, 0.666821307747983, 0.645209779551341, 
0.650953352617624, 0.651466612838986, 0.668416628458125, 0.642193744101713, 
0.645903468140503, 0.657292216848225, 0.652377768748846, 0.645934301431936, 
0.66222936928566, 0.659155766159246, 0.647732051352619, 0.659713545548284, 
0.680674357344047, 0.658103528295804, 0.662690372679679, 0.653744778919397, 
0.658811400862846, 0.653796736122357, 0.66013265553576, 0.650175856126751, 
0.645877104183499, 0.651305625019239, 0.652539491817525, 0.656586393324582, 
0.66668755330867, 0.639577874985539, 0.644679836704247, 0.656052915651302, 
0.645553151552417, 0.634101289542247, 0.646481925915326, 0.661760309954228, 
0.650371499553882, 0.658575476857283, 0.645763960143841, 0.65196993700405, 
0.656088398711628, 0.655324012377115, 0.665109430455701, 0.646876781702379, 
0.672710959862787, 0.646355151447711, 0.648270287757134, 0.647445223425309, 
0.651159926556932, 0.659663755699737, 0.642500061237601, 0.665878776377664, 
0.668054679009661, 0.649005137947196, 0.646584265671288, 0.655444612647707, 
0.644460915502859, 0.664618448875496, 0.652014708182133, 0.645497477284557, 
0.65749115768562, 0.64941024531424, 0.641366689487425, 0.663507966160809, 
0.65484880615569, 0.654590430322324, 0.664635196696451, 0.654516572258077, 
0.659528528233304, 0.664056265996956, 0.648184798209015, 0.657816926775567, 
0.640061569966665, 0.634269965881176, 0.632344625033001, 0.649850743230671, 
0.664101940475108, 0.658759816326439, 0.666244130773464, 0.644784740020872, 
0.658949929543184, 0.647467571763043, 0.667764664120715, 0.664095391224306, 
0.666188499001087, 0.664306891827186, 0.658548959071412, 0.65036724608032, 
0.660734166057402, 0.659516143657464, 0.666978409218824, 0.667204303434177, 
0.63051987577623, 0.659585668648498, 0.657637212981699, 0.655023528834869, 
0.655781662936048, 0.66083971478693, 0.658046318890793, 0.66804343061516, 
0.658484869912753, 0.63970342734944, 0.657722782045675, 0.670043803328417, 
0.657335329712184, 0.660797874929561, 0.652616980440025, 0.633660838876685, 
0.66214426927864, 0.652282925066046, 0.65875176412267, 0.658123710771365, 
0.667788981281348, 0.646364199749225, 0.658109353838506, 0.650869481428039, 
0.638498581557657, 0.653386290292726, 0.645443689492388, 0.65845099072461, 
0.670922212427376, 0.658356028991828, 0.653612432969582, 0.653968183389812, 
0.656349225515451, 0.654302230172705, 0.65676601821787, 0.66295430234033, 
0.652541915458288, 0.644631983688643, 0.680071060006866, 0.653462377511607, 
0.636451858527688, 0.659353436258619, 0.654963088041903, 0.663019406627082, 
0.667372177979745, 0.659930969597855, 0.650374252226724, 0.647174453474089, 
0.661914723269079, 0.655827972975303, 0.654501001896675, 0.65023310888294, 
0.651901027815078, 0.651330831119529, 0.655979450583553, 0.637456310319843, 
0.659846251661974, 0.675100579865632, 0.649543234957249, 0.632538923938264, 
0.641863245300386, 0.662327066204924, 0.659987533454685, 0.640539033168473, 
0.667520849770855, 0.650409791922446, 0.657813154595615, 0.665228508987841, 
0.656403210314161, 0.638206579634299, 0.657858948354394, 0.658882828195867, 
0.665160808276302, 0.647465444553833, 0.654889860635548, 0.637864233487761, 
0.652507133808391, 0.666051393542545, 0.662011968372201, 0.656906859753683, 
0.665952129398766, 0.656756099894286, 0.668862957023369, 0.644048415359864, 
0.678625318110172, 0.656232252678712, 0.647588967593073, 0.651500831867692, 
0.658243284557421, 0.659898092767619, 0.648116100477275, 0.649254801315288, 
0.65686656067308, 0.667609168002108, 0.670640856443022, 0.652289083203588, 
0.677626086546009, 0.658782355634992, 0.650935127307776, 0.652644883299112, 
0.653933877051606, 0.665439996288844, 0.647663998523555, 0.656030409244143, 
0.659662952664643, 0.650495254449451, 0.66256462830257, 0.647795245901055, 
0.654831775548151, 0.671806521975031, 0.667066063241418, 0.64967310342864, 
0.65680921933534, 0.650566906531411, 0.66321964978415, 0.655660213004798, 
0.659294618124511, 0.668242680515015, 0.647461610631259, 0.655731471444424, 
0.657253242905872, 0.65750473636359, 0.647156991005586, 0.660837062067271, 
0.652318172079862, 0.648931680679908, 0.644249092374328, 0.650859049520636, 
0.667056758731685, 0.652403698656072, 0.644480450845712, 0.660907938633604, 
0.644587919108651, 0.646725748397239, 0.651229293953439, 0.665461534008067, 
0.663760516502386, 0.664822098623435, 0.662914169361763, 0.659245821156544, 
0.651096918819398, 0.6554039585113, 0.656280415391527, 0.659708820937902, 
0.671097370810592, 0.652393911069792, 0.656323590261895, 0.649789632771664, 
0.644948898441884, 0.659039980280185, 0.659992813918805, 0.663302850420164, 
0.646633723076203, 0.655296847672345, 0.659199973239659, 0.658232593728626, 
0.649392901518964, 0.652196868893175, 0.643326704208714, 0.650081294247432, 
0.65739322941125, 0.650757607588951, 0.660933226823499, 0.658745104760959, 
0.6421907053999, 0.668394933279152, 0.650023286059821, 0.667311575553266, 
0.652366979306331, 0.651971040383742, 0.667339372370791, 0.653319967295698, 
0.660076787068618, 0.636363444097301, 0.654961034866348, 0.657449557896933, 
0.647860234589486, 0.662536605226411, 0.638878331201439, 0.644164768468527, 
0.650169915996204, 0.660056904618168, 0.642947604871438, 0.664750658304681, 
0.668770818400826, 0.662219562075186, 0.66111716695553, 0.657834956977101, 
0.657077780472289, 0.668382133070384, 0.671084699952078, 0.650105227512883, 
0.660075210657594, 0.661270185362933, 0.649266687762951, 0.642530770930971, 
0.657664502632048, 0.656008142311904, 0.661802882145413, 0.670594697395911, 
0.639566931718194, 0.641220396122968, 0.661039616658232, 0.647346054823694, 
0.662985606049545, 0.656136904126601, 0.675632812695057, 0.667212280215997, 
0.668608434799859, 0.66063663252832, 0.634910880022343, 0.655106713324964, 
0.643247293641798, 0.664017606983196, 0.638912279866519, 0.645873303743182, 
0.636654439080262, 0.664812414141397, 0.663400016305415, 0.64685067266211, 
0.664016542025308, 0.651911466785339, 0.65229668884117, 0.646768479246515, 
0.65321247481693, 0.659844485712663, 0.646362843348911, 0.679515382145455, 
0.648283187293797, 0.654044475071396, 0.625354408360718, 0.648516202219009, 
0.670822404279892, 0.652122022518631, 0.67062290849224, 0.65122765572683, 
0.636818309925891, 0.657675843186031, 0.662147268696724, 0.661755318564551, 
0.643016753669912, 0.657045979041711, 0.662839569626976, 0.661834187959064, 
0.649297757523059, 0.667251220171296, 0.644538865639732, 0.648685942022512, 
0.63441312932802, 0.662656310497609, 0.666060356200072, 0.648857299635531, 
0.673113473648345, 0.661639261054265, 0.654851697630004, 0.636203299463054, 
0.659104278316204, 0.653078021697146, 0.644186295871861, 0.66144656408833, 
0.65805525723291, 0.654473437320236, 0.672294854459446, 0.667102247272916, 
0.643461156929125, 0.652111912157094, 0.659802486218106, 0.666275394732365, 
0.652106041258093, 0.656228970532393, 0.658083706430843, 0.648410069518875, 
0.645510841327183, 0.663435763214783, 0.648102126305003, 0.653759599246388, 
0.657942549986755, 0.659933067223875, 0.666543288661331, 0.656645966828409, 
0.653705298293797, 0.651240907057754, 0.655409230561362, 0.662686444364768, 
0.648195876848647, 0.65125289456283, 0.653622352003374, 0.664117773751834, 
0.646702125530962, 0.648330683560403, 0.667411909033479, 0.634775412733616, 
0.641239355833549, 0.657387270017198, 0.654397770798099, 0.645726658730554, 
0.662605281039476, 0.668257695232426, 0.648094471928279, 0.649948670544535, 
0.63707446196824, 0.66322224913398, 0.657657182264353, 0.648766530971295, 
0.640799918753395, 0.66817761600733, 0.6381129817814, 0.64865533397011, 
0.65501802676639, 0.651460541556173, 0.64668329451854, 0.652687479085902, 
0.645278039825376, 0.663233157768391, 0.651009233895792, 0.658369434031987, 
0.651507723650604, 0.644783857405982, 0.649801350344437, 0.652642658342828, 
0.668400706006313, 0.635164098887471, 0.643941066571207, 0.647497709440623, 
0.626510168644064, 0.665731380482053, 0.678688486359338, 0.65857687761869, 
0.652271826363213, 0.656229744757054, 0.661252238324427, 0.648806995727071, 
0.682837800469526, 0.660433513922217, 0.654796889520377, 0.661649449610671, 
0.648794352598966, 0.66169362145258, 0.635516289149772, 0.662301897282767, 
0.660627677330801, 0.637667212568152, 0.637968188535104, 0.668327269915546, 
0.660578889903197, 0.646802368406982, 0.651988721336608, 0.650321440510026, 
0.662594378386969, 0.670117102199076, 0.65375208934908, 0.662508029187586, 
0.640798156151428, 0.652352633824004, 0.653414950467011, 0.633623646218885, 
0.662755622349021, 0.640157856909099, 0.645641579061623, 0.65544787055346, 
0.671136930925815, 0.641534714935739, 0.647319843899618, 0.641795443035396, 
0.647678000669747, 0.654039906286272, 0.64810806478557, 0.660079873920575, 
0.639840520587252, 0.663706952801679, 0.644813856960826, 0.651491855599551, 
0.64582205455694, 0.647924725924145, 0.651308456519703, 0.67375667139398, 
0.663353591057393, 0.648296962123764, 0.658900802993225, 0.673124003082421, 
0.656717213908657, 0.648379654754967, 0.660501941959495, 0.645312358155401, 
0.653990597622361, 0.643026233643793, 0.673881448993196, 0.642721221987537, 
0.651787776171527, 0.64407094545995, 0.652733956885908, 0.662780603865259, 
0.646394953592036, 0.648526606576857, 0.650027476127415, 0.639850939747799, 
0.668687726352285, 0.644008493848503, 0.640505495830688, 0.658058140551523, 
0.659984994365841, 0.640826066835836, 0.671028919973034, 0.665663728743215, 
0.672142833631385, 0.645431307346985, 0.664005629623832, 0.647621882549175, 
0.658566312792035, 0.659782832435928, 0.654930733440613, 0.648883678659472, 
0.673232088454778, 0.671381621337965, 0.665603426834128, 0.661954962770135, 
0.637754297520449, 0.646337851266695, 0.656199226898957, 0.640388208381148, 
0.654361402512901, 0.663520156935495, 0.67185009683932, 0.66700266150496, 
0.663686981431972, 0.662478619053083, 0.653816663199274, 0.650390913185917, 
0.662997726086502, 0.652513649837441, 0.670563636116693, 0.658357127935286, 
0.659369861168513, 0.640611852358832, 0.655678007058866, 0.652674312406467, 
0.650530714611681, 0.663262868458269, 0.666326046599158, 0.647893258499671, 
0.653900455119662, 0.648269682061219, 0.645617118123794, 0.664424999304329, 
0.659543079097331, 0.667668791217338, 0.650113964593638, 0.662162524520276, 
0.653807947701093, 0.659807970869395, 0.645660374683353, 0.647242833381398, 
0.666070989087553, 0.656525296370782, 0.665873873412463, 0.673787780862715, 
0.667123946048785, 0.650266609015575, 0.640807367434211, 0.635022431721506, 
0.662047179319032, 0.655518550009436, 0.644830709940189, 0.66694582017749, 
0.653559574126168, 0.660945689708668, 0.653167507474772, 0.661714878493311, 
0.659377965737165, 0.661042856474483, 0.656020010363332, 0.649131400159117, 
0.642707511516802, 0.643306080409352, 0.64057403440451, 0.668831293556325, 
0.657588859081993, 0.65033094659396, 0.6567335717046, 0.661661918649426, 
0.656255236500126, 0.647939221482687, 0.667047971485932, 0.639373911194593, 
0.655144662727294, 0.656532052885335, 0.638156284384003, 0.654395990936003, 
0.66528596493613, 0.636247044035047, 0.664433219954393, 0.651580126105074, 
0.668758919411606, 0.658437541936462, 0.65286755279024, 0.654328079211875, 
0.66286924513452, 0.662215196796889, 0.661632060171561, 0.660824276830777, 
0.667050967432696, 0.649010283031566, 0.673660495167069, 0.658913681183708, 
0.66044647347178, 0.660505616585522, 0.641698067282209, 0.66014062924471, 
0.666750084927308, 0.647920780025124, 0.670368246896161, 0.665445920427405, 
0.66324452221576, 0.6692391889522, 0.656299855148244, 0.632559300485984, 
0.652454586134037, 0.664010904002718, 0.639453788273143, 0.635209830841361, 
0.651578781910132, 0.659499428893716, 0.654085617462738, 0.684789826912853, 
0.668056713494565, 0.655556158036313, 0.654121813828934, 0.657899973991208, 
0.673575060538811, 0.675057030819364, 0.658538721649579, 0.653645438535598, 
0.668161641171747, 0.660634271455294, 0.664908963735363, 0.647141638184487, 
0.664123832378435, 0.661460776265742, 0.667022176571133, 0.642877695000127, 
0.662525356769814, 0.679598377457261, 0.628584163856856, 0.647632227395201, 
0.644574420301887, 0.645703063003339, 0.6549601469076, 0.66129479595599, 
0.646659580313885, 0.658995112211801, 0.664296206431604, 0.66400728899192, 
0.651995718334031, 0.645478784432852, 0.667265923271472, 0.64559235068601, 
0.645817266027692, 0.661466289535806, 0.674453007149147, 0.665809539327864, 
0.662833227946599, 0.640081241491132, 0.661864273951862, 0.649104623683047, 
0.654950642279596, 0.666768329286641, 0.650769982000497, 0.643984083097709, 
0.625519006985183, 0.668200353703284, 0.663996509168182, 0.646578538859108, 
0.647186832367479, 0.655200628047263, 0.655096706872879, 0.632495801404424, 
0.658792791305259, 0.659176777070588, 0.656911378278432, 0.665633315931602, 
0.660953940610028, 0.65934758059027, 0.658136168053197, 0.662780724971624, 
0.65252613192628, 0.642506781645102, 0.635363912245399, 0.670392047362454, 
0.654404992715925, 0.660456833893174, 0.648695955470095, 0.644331441718522, 
0.644459107365512, 0.663585816112596, 0.649463662572286, 0.65157069295269, 
0.654862553283341, 0.644801184331181, 0.655496059716443, 0.65810800035504, 
0.636837824552081, 0.633398765036667, 0.656765026771739, 0.672746001788206, 
0.662994861638789, 0.660477987085445, 0.657650083333386, 0.645215342412839, 
0.66348118087518, 0.653998026766298, 0.664493635470385, 0.671843918339707, 
0.653513655742021, 0.642626460644061, 0.651033383577866, 0.653726259858974, 
0.667319787182683, 0.645405026776477, 0.624386582484088, 0.632994124042793, 
0.657676137848498, 0.661319838022257, 0.645333774640755, 0.654481141486765, 
0.647955883586459, 0.67188966537583, 0.651531936772702, 0.651209693330754, 
0.656751245865647, 0.649943503373808, 0.645778978594117, 0.660132884287758, 
0.655979456213959, 0.654996117686422, 0.666010630035646, 0.644287185585068, 
0.64955576803039, 0.642134221187836, 0.657353282069741, 0.65297594536712, 
0.656475885564508, 0.656611435630973, 0.641971359812522, 0.667328248345183, 
0.645640887960869, 0.653004269455467, 0.673048838790468, 0.665919546439756, 
0.659504149365421, 0.657019109299403, 0.659353536247552, 0.649080012935398, 
0.659363594275177, 0.673251993670723, 0.656170413197196, 0.649874659806314, 
0.651666647130347, 0.662543312715873, 0.646817587614687, 0.665554386153138, 
0.662192942517563, 0.65209287248698, 0.65163427197713, 0.660667509821014, 
0.64540769014073, 0.660012438782697, 0.673274947315843, 0.669280604758955, 
0.657615289896427, 0.649019137752154, 0.655208417506178, 0.636136700275261, 
0.657310784274948, 0.665642077113548, 0.647363991731349, 0.636338280050024, 
0.674836699761111, 0.659927950805848, 0.655622085873067, 0.649907996696016, 
0.64250950219737, 0.63364910853694, 0.664096712604661, 0.66441148930821, 
0.644587180268424, 0.665578907507639, 0.655523096974269, 0.676223016987532, 
0.658148400852571, 0.647272131307003, 0.657269064720435, 0.670115808491215, 
0.660644662359377, 0.665868946245143, 0.640605891327993, 0.654707399566098, 
0.654285754063044, 0.649435417748945, 0.649650059641194, 0.655400512454313, 
0.660496400923033, 0.627795166545762, 0.666962073008987, 0.652376348077457, 
0.655280515427784, 0.646114669673473, 0.654988342661939, 0.66964984845244, 
0.663528706979977, 0.656964133860133, 0.646494322472439, 0.66545002620058, 
0.65679589341742, 0.650621358126648, 0.664607610707125, 0.663179323932816, 
0.6432842486381, 0.659206283179224, 0.646564418058747, 0.671746118513167, 
0.663088034622777, 0.670883967757995, 0.651911633070206, 0.671862905982307, 
0.648826830278991, 0.64611588278233, 0.640255023330687, 0.660270876614292, 
0.660746713241873, 0.650572269245768, 0.66270047263759, 0.661561057224477, 
0.65891425194306, 0.667025597180772, 0.659385350279147, 0.66498245959746, 
0.646234179328206, 0.636791106507897, 0.667489874915375, 0.649682566918259, 
0.664135487477497, 0.65442496452513, 0.651589442100595, 0.65609356223649, 
0.664719716612748, 0.659074591227109, 0.647979209910963, 0.655682300073336, 
0.661341129619027, 0.652134769070588, 0.658648387049565, 0.659084938249488, 
0.658518928944618, 0.650438329758663, 0.642223822095016, 0.646216403305805, 
0.659349422149456, 0.666609643899691, 0.657256594158043, 0.678500531763314, 
0.668857728966299, 0.642936878911298, 0.678841380579664, 0.64376302298508, 
0.662858892705941, 0.649416681687449, 0.656650362905362, 0.643598576634115, 
0.659616257461044, 0.655444292328934, 0.665602466685854, 0.650640517418341, 
0.641742796534605, 0.652151585874661, 0.657808107787197, 0.653443681640806, 
0.656917647863564, 0.647415243492237, 0.662305927708365, 0.651582966344379, 
0.65544715960382, 0.658612253721416, 0.673326822684909, 0.656015720984463, 
0.642163755439836, 0.649644061320462, 0.652567210724138, 0.65813445922621, 
0.655317932511066, 0.670411706427586, 0.659971783211135, 0.649187401846816, 
0.649530093747938, 0.651613770851814, 0.65751780216056, 0.653071810521259, 
0.64897600513242, 0.661008070202355, 0.648287259001405, 0.657419864789361, 
0.636635387361895, 0.659736974013645, 0.663097147431495, 0.671602106893158, 
0.660803682052811, 0.641323891958816, 0.635790050360236, 0.66440134747457, 
0.657360195689879, 0.65892526832488, 0.641854836623336, 0.666517070785228, 
0.658986105534892, 0.654537665105396, 0.650998176867193, 0.654457667590027, 
0.648102292257919, 0.658656046613422, 0.642583398918428, 0.659191729527996, 
0.653484213332128, 0.658222646222695, 0.663576466650033, 0.643757312769163, 
0.624877659212557, 0.657077248938136, 0.648250627759172, 0.659387169610843, 
0.663874392127635, 0.673846045800136, 0.658905966888405, 0.667639447671395, 
0.662189520776462, 0.653223644178348, 0.634878182020054, 0.648854624197579, 
0.642266022821993, 0.656191773358361, 0.651655888421284, 0.683916920389219, 
0.664055659762419, 0.659171355262946, 0.65524320159922, 0.663787692764729, 
0.633525955396194, 0.629249597791472, 0.64680136563182, 0.665169603024469, 
0.65248519969432, 0.652344668984261, 0.677123777474547, 0.654580610066494, 
0.661682943013244, 0.645568901750693, 0.669890309147159, 0.650968513560934, 
0.664824419966801, 0.653721036787254, 0.659442973018182, 0.657084693411818, 
0.663583686456096, 0.662408786871844, 0.638897130230458, 0.66758768954115, 
0.651584956196976, 0.649238368570051, 0.648845720902135, 0.659589767368823, 
0.653069722579295, 0.647584885554814, 0.653980233796548, 0.645892925338776, 
0.66045537188667, 0.643297715160831, 0.650894671573173, 0.681130300631957, 
0.646524424780435, 0.668642842730077, 0.654435160272997, 0.665242031346521, 
0.668483767185015, 0.645057468188066, 0.659639822064335, 0.65025991119535, 
0.653360316920127, 0.656800103029911, 0.65682676344991, 0.644097492681377, 
0.657785605584603, 0.659050945912306, 0.638553636518345, 0.65844134000287, 
0.655600050413612, 0.674716130874436, 0.663941408780483, 0.642484668036562, 
0.655191599052371, 0.649320259403044, 0.65668296753163, 0.642476457925616, 
0.657055665331607, 0.647003877660623, 0.671370892750492, 0.671584543290681, 
0.651282934733671, 0.651128866186305, 0.659694284736649, 0.658303085082223, 
0.66984678110972, 0.64423053651588, 0.641282673468418, 0.651473574714282, 
0.665293708841885, 0.660108810440892, 0.649840462024832, 0.64741322732342, 
0.667370294086325, 0.646679470026571, 0.665514725554156, 0.664261076608781, 
0.638703334407882, 0.65170670171458, 0.653684948383676, 0.663449573474007, 
0.657772539057416, 0.641343683554152, 0.650968746907582, 0.652977402764017, 
0.668937626147282, 0.638302922090075, 0.661167235941605, 0.666514431306536, 
0.650339219887279, 0.652192543283457, 0.652308003761088, 0.654922721854691, 
0.656149068480381, 0.661166780414531, 0.656906776026405, 0.651554843591658, 
0.651616706129654, 0.652941191358288, 0.66039896559962, 0.649874487576951, 
0.645840854600396, 0.651287949777181, 0.669057553227359, 0.653662675571615, 
0.637391960267113, 0.659225543878889, 0.657124572132511, 0.643231982877771, 
0.641670332627814, 0.645302279657137, 0.66328306906342, 0.658212419168178, 
0.666379910672183, 0.641941960363015, 0.654029078794149, 0.652085851570598, 
0.663547952459914, 0.679864435298465, 0.652298296498684, 0.661809062073856, 
0.658743430904053, 0.648344477909475, 0.657114025366386, 0.65522984509662, 
0.65674266319561, 0.653514521890428, 0.657283378190471, 0.652440993003348, 
0.672123763267112, 0.672336853325406, 0.657688997004804, 0.660686902303155, 
0.674422442110278, 0.661331879067591, 0.671623573549344, 0.675217026285638, 
0.671259325721897, 0.657690401675056, 0.654450423804314, 0.64872340899513, 
0.657464409458297, 0.672256935660444, 0.656267447307246, 0.638855522300665, 
0.660461980769781, 0.654723939528657, 0.655453662933034, 0.675394850854831, 
0.647078631467935, 0.654507738237468, 0.647262650367309, 0.647636951337548, 
0.643391467575285, 0.655722815276374, 0.65660615564679, 0.648701478364794, 
0.652436092320326, 0.658557210014519, 0.668391135396294, 0.660581972253747, 
0.651247913980756, 0.646902117598237, 0.635043395594535, 0.652951428508805, 
0.647968624884341, 0.64812509004022, 0.656192124420367, 0.653437163298096, 
0.657441624027909, 0.637921088274216, 0.650504853332403, 0.658508666695969, 
0.667239436373469, 0.655658660290042, 0.66020498227166, 0.644560803681508, 
0.66401960492037, 0.65801505206241, 0.65659466489065, 0.648955799254979, 
0.658281161362371, 0.663243051517505, 0.648100832776398, 0.634485516853998, 
0.652486411927664, 0.664688135148531, 0.651507397845245, 0.660886024320797, 
0.658026268091069, 0.652742674912306, 0.666739229762729, 0.654014174073724, 
0.657509830390959, 0.644250625350207, 0.645484764635784, 0.650617978482813, 
0.667323027260814, 0.669781310522255, 0.652356445953412, 0.646584581533783, 
0.634093480370692, 0.658743896209288, 0.654345392858975, 0.641278299833304, 
0.650185860686322, 0.653804404394158, 0.647521928969189, 0.64147594815762, 
0.666425199295161, 0.650837959242544, 0.659835458373856, 0.65276934911428, 
0.659933613554458, 0.651911351225541, 0.647191947645788, 0.67830750554799, 
0.66706471922873, 0.672742609034786, 0.667321930362783, 0.654068574035107, 
0.662426749124472, 0.665640018722021, 0.661815949845408, 0.656939250476062, 
0.655512685663356, 0.660371661139348, 0.663627572728477, 0.67027598706658, 
0.642702249515073, 0.661128923261016, 0.642896321953108, 0.656414712341245, 
0.658270432685881, 0.662026468570046, 0.649416835147936, 0.64814785769053, 
0.644531231529619, 0.653443540103409, 0.652210820733904, 0.6531426715825, 
0.650258321831468, 0.667308239499869, 0.646695330163162, 0.662057284602137, 
0.647559008169037, 0.659118806785119, 0.658553408729071, 0.658240008999728, 
0.659968247441107, 0.636328734873264, 0.642745911332816, 0.662830215380297, 
0.653413541195424, 0.648920965934611, 0.640169849543195, 0.663191350039368, 
0.64241538575977, 0.668183066291801, 0.642843465097317, 0.627593690010279, 
0.639382973575717, 0.651827338289932, 0.660138661020495, 0.652098418988959, 
0.650767551523066, 0.638389539335424, 0.659158824015508, 0.654038349697814, 
0.64952747893873, 0.645173713955645, 0.673542119462201, 0.641932088431947, 
0.641228968144312, 0.650951361910167, 0.646521918754111, 0.661041508175166, 
0.656137649775196, 0.650591744215989, 0.662229932251226, 0.650657886581069, 
0.658045142420269, 0.660278198010749, 0.639210025031213, 0.661904074183913, 
0.656227452329984), cat = structure(c(0.682616911683258, 0.655025781374367, 
0.00975930388047588, 2.82716171632785, 0.0016), .Names = c("obs", 
"mu", "sd", "SES", "p.val"))), .Names = c("sim", "cat"))
