structure(list(sim = c(0.640782997170909, 0.63848675116804, 0.630084998342384, 
0.645243558271684, 0.643676470970567, 0.64153406149487, 0.636094457146523, 
0.621814917641317, 0.620550603100447, 0.640380128267512, 0.647413496479876, 
0.637481359539814, 0.637145310233385, 0.655772701912203, 0.631330950915828, 
0.637269469295045, 0.64212051410346, 0.637832475626854, 0.632265308934229, 
0.647939576304813, 0.643567210046787, 0.645934971245656, 0.645188569273718, 
0.634593762236457, 0.655113098992923, 0.648189232374897, 0.634495720994476, 
0.630318691153033, 0.638099725150397, 0.643667057560941, 0.649024118969891, 
0.649171294142694, 0.63280407027688, 0.636136328103292, 0.629456408914483, 
0.640955041918916, 0.663124501044575, 0.643612443999623, 0.643029320884786, 
0.625036157140419, 0.626153713091253, 0.656762605485844, 0.624821306035119, 
0.657128993933156, 0.65870550456933, 0.642432471685617, 0.637777652116942, 
0.616690819194879, 0.645651577875508, 0.631652973042865, 0.633569339678236, 
0.642036173538787, 0.638846641109183, 0.635269838485451, 0.645507878490819, 
0.641829656711366, 0.642853826492725, 0.635241226742304, 0.635867014988191, 
0.628996519784519, 0.630873766775256, 0.636283862784736, 0.644943440842569, 
0.623424376796803, 0.621791000806654, 0.636113517525263, 0.622559540452496, 
0.648688602908817, 0.647580006794408, 0.646954384416005, 0.645159460041046, 
0.647951502877401, 0.653290582329758, 0.637876693880739, 0.636929034418293, 
0.66416974689421, 0.650996587006983, 0.634806038955419, 0.654196352249278, 
0.639135465156643, 0.643617454895979, 0.633205051904327, 0.644294578613632, 
0.652007562885554, 0.635532221008413, 0.640165077586086, 0.650016474292558, 
0.631078650626606, 0.624561320625239, 0.658767793528629, 0.628081679067068, 
0.641943150632659, 0.655999271823745, 0.638293922226423, 0.629364481927673, 
0.655380483239098, 0.617886398855714, 0.630812078333981, 0.638834526702131, 
0.629464217117679, 0.654177615610715, 0.648653371769813, 0.640846491970108, 
0.646072152832638, 0.647254599013739, 0.626459999305751, 0.640011258755032, 
0.636551327262023, 0.625295266314922, 0.64070589337645, 0.637234723124559, 
0.65435306376943, 0.646239631343487, 0.644780558179648, 0.645270535162708, 
0.650026342159415, 0.646519484688639, 0.649537733874968, 0.638996695037593, 
0.64485506719932, 0.640449800128399, 0.644456458601698, 0.64870128202415, 
0.633771024767233, 0.647805614229675, 0.649384477379132, 0.636734812522064, 
0.643940243714575, 0.644175045251388, 0.634683618252289, 0.635897213852661, 
0.622342944547891, 0.648492616510732, 0.628962279840994, 0.636647584007465, 
0.646977505285823, 0.632960458649485, 0.652596357394037, 0.64654306428743, 
0.658720962195405, 0.644401915678845, 0.631347872580801, 0.6445246885984, 
0.641815913739453, 0.650020636794349, 0.638573334132057, 0.645183107431086, 
0.632756277322642, 0.643643268184032, 0.642726466985333, 0.634215761115757, 
0.646076354882325, 0.650732623114401, 0.641576783294883, 0.649489073850155, 
0.647470349053393, 0.639478119361979, 0.639905380865526, 0.638883725089411, 
0.629479557685039, 0.659678876942049, 0.637001008153255, 0.631267270890466, 
0.64764011230268, 0.641303344024288, 0.648976972702601, 0.646570776056564, 
0.648014436933004, 0.652477855174885, 0.632274161900983, 0.636628601586307, 
0.636317463383682, 0.64799713317767, 0.648509703715603, 0.633236235639161, 
0.65254138713027, 0.66163554780527, 0.638944357003338, 0.647093360921527, 
0.641891340787684, 0.627621053404514, 0.645143345521225, 0.637237963365977, 
0.653333894317856, 0.658113816431104, 0.647045090229565, 0.613716364189932, 
0.633567483634371, 0.641621414877929, 0.644692626386971, 0.638784397898106, 
0.645569014062887, 0.634175244551339, 0.623946815614706, 0.651563253051406, 
0.620958988340278, 0.628796441594196, 0.63826061098631, 0.656236865222518, 
0.647936457230143, 0.639377992684872, 0.656079722436322, 0.642850109568137, 
0.649422546022463, 0.634868018620972, 0.648884654635325, 0.64260810330759, 
0.641765648616161, 0.64762811375989, 0.64152519267946, 0.655468044748213, 
0.635352563099668, 0.639700302177553, 0.624858643362318, 0.634675409756166, 
0.653294221462274, 0.644355404697203, 0.639308617780024, 0.631756756714006, 
0.630384080698883, 0.639596772279177, 0.642159111881209, 0.631961351546398, 
0.638447754284379, 0.64132232951117, 0.641491229765719, 0.638480573626876, 
0.645092436232347, 0.627446533284226, 0.633869981489707, 0.629961577991899, 
0.646914163539822, 0.635566922118467, 0.639961064988476, 0.649053663473076, 
0.650204569015221, 0.634945325499692, 0.645337579422673, 0.631765226756078, 
0.628178587566849, 0.635903834082429, 0.635926097437856, 0.642249430649861, 
0.627983187828578, 0.63558237762044, 0.62450316631687, 0.645977211119188, 
0.642069111984698, 0.655382702530329, 0.631026424522692, 0.655006354945906, 
0.650856315612077, 0.631990052718764, 0.648522320089585, 0.642345538562031, 
0.645963843269939, 0.643703833477052, 0.627971025785238, 0.633532787829194, 
0.6114035327869, 0.632798816705496, 0.650960844214501, 0.62835931916983, 
0.65009573213489, 0.6520049407242, 0.631949095087748, 0.631988506182659, 
0.628842959318768, 0.621164478112456, 0.625264176716382, 0.648125384843527, 
0.639189178592497, 0.643658288606434, 0.650615837654063, 0.636417858148282, 
0.636876525273309, 0.634399183141848, 0.643268656307901, 0.64019146772146, 
0.63309705270606, 0.651619055818246, 0.626857435604946, 0.641986759051849, 
0.642895830841948, 0.634429566780391, 0.633998822709228, 0.625204683362174, 
0.647150450899183, 0.631218624538757, 0.649839151271768, 0.632085278789939, 
0.638317649762369, 0.653476269894266, 0.647629864423398, 0.650472826796196, 
0.65601914289006, 0.629567039921887, 0.638357298667156, 0.645494421416572, 
0.634051504852609, 0.632967786362098, 0.637758640807733, 0.651143942653052, 
0.642110360380629, 0.642755031444916, 0.642455493231838, 0.639638457164499, 
0.641963234310076, 0.635573632760052, 0.63314023734027, 0.63581550690026, 
0.651712173197581, 0.623485520943932, 0.640592936682857, 0.654262910915064, 
0.64768501451851, 0.634507072457793, 0.660854756448842, 0.640094452655154, 
0.642105422726791, 0.645438627195114, 0.6261805480092, 0.631530012705912, 
0.637322549325341, 0.636740753842526, 0.64521656180888, 0.629851641879837, 
0.65048469368086, 0.647734730393929, 0.629951465907432, 0.652359651320649, 
0.650279626897103, 0.634189833030014, 0.641122405056638, 0.646146073264499, 
0.651844323185336, 0.641328229993165, 0.650148588549281, 0.629823994576382, 
0.636097240268384, 0.638366600575633, 0.63986293852227, 0.638671148358008, 
0.645768632515539, 0.653419430258045, 0.646740904171189, 0.647616364057938, 
0.652400174651375, 0.645333428134908, 0.635482520137509, 0.635944926262372, 
0.652667441762411, 0.640361463797367, 0.628146534753183, 0.653981455467756, 
0.64400772267451, 0.641957240179634, 0.634541959816397, 0.645989235905934, 
0.636561631234755, 0.649449658245632, 0.64419454353194, 0.633804788785796, 
0.648037392750383, 0.644012091945714, 0.646651902701229, 0.635798383654954, 
0.642016242694775, 0.618994812489678, 0.650464927441905, 0.650402094533381, 
0.649396720398386, 0.634462850804599, 0.612799021762607, 0.635575608594589, 
0.649659091521968, 0.642165480465011, 0.634729420113973, 0.631002647680118, 
0.649762472447005, 0.618458735345858, 0.645696565276661, 0.643326037408844, 
0.649901064202326, 0.661731646981347, 0.640396806601473, 0.633141926407592, 
0.642978057483259, 0.622977395944804, 0.647611327472888, 0.632374106885055, 
0.642193290444291, 0.653107990513031, 0.621106827126343, 0.627406893351195, 
0.642016049755797, 0.641213239816357, 0.647177361352271, 0.64557194300416, 
0.644988656215986, 0.632415762414948, 0.636014564966477, 0.655863937746608, 
0.630597071905938, 0.643888975324702, 0.62370336773932, 0.635225456809651, 
0.646789295085833, 0.629448655518677, 0.642363700852016, 0.655332259885636, 
0.63147726960462, 0.602590045099285, 0.651081692445333, 0.645441811821135, 
0.652832398169313, 0.633704713928209, 0.649873088060038, 0.639925672048341, 
0.631204102760319, 0.645953926049659, 0.634538206117364, 0.644092376377105, 
0.625713458083924, 0.652221938419118, 0.648882033867972, 0.629429960014665, 
0.644390646654774, 0.646291160447115, 0.638197154190916, 0.640451025842088, 
0.637284691834561, 0.634232844181351, 0.638915125873536, 0.654636404551691, 
0.650952257879017, 0.629127239190806, 0.635418172304472, 0.641854951569004, 
0.628084067673051, 0.62172031125752, 0.650551143157197, 0.645749134531854, 
0.632619644019035, 0.634194101209495, 0.637966076607124, 0.640586382451751, 
0.649746462229488, 0.631940759406626, 0.65113918311209, 0.656127448239466, 
0.6425082935451, 0.644424038852814, 0.618511395513617, 0.652041075061944, 
0.638939399942132, 0.648731474681902, 0.63755399475047, 0.629984803187353, 
0.656874397190433, 0.631175579952003, 0.643162772848593, 0.634357841838202, 
0.63157467974262, 0.626220005432376, 0.647158203443776, 0.643767769309076, 
0.644455061180075, 0.643161421861878, 0.644072186479864, 0.648478701829806, 
0.635283660735147, 0.653018749399292, 0.640479048244464, 0.648207655756426, 
0.622959088822825, 0.63552638645358, 0.649719806036902, 0.648671822771626, 
0.648152183777117, 0.636220127803564, 0.64231375168924, 0.653811783408826, 
0.641053338540773, 0.645737749453247, 0.64849337070246, 0.637985342371994, 
0.639227870524763, 0.635606916318336, 0.642458137814541, 0.650986031170082, 
0.6186632000784, 0.635921215661938, 0.664323109703568, 0.641278185275151, 
0.642385411933713, 0.647567702819006, 0.608988853233301, 0.653810050110487, 
0.633706583147367, 0.656969878272684, 0.641236220827363, 0.64219447806041, 
0.64829033006187, 0.651841271802801, 0.638429370845903, 0.641211750062672, 
0.629295903174363, 0.647604820264483, 0.619262255218189, 0.649815176160323, 
0.637958325440906, 0.627739718357475, 0.655238254763388, 0.624217670860557, 
0.652066384575114, 0.635309189073366, 0.639932898978392, 0.640480094410491, 
0.639365191416254, 0.641192381541068, 0.645482985711913, 0.640206500397992, 
0.639015045946747, 0.659311402676191, 0.653129098591847, 0.64847746507119, 
0.64335335477262, 0.636338304098007, 0.642201579655951, 0.636817708518281, 
0.647015374798774, 0.645644596371845, 0.647334897062175, 0.632035555623389, 
0.65873152017506, 0.637330276797467, 0.654216820334284, 0.643789172632144, 
0.6451422120093, 0.650701169258555, 0.629619166316026, 0.634818978068891, 
0.654006810965117, 0.620344401846908, 0.64691251340448, 0.643912771970938, 
0.639810478536333, 0.622851252954079, 0.63751682029888, 0.631670077680451, 
0.645955592802293, 0.636621818546142, 0.623232328483982, 0.630421504246379, 
0.639505731567651, 0.643627613576169, 0.629751430110765, 0.649092727963155, 
0.636443902356719, 0.620196241379117, 0.641023999714517, 0.640253847545521, 
0.650823638293886, 0.628204653499539, 0.654300444274377, 0.654956062735971, 
0.639123909998048, 0.647423625667942, 0.635185934244813, 0.643060068133267, 
0.645030903608609, 0.631455829301918, 0.652657465152673, 0.63930477126564, 
0.648860467590443, 0.623636066219639, 0.644000103876522, 0.628748367355709, 
0.638502386342738, 0.632560792308765, 0.625523858330858, 0.644233059382253, 
0.642257834031029, 0.643072434976731, 0.635591885089643, 0.645971783779797, 
0.635937172834749, 0.651011469963615, 0.634171266021591, 0.636675871139923, 
0.636253948700377, 0.637120271457846, 0.640256117757643, 0.648211885297342, 
0.649653944247972, 0.64643615386814, 0.641010632416926, 0.65262451497075, 
0.636991815674824, 0.646700532392678, 0.638685103965731, 0.652919678503438, 
0.645222660048038, 0.645565271480507, 0.623505625456934, 0.635789634403608, 
0.628138338422336, 0.637182045547311, 0.639143193505589, 0.640762482773069, 
0.648648847647867, 0.638544992394894, 0.64277549883766, 0.647732069002095, 
0.628096733753237, 0.647303559593832, 0.646813633825879, 0.641950418451672, 
0.647193005810835, 0.645100928247452, 0.636560400374438, 0.652565723716427, 
0.628720600139654, 0.641923486251833, 0.650994707957584, 0.638823839841791, 
0.638462322192197, 0.62690123637201, 0.618676624718794, 0.630620486170511, 
0.63585670352203, 0.648541585202071, 0.645379335534397, 0.644794853613633, 
0.646668041069632, 0.648667213045946, 0.651673460507676, 0.656658792672507, 
0.633310126826471, 0.647629511617184, 0.634492508494264, 0.654576726745511, 
0.636028738484283, 0.639235262899074, 0.635102167288511, 0.648891848624664, 
0.66334257369221, 0.647683272448726, 0.65466384948845, 0.638863945617571, 
0.646488439890562, 0.665222182727966, 0.643235501518102, 0.628700853316657, 
0.630902403548942, 0.659718869345855, 0.642441111579126, 0.633308496307365, 
0.62548848440629, 0.627350967867827, 0.630940381049664, 0.638856090558222, 
0.64032425402941, 0.641280123739728, 0.648847186790048, 0.63628500240353, 
0.644692106982694, 0.636184653982365, 0.647242402687312, 0.631799005820311, 
0.636336611905157, 0.62845888870389, 0.649818471298011, 0.650343464933984, 
0.638160675083452, 0.639809051642544, 0.644288370231247, 0.62792972793482, 
0.632715113914957, 0.652295340087894, 0.630949746689421, 0.637630004948013, 
0.645412103724609, 0.647079937725117, 0.634766680150593, 0.641934352231432, 
0.654548632754443, 0.615953617621377, 0.628725138470195, 0.644802570734233, 
0.640514229860577, 0.650463575550264, 0.643091299201657, 0.653456392817664, 
0.639873019955482, 0.642197561984325, 0.65407560955159, 0.644758707206042, 
0.624105563105816, 0.641633212772898, 0.622927513712372, 0.634404474591061, 
0.647181238093889, 0.644401442841188, 0.619139850851444, 0.636847627876015, 
0.64476568259459, 0.638688293875665, 0.637031419482496, 0.635148116224903, 
0.641038874192254, 0.641763584457833, 0.621852793563963, 0.635126605919474, 
0.648316949262705, 0.663931003297251, 0.656599965952547, 0.620573887399812, 
0.631764944523229, 0.649145676743938, 0.631873870952615, 0.631112727623296, 
0.646194251214633, 0.65720283739882, 0.637283803891995, 0.639483165731065, 
0.637390758783499, 0.657014406280556, 0.65467740782061, 0.653701363811412, 
0.630764938718604, 0.639213977892325, 0.630566326013039, 0.637674446884402, 
0.646658522370988, 0.631897244953736, 0.63519260161158, 0.641700160119057, 
0.636355720674745, 0.632462351007491, 0.638397669060789, 0.643805953484313, 
0.637641567732214, 0.622820087853052, 0.652333539764133, 0.644982611085523, 
0.663833430422872, 0.634813281435653, 0.662900968607055, 0.645912058129174, 
0.64588351134463, 0.641939207264979, 0.64648187505723, 0.65118032567073, 
0.654286658645253, 0.654705056179937, 0.640674920223731, 0.651619165505407, 
0.62550324045969, 0.642491357295068, 0.639993735164885, 0.640816089927131, 
0.647913278485061, 0.643103555353608, 0.634341645895587, 0.628044146271322, 
0.647027572542498, 0.631568526207381, 0.635285657093336, 0.633176737290448, 
0.649243167509983, 0.631915889903025, 0.63335915810336, 0.652698070776362, 
0.645298288772532, 0.641321266866223, 0.6432475264544, 0.641015998800625, 
0.650750412650654, 0.646083045027713, 0.646492289521717, 0.654759196093407, 
0.645833618129737, 0.644196905411054, 0.641208718373333, 0.641185739948589, 
0.611593445113044, 0.64216804841725, 0.639283145178876, 0.641385487968736, 
0.610499033887637, 0.626855303986016, 0.646046191522956, 0.645123119365482, 
0.625829554395762, 0.638782830188962, 0.647417053755682, 0.630572175964785, 
0.648432456905012, 0.646457125389355, 0.638440902296501, 0.64693817520714, 
0.643448038640699, 0.65341101439868, 0.642507407255047, 0.642402895590905, 
0.658772943101925, 0.627675555081882, 0.640694312821118, 0.635948632984906, 
0.64875323771254, 0.619258789223234, 0.649811033980355, 0.650269151495962, 
0.640032589369704, 0.649837543360885, 0.630100059408837, 0.615893850316109, 
0.664350336250822, 0.635720713593304, 0.646125397981069, 0.633187335184873, 
0.641623422721995, 0.646763369452907, 0.64993692306139, 0.643638114524953, 
0.657497593391265, 0.641910056936653, 0.656128147544261, 0.604217712906339, 
0.647381078682676, 0.642945623117621, 0.635874160190242, 0.639110322078182, 
0.646215510951748, 0.635579471102135, 0.639801852764229, 0.63551660591156, 
0.647388597592028, 0.606518516342674, 0.646461253910282, 0.622500168486099, 
0.629293659236951, 0.637539819846631, 0.634231379978569, 0.645917628494079, 
0.642502323941772, 0.649286032409556, 0.663610259756022, 0.635657032913954, 
0.621955757496142, 0.647744613699103, 0.643444834266722, 0.631090778574158, 
0.631917634802399, 0.641744542672165, 0.649557964710045, 0.64142845778626, 
0.642939115268642, 0.64867881587623, 0.640199793097932, 0.644912518806832, 
0.633426595682905, 0.638219021585096, 0.646677789881551, 0.6432224720311, 
0.636029254361387, 0.647546514548102, 0.643617029060281, 0.640914659133458, 
0.647253816620381, 0.636183173407647, 0.63089267428143, 0.65435161064296, 
0.639762408846532, 0.637753236707504, 0.655253827926735, 0.650440456568077, 
0.631927903552199, 0.645111308810954, 0.629857367679847, 0.622875822006278, 
0.639395984250523, 0.642848581577255, 0.645995804619167, 0.645626744897481, 
0.635263982442373, 0.641258275086455, 0.653404018012285, 0.644963839582013, 
0.645264465693296, 0.634043826889226, 0.647263238803555, 0.641327551958469, 
0.650394824732735, 0.639819810338664, 0.644285469158526, 0.633303628664071, 
0.630785848949433, 0.657345903493623, 0.639884374031612, 0.637887028124151, 
0.646477135596445, 0.644525259000252, 0.636865730837279, 0.652969123458384, 
0.640657108835289, 0.648548616416301, 0.636226770208195, 0.636376436022224, 
0.635066669008829, 0.658926999750176, 0.638679944412121, 0.634554100195627, 
0.651501673696834, 0.652374380645842, 0.650689695182638, 0.649605529168735, 
0.648217698787561, 0.637638469278723, 0.63521972166305, 0.649931480186248, 
0.646880174430569, 0.645451647206874, 0.621786334566315, 0.639972285734498, 
0.627674630605995, 0.645942820451145, 0.638916598736375, 0.648547990461232, 
0.642300728933002, 0.633149312915672, 0.658396108186723, 0.649326081082492, 
0.606668032232293, 0.642016453505068, 0.644855209822837, 0.636845178082319, 
0.650181213172447, 0.65046436194946, 0.630608251219934, 0.637879252255855, 
0.639870885876155, 0.641537306141338, 0.642361989749945, 0.650010087999621, 
0.627947560961374, 0.63384167649258, 0.654452606874974, 0.647052160562484, 
0.644027639568372, 0.647359968323862, 0.647354642079798, 0.64477461314244, 
0.630071573610641, 0.644331389989281, 0.648447781093017, 0.645118095631244, 
0.636818517753606, 0.651427081272367, 0.643737356622827, 0.639568591190728, 
0.654224976606057, 0.629790914098489, 0.631749514407691, 0.644610474533516, 
0.635989857907017, 0.640138138969159, 0.640889034275589, 0.620773326126356, 
0.62267167141242, 0.654908488700972, 0.641996155815149, 0.647272431565477, 
0.638802437931747, 0.643722416529834, 0.641916111763784, 0.627411322240876, 
0.639859298272184, 0.656382753780854, 0.654676369407258, 0.653684132170353, 
0.64250092828948, 0.649316164432396, 0.632664962146878, 0.627160227152334, 
0.646817482269135, 0.642128372389262, 0.658978140389042, 0.641460227740043, 
0.626684367309947, 0.628616477719742, 0.646516192837419, 0.632308217128045, 
0.633092644773047, 0.64723451484692, 0.639701061593974, 0.649692952414644, 
0.622977045409544, 0.654891919613865, 0.635084469522107, 0.652796580321169, 
0.647729357310805, 0.622287254442926, 0.658959881133111, 0.63169233608762, 
0.649943990654084, 0.639321180796964, 0.649195440724234, 0.631458664309826, 
0.640159034930057, 0.635115466529503, 0.641813428015991, 0.637010120404721, 
0.651883256493334, 0.647108078952935, 0.639756351238919, 0.653509720233406, 
0.645122408074156, 0.648848832166234, 0.64890134071093, 0.623314813432293, 
0.65517924991306, 0.642508902983475, 0.640142473154288, 0.631451033082589, 
0.630679247796577, 0.639359771930695, 0.643463732053388, 0.632480067049084, 
0.637733230335999, 0.621572253403866, 0.646176272133839, 0.636010643681791, 
0.646319696762665, 0.633285977893072, 0.657456814395321, 0.648252655154807, 
0.637089744819933, 0.650011562739334, 0.65073400575541, 0.621203816040568, 
0.650095744715839, 0.633651207284607, 0.63030828232337, 0.651313265239653, 
0.627129517064681, 0.640289697349427, 0.660391512366659, 0.646538330989519, 
0.64061746049552, 0.623781527456755, 0.621347370934539, 0.64082107706164, 
0.653881898700403, 0.641920193340714, 0.645525686407342, 0.643680818360118, 
0.635594962570745, 0.649034250477117, 0.63634956978193, 0.645827659952932, 
0.629617668735462, 0.643402846732542, 0.647211035476732, 0.644553777331926, 
0.633803340793371, 0.638258536352132, 0.640704733986208, 0.634115710867238, 
0.63635703546945, 0.660255863601069, 0.638563067213406, 0.641915836309731, 
0.639503630219322, 0.642803651126047, 0.637364116211568, 0.641673145667883, 
0.643411132031322, 0.621977272566913, 0.629007866896181, 0.632018434434728, 
0.651593078938528, 0.647972904428413, 0.641295963670533, 0.644914482823492, 
0.648320939886508, 0.62698187269489, 0.641715383843901, 0.662969867671062, 
0.652782634430635, 0.627972708815336, 0.645157836769925, 0.657126305428016, 
0.637812134696177, 0.649104440098705, 0.625369005356124, 0.650950576059421, 
0.653022367045359, 0.642873440587086, 0.636140277375526, 0.648887482485299, 
0.644130824710577, 0.635989531293156, 0.648633129216892, 0.647482008297246, 
0.632793745282711, 0.638211390597767, 0.645603185106354, 0.644474849192755, 
0.647950717004513, 0.628270053247133, 0.633302481802328, 0.644712553736325, 
0.651173066668122, 0.640367210961522, 0.640337150039889, 0.63918402925894, 
0.628709710888108, 0.650490633539067, 0.641665475031196, 0.642263968608622, 
0.644574379421877, 0.657329303049626, 0.647382835666711, 0.652797921273601, 
0.624374398493649, 0.640590604056069, 0.638357907667236, 0.630059217900362, 
0.634220665198904, 0.640832711814716, 0.624015660771094, 0.650435336911281, 
0.63601174825887, 0.64033358565611, 0.664884015070914, 0.650684067206425, 
0.628718570159874, 0.659455447487068, 0.621998665086223, 0.651796271773003, 
0.629587544927678, 0.654334212274424, 0.632160266696135, 0.644148291046087, 
0.63722869153055, 0.645610887076251, 0.648105118464043, 0.630393585543146, 
0.635997661320218, 0.627759519985352, 0.650853126439058, 0.615424005346534, 
0.645493245844766, 0.64940870993946, 0.642341173875677, 0.645558628031535, 
0.617638194881226, 0.642819935085524, 0.626682122308852, 0.64477109948554, 
0.632101573607293, 0.642042017795898, 0.658728379910369, 0.643080095818046, 
0.644863793285844, 0.655723993424532, 0.640754996219453, 0.649122884497781, 
0.627536533824852, 0.630196704211623, 0.647381749898867, 0.638204494682171, 
0.647077587110713, 0.631536174641502, 0.623541219417824, 0.632552830918839, 
0.64090565825006, 0.638805492745789, 0.623434449086488, 0.639399048146794, 
0.649019212139366, 0.638876487681933, 0.648659835186472, 0.646447907751463, 
0.639436615215973, 0.645756309910508, 0.651367649370728, 0.637061236050085, 
0.654140794497169, 0.631993193341701, 0.650227973363997, 0.63870810264095, 
0.638251238145602, 0.649665259551259, 0.637239771879076, 0.640936189687093, 
0.651180634559156, 0.64747615436709, 0.666205311377322, 0.649149134388335, 
0.642824719631621, 0.638929834230719, 0.648203096786623, 0.632736606715172, 
0.634721387636889, 0.656620396346407, 0.644104203620211, 0.639279383753375, 
0.646003680694727, 0.63444869248245, 0.641173101778643, 0.648605241373572, 
0.644757309015832, 0.646527884461813, 0.650710907425259, 0.633366434434885, 
0.631065824783221, 0.640619328307094, 0.634605349672685, 0.63354644072179, 
0.64292372487238, 0.666915937805118, 0.647846007362418, 0.616066372403078, 
0.660188467470419, 0.634398492876167, 0.638962451520964, 0.638569344155226, 
0.636214624070136, 0.630643169429363, 0.650410326074923, 0.653598105959315, 
0.646827182470571, 0.641416375192154, 0.649032815073719, 0.657622165603072, 
0.648630684881, 0.6301730844357, 0.655630355729112, 0.64673376577196, 
0.626705664345275, 0.645976905957025, 0.647892689996758, 0.639351439176582, 
0.645701724820499, 0.657049862961614, 0.643558843295759, 0.652080600355329, 
0.628264775904785, 0.629654267225926, 0.631684080174012, 0.644530289758016, 
0.652952044921383, 0.6327458850062, 0.635223845646317, 0.652255356684994, 
0.646200904844636, 0.636446586033679, 0.63089717774258, 0.658451907529071, 
0.632156473519708, 0.652123147205826, 0.632003317743612, 0.635660806140041, 
0.6476163668248, 0.654803006798792, 0.637573581391493, 0.650104560396333, 
0.630693236863573, 0.630397023333202, 0.638140323672062, 0.642232320506534, 
0.639670361487961, 0.635871570050632, 0.659702792684526, 0.646296952893586, 
0.633664469334365, 0.656187457943109, 0.624729557009715, 0.623397742101406, 
0.637970395718266, 0.622025541329854, 0.638078990165126, 0.636679287466002, 
0.631724699282744, 0.65014440296561, 0.649954643850262, 0.618838479987938, 
0.658556385774839, 0.64116375987174, 0.640212161713741, 0.630784575854686, 
0.632577587277887, 0.644569996700085, 0.647377215087889, 0.635929838242973, 
0.648998603883526, 0.648463854727482, 0.639344489401974, 0.632870119241583, 
0.653088130394846, 0.646549504960211, 0.649444508213788, 0.652270317533944, 
0.643350009643861, 0.641063943668968, 0.632284287917962, 0.656462284634056, 
0.656740734134331, 0.63133514661239, 0.638540367708516, 0.641916677986585, 
0.649233198920504, 0.629922723147499, 0.649400630020333, 0.646702284812234, 
0.638916523187499, 0.653901868920037, 0.635903652806757, 0.647165004798146, 
0.635988229983317, 0.631627659772299, 0.651094734671304, 0.637425161553813, 
0.646146454184114, 0.644940598226486, 0.633352482530555, 0.647730917184575, 
0.639577076615049, 0.651230520727362, 0.62652454312491, 0.628596055008685, 
0.653822938551915, 0.633211180053609, 0.652662752293067, 0.642056565724562, 
0.638482171263515, 0.643277606513222, 0.63092552458156, 0.637947830295267, 
0.639988433533186, 0.627571747697095, 0.648078825577834, 0.646512053177575, 
0.643375132289793, 0.630954294739383, 0.647303851388201, 0.632730613742992, 
0.632443852543802, 0.628561311781398, 0.632409280675657, 0.655583704320592, 
0.639351374482033, 0.648702869060621, 0.641296956039888, 0.645869016809913, 
0.63852491638103, 0.633541674076994, 0.647232316653863, 0.646528819614409, 
0.64218151955971, 0.6366786729847, 0.641988793957093, 0.647756008773138, 
0.656832573946668, 0.631077775414361, 0.638611236988905, 0.657726539617922, 
0.63971036445457, 0.653716226560965, 0.650995953783326, 0.652148926929666, 
0.640643542490766, 0.642835729509224, 0.621596886006403, 0.638098394981523, 
0.630327945592588, 0.637384863806788, 0.627114045197488, 0.631935511301136, 
0.649516633693245, 0.631848525849032, 0.637186777487623, 0.651823615494688, 
0.645167532249091, 0.643130313436314, 0.638371926511698, 0.644741833031132, 
0.635093131296864, 0.631047199827956, 0.661073371873314, 0.65424023029425, 
0.654177211922595, 0.650747268064179, 0.638995231065322, 0.643287767872085, 
0.634294056668353, 0.656200273441846, 0.633463379475149, 0.646704893452104, 
0.64378089239982, 0.644563789039187, 0.642391431672635, 0.634424259536939, 
0.649411244847772, 0.638225032818664, 0.654873753995135, 0.6382956683467, 
0.646483571662061, 0.627896360634257, 0.644185161350716, 0.635592575866058, 
0.644090162194582, 0.63643228226995, 0.646181444050396, 0.64893813072533, 
0.638293705379491, 0.634548202051289, 0.64529661459921, 0.62846873966832, 
0.639339745420549, 0.637442708033136, 0.655881571497466, 0.641833594909702, 
0.639649211228862, 0.646429894204276, 0.650643730282279, 0.650246682190951, 
0.657433884722071, 0.653004021985196, 0.629720490715105, 0.640452337219323, 
0.62574851525733, 0.627117200264482, 0.651042869762208, 0.635349145395456, 
0.640076071522964, 0.663737102475745, 0.642425846918952, 0.648097056527659, 
0.648948959913139, 0.658205613734783, 0.610101336238981, 0.652691189687035, 
0.650283600925164, 0.633183917270764, 0.660116881464945, 0.649300777926654, 
0.626506131308537, 0.645293328902478, 0.649515664913809, 0.653476008866739, 
0.620925481210674, 0.640726305314758, 0.641697006442157, 0.640051204849175, 
0.636881874411558, 0.656863978510707, 0.634367831526556, 0.635346464363821, 
0.647263368219155, 0.621571692818224, 0.633086959956468, 0.640452554545765, 
0.647019083066867, 0.632192768433153, 0.634352582592283, 0.62857842404642, 
0.636280698331323, 0.633254433023533, 0.64867425870841, 0.640987401522013, 
0.644440039707156, 0.641024330101788, 0.658029222651782, 0.636589662224194, 
0.622687495413905, 0.646518977508402, 0.638548783819341, 0.642739520415402, 
0.630387915494533, 0.641734004034135, 0.63954120159433, 0.647099142009796, 
0.624141291015686, 0.644321472472054, 0.649781060358906, 0.635667543885759, 
0.63985822999988, 0.644636530051011, 0.636534446322574, 0.645406486685893, 
0.666217391569934, 0.621791784976912, 0.644342608435922, 0.642272432752275, 
0.627517446946986, 0.646959917865875, 0.647801541882736, 0.627362596148524, 
0.657241026492589, 0.635736617165436, 0.632511694897218, 0.639644311123385, 
0.641682852255406, 0.647868440993768, 0.646702663498801, 0.650296956412481, 
0.644102103789374, 0.628751310925593, 0.628406816422345, 0.640072167456537, 
0.644510104777735, 0.644187785804693, 0.625238390911892, 0.635910875541855, 
0.619379637508466, 0.633169873930486, 0.648074575787565, 0.630880683485371, 
0.64097770096431, 0.645481604744498, 0.651073626801663, 0.650100094601377, 
0.641797820754733, 0.655978833066999, 0.650337312954592, 0.628463919918049, 
0.624708773699573, 0.64114200483135, 0.651084576014302, 0.633476466267263, 
0.641583791499601, 0.635689229124326, 0.630344075077424, 0.632034438052342, 
0.639273600277407, 0.653044868280751, 0.659249568618265, 0.634646148478837, 
0.643681117694122, 0.639494716640729, 0.644516179168858, 0.6196312063513, 
0.636938503702068, 0.619584001053924, 0.632026541392606, 0.614498447414003, 
0.641543239298405, 0.653959551874141, 0.618586593834476, 0.617034481805109, 
0.645053129025938, 0.65072937449622, 0.65225516469086, 0.631332136072091, 
0.650216019277066, 0.650473429188713, 0.656564816363946, 0.624227644126876, 
0.640690314708819, 0.634250106798526, 0.644524887709002, 0.654891706559925, 
0.631850014114963, 0.658598698717556, 0.635233078742023, 0.643727855981846, 
0.626229193595426, 0.638546370124288, 0.633432855507934, 0.647179486764971, 
0.668112448815972, 0.641622952136936, 0.640795158469423, 0.637195900481164, 
0.624790872981265, 0.621459646300227, 0.652521502095488, 0.645924414848654, 
0.65275271466786, 0.652901443658274, 0.642517834516842, 0.647358552196616, 
0.635226111437068, 0.646611158460513, 0.652524648282143, 0.652008371527873, 
0.642009849995322, 0.650739608584814, 0.64573412090764, 0.649818680881097, 
0.628669365307952, 0.628423449095455, 0.638240412565215, 0.655460639937786, 
0.651855888361402, 0.651842050882852, 0.639491559915343, 0.639781331396511, 
0.638699792092086, 0.6536604774694, 0.649478817455548, 0.643091959640914, 
0.648918173498568, 0.648671627219145, 0.650063446884408, 0.652535557869022, 
0.637410696089835, 0.653832170660531, 0.648196993844533, 0.65069947219804, 
0.64380609039061, 0.651083179000544, 0.641411272392732, 0.627482692206465, 
0.637152116700419, 0.636272055742021, 0.660553364306793, 0.627923397665995, 
0.649917689740659, 0.639067783400227, 0.635847897839276, 0.638436842225382, 
0.642997703242453, 0.63348707289379, 0.632735751646336, 0.648042973188811, 
0.641280745471611, 0.653988054289655, 0.651741023094186, 0.650032529065192, 
0.652891043474527, 0.63126390344026, 0.639613697765796, 0.649093466330013, 
0.639398978746226, 0.644537433987483, 0.63222755592267, 0.628852782751368, 
0.624488106392895, 0.634642255220909, 0.632187854663262, 0.63793018860374, 
0.630807643052879, 0.648894747850513, 0.651362099287475, 0.649511386474713, 
0.65596497723215, 0.655583274763842, 0.641348530138092, 0.634139085663456, 
0.648798397307041, 0.637573353284516, 0.652779825913974, 0.651981047161719, 
0.639746915894381, 0.646679895492302, 0.648200991231752, 0.652741556413659, 
0.65817818122133, 0.626841996688746, 0.631883515570145, 0.624362342267933, 
0.626486552186878, 0.644746577474938, 0.65900829391689, 0.638775385346736, 
0.654816522302477, 0.654303813170138, 0.646583620407068, 0.640553453218745, 
0.651945143688729, 0.644734302311893, 0.633858302441704, 0.651228459240509, 
0.632828683778994, 0.633024315487303, 0.645714540021784, 0.629823503723587, 
0.651319453930202, 0.648690897454333, 0.635449673309724, 0.622103119036981, 
0.635036734398977, 0.664165209723545, 0.631249771535723, 0.634134246639019, 
0.644946326251353, 0.644973646532782, 0.638191598973087, 0.658676912417984, 
0.636651421939838, 0.646893833817471, 0.649044450048561, 0.645803930313592, 
0.651840854219577, 0.617177780553424, 0.641083880126702, 0.657264670507332, 
0.653329638268759, 0.64633937639608, 0.6431155639205, 0.637185090444244, 
0.65340188301909, 0.655820127146377, 0.645783673657894, 0.644242581710953, 
0.624274985653508, 0.643087968534268, 0.629716183767029, 0.648986602222891, 
0.654155144923181, 0.635420427577216, 0.642392885647224, 0.637589109272759, 
0.63152703157061, 0.653823298060648, 0.627821105170848, 0.64847648513938, 
0.641703563491144, 0.629326203355299, 0.636619042973226, 0.62999727433258, 
0.645657625965079, 0.656318604149246, 0.653580594381732, 0.636505689711792, 
0.63424162516187, 0.637604494772429, 0.636996611709015, 0.627221685746058, 
0.650999164309137, 0.636201708001643, 0.649862869609348, 0.644920578277355, 
0.651349284271205, 0.624859415254355, 0.648601825187308, 0.639183442879113, 
0.629205331052105, 0.648869509761018, 0.640060981124552, 0.658980082151387, 
0.648153277695631, 0.631057089063917, 0.635665373579086, 0.640813037141328, 
0.641466370497373, 0.629950880504676, 0.650830742052747, 0.630033810698668, 
0.642646526507211, 0.642041428557143, 0.638244150660547, 0.646838073701553, 
0.642203647260274, 0.63110942679361, 0.62954960798312, 0.636250352941409, 
0.64186738322174, 0.642144127486306, 0.637869259227625, 0.626155984344109, 
0.652180862205521, 0.652996792502732, 0.643933041103003, 0.639338936265744, 
0.633167129988908, 0.646678127425234, 0.632721718286206, 0.644506534309156, 
0.652764175633261, 0.641351973643955, 0.634117470825049, 0.632633707474203, 
0.641038124669781, 0.651563476662995, 0.629782991890552, 0.636814712522761, 
0.634675281059168, 0.650117354619775, 0.628406270236047, 0.640978384380161, 
0.633745651024493, 0.639408179214586, 0.644629040369235, 0.638394610328368, 
0.632958827829281, 0.655859135366827, 0.641566327762962, 0.660444708556695, 
0.658945487488665, 0.632836441335376, 0.635843340882268, 0.632835319403342, 
0.662969693115161, 0.642479295345081, 0.631093852962324, 0.64112421984858, 
0.644185900332935, 0.640186930712103, 0.631359119249233, 0.634793784442298, 
0.655392909309583, 0.638883385423751, 0.655413044800465, 0.648881985408258, 
0.637405554587607, 0.639805394633449, 0.643672684420629, 0.629178037892188, 
0.64436830295174, 0.651998548583538, 0.642704441600586, 0.650838509147658, 
0.640665190233527, 0.655772336750215, 0.647696985370572, 0.64748050492226, 
0.638313456205475, 0.650901837850114, 0.639964353277446, 0.631836986266938, 
0.648427421446827, 0.648911834137828, 0.646218044035805, 0.630949788847848, 
0.652248587234942, 0.632682302047235, 0.645586958002758, 0.64570856675817, 
0.638444381690182, 0.636032738477971, 0.609965763930347, 0.638096385687433, 
0.648384086925012, 0.648555125382279, 0.643818977717901, 0.633550262497716, 
0.647612807948996, 0.655682770797808, 0.628070545753761, 0.644199315376728, 
0.648545436470284, 0.658216841179929, 0.648264264257051, 0.640260616679527, 
0.635326935948334, 0.647002267691759, 0.63323828709679, 0.649389584514842, 
0.632958122054303, 0.630260478198688, 0.631950740104415, 0.644156781670151, 
0.63515256713727, 0.644582234059928, 0.648145769704486, 0.644756872993935, 
0.652574543903288, 0.650770681237261, 0.638686480303435, 0.644321793818708, 
0.641192632733533, 0.641442513794141, 0.642476730594237, 0.651300517913403, 
0.649946786548192, 0.648469021348228, 0.644991482287664, 0.651626793184005, 
0.641226130952796, 0.635937995910606, 0.65142896889696, 0.627679545897159, 
0.635418993136481, 0.640677327736697, 0.635242533641459, 0.646445477317865, 
0.628576319043106, 0.641512543018742, 0.644269971187093, 0.645602828000278, 
0.656296896502443, 0.641404330446669, 0.643393959388028, 0.643421585902878, 
0.642579419216255, 0.622237583557167, 0.640393583621405, 0.622571413342055, 
0.635432448177448, 0.639826603341584, 0.650723985095383, 0.640855723837122, 
0.633695332138412, 0.635566834284613, 0.647675669954769, 0.642391827646981, 
0.650619783253525, 0.647885140264262, 0.643810760857315, 0.641627235013662, 
0.637709597614744, 0.631580193887416, 0.646269953174754, 0.645569898785283, 
0.648131253691931, 0.645199006330053, 0.628952094979842, 0.627412956987414, 
0.647634382798633, 0.638043221018351, 0.646046439860504, 0.651419741466468, 
0.631919834815303, 0.651956964671183, 0.655486010103117, 0.638666192347888, 
0.640953352991799, 0.643452728376359, 0.636177181275494, 0.643338989977215, 
0.624361202491177, 0.652986530158839, 0.638500595528207, 0.640148167633276, 
0.645317008089158, 0.633054114651525, 0.638695948487012, 0.646241600821021, 
0.641028801451584, 0.64516061787365, 0.638786889498546, 0.650875710174564, 
0.657056073576863, 0.642514850181861, 0.645143079716255, 0.645212590146094, 
0.63188320145813, 0.630640004884934, 0.650052425705869, 0.634823101903555, 
0.662510675379621, 0.633515744899347, 0.634470136361988, 0.655058561567044, 
0.621998943541187, 0.657991219996591, 0.635670867122672, 0.626916837159262, 
0.640495130364677, 0.625072134362219, 0.643045542879448, 0.632681532436223, 
0.644972257084864, 0.641755626637233, 0.645773150266302, 0.626342197845618, 
0.630605036841145, 0.640996920412194, 0.632681916547662, 0.651263599374538, 
0.640705777472444, 0.63726953345996, 0.634087466987417, 0.654159976346005, 
0.649759955648702, 0.637126852695019, 0.642439482154214, 0.642945572831314, 
0.645061178741477, 0.647708222362707, 0.629156031004462, 0.633699310967251, 
0.653304938801807, 0.647027349967697, 0.641959278855516, 0.650199150093714, 
0.655069712345974, 0.656856452005977, 0.641370324814387, 0.628122408353845, 
0.651598434272044, 0.662932733520384, 0.63529876871834, 0.640915983826193, 
0.658973781114716, 0.619437914164743, 0.635543764634816, 0.645229803219804, 
0.633533391306296, 0.646877556837051, 0.642394184648677, 0.651136442596541, 
0.623686753836005, 0.657059548018796, 0.62387556916588, 0.641888075002256, 
0.624111653787482, 0.655098966843049, 0.630989563822423, 0.621111628115235, 
0.652757674853799, 0.632323606534919, 0.634624866002722, 0.632528954297291, 
0.639233042623397, 0.647393410215152, 0.633389924325345, 0.644590250108894, 
0.65255704106565, 0.640363840090372, 0.650861467021847, 0.652191655779448, 
0.646242562779973, 0.640075792118534, 0.621592651948485, 0.65135928468857, 
0.623632465616291, 0.631935864141957, 0.639124854606591, 0.647773666178493, 
0.653132125786763, 0.654943937497846, 0.633094685252324, 0.644699507763683, 
0.617385797134487, 0.627234119523971, 0.631417045924274, 0.650588055518273, 
0.653745476037468, 0.656909244731643, 0.638405148273536, 0.646826090544564, 
0.649892912289583, 0.638721995625135, 0.638045663955421, 0.654699042643363, 
0.633533027241937, 0.645427432980409, 0.656071318240375, 0.637490764192608, 
0.64127208556957, 0.653785261330063, 0.651724645415948, 0.631044974791646, 
0.654022770174758, 0.63829226687774, 0.650602964419337, 0.625531825457132, 
0.648061999195752, 0.66126751728643, 0.629310033695369, 0.644750753762978, 
0.641031900202054, 0.650454794404639, 0.629847666633947, 0.64032607272348, 
0.649810384334429, 0.628298613627952, 0.649098897980828, 0.631767443475485, 
0.642759617268062, 0.640279463077223, 0.645793238082122, 0.646147984567694, 
0.64659677989489, 0.632774838187655, 0.640108800786936, 0.639946984572729, 
0.649737759503593, 0.663718820925811, 0.622044483375455, 0.631966682462573, 
0.645210242117909, 0.627029812853426, 0.642719970227641, 0.65205656407832, 
0.649466960710702, 0.640015264586604, 0.656723936001806, 0.629122003174842, 
0.651577126056142, 0.633886331056308, 0.638092342768986, 0.648658386680746, 
0.634062685227435, 0.633776959467855, 0.64670751342016, 0.64388252473654, 
0.641940661728193, 0.643962320765883, 0.630488244512933, 0.636101571922385, 
0.653310264992403, 0.646901117966129, 0.653457804630319, 0.641329652942982, 
0.635174559968151, 0.648206465094312, 0.64216586956868, 0.638050555438936, 
0.655173938308941, 0.641718275580493, 0.633828814820479, 0.651762738702994, 
0.651303661458139, 0.646874424650437, 0.647046138952652, 0.648950831662134, 
0.65631622590578, 0.643499316403147, 0.636461176467122, 0.634672625013422, 
0.650197313536295, 0.647682642571224, 0.641018966659016, 0.636013126880298, 
0.658200074492786, 0.639227498761312, 0.638669020139648, 0.623792921298341, 
0.642854595429098, 0.640270791434753, 0.649351978886788, 0.646315893579551, 
0.658596910847038, 0.624291842842288, 0.636510508699879, 0.65176588692907, 
0.657647137443609, 0.642969582207108, 0.637721659133933, 0.639152817898587, 
0.6543450901562, 0.650632890672326, 0.647617850954366, 0.631299544375111, 
0.631074249793772, 0.637658184890211, 0.655823522060768, 0.646445301538847, 
0.652712853380302, 0.636714637074389, 0.640042487122629, 0.632167202562073, 
0.63831427467643, 0.648884176343891, 0.646429341648221, 0.649854036859651, 
0.641110518029328, 0.627935469465113, 0.637462013481939, 0.635841956170735, 
0.63438930570163, 0.62835386039928, 0.641579616300494, 0.64464507077382, 
0.626181550266656, 0.639765489303782, 0.647991215460649, 0.634836545524392, 
0.649506749691605, 0.656333032794387, 0.653379497727715, 0.64885247982084, 
0.635796096357958, 0.62693598383155, 0.636703030570287, 0.630726784202551, 
0.647631880657219, 0.651970990911882, 0.637408139957469, 0.650828389727013, 
0.641046803811778, 0.626507015794711, 0.617019320972982, 0.654666738718752, 
0.637105275439787, 0.64057607221083, 0.634647123827532, 0.647400474485433, 
0.641699476947014, 0.639761210425985, 0.634261329428866, 0.648980542600668, 
0.64964927955051, 0.633128678553756, 0.638083683341585, 0.641486053641687, 
0.651392282539918, 0.649826866804387, 0.639618842931439, 0.656943256351486, 
0.653720503428081, 0.645005986424125, 0.627932606592516, 0.645410405692896, 
0.636569676614483, 0.634232804947163, 0.638978174235682, 0.640013768811814, 
0.628613578050895, 0.645271455511606, 0.622343400264092, 0.660799921260922, 
0.638666615726987, 0.652033797640346, 0.658555195936979, 0.633245290500535, 
0.652433433821712, 0.649465742352681, 0.665877430467134, 0.652620009785375, 
0.613154219315149, 0.632449057714012, 0.64013053656587, 0.639104166399371, 
0.624584270746128, 0.651466595528391, 0.638945582754251, 0.631755055226673, 
0.647686769777033, 0.654533638015382, 0.655623662773528, 0.643216461457615, 
0.653205717999329, 0.66212589504591, 0.632914940782212, 0.649466645481564, 
0.654947928276193, 0.631101579160495, 0.645784678925844, 0.6438777766036, 
0.645752245139982, 0.642152798523779, 0.621107418569786, 0.638770153406384, 
0.65787936306506, 0.642735847722039, 0.648708364183655, 0.626658554675184, 
0.657262753866213, 0.633158223249219, 0.646514519717455, 0.638523051716935, 
0.635505782230942, 0.632581404164188, 0.631371179882039, 0.623248012512191, 
0.647063028615194, 0.632902813536258, 0.656138846406638, 0.65369012215922, 
0.642028856386766, 0.646130792279056, 0.657670234519306, 0.646399747230822, 
0.635259058993849, 0.641754682178618, 0.635076839100114, 0.649290117080334, 
0.647418591627742, 0.64428226431718, 0.627356076093383, 0.660850122461596, 
0.618633962556616, 0.633880671730004, 0.64302224185294, 0.647841126118886, 
0.638001098874015, 0.629323828027545, 0.648188828402353, 0.636857782271433, 
0.649851534213595, 0.632836089309698, 0.631533578091652, 0.661481975352056, 
0.653669713586361, 0.645999445487597, 0.643237558431499, 0.633697847795666, 
0.640530400860093, 0.661715198837717, 0.653779548712482, 0.634753783520812, 
0.640929592627156, 0.63079123988631, 0.631752311655426, 0.647635919397877, 
0.640549902346009, 0.635357857348123, 0.638548017307474, 0.649360110288137, 
0.646719259505599, 0.64690765199395, 0.652908480432545, 0.635311570776649, 
0.650274073240063, 0.630674472984229, 0.649229190359114, 0.637312988832501, 
0.633952402405304, 0.63772477611051, 0.665156460184452, 0.629703464810972, 
0.635103020573108, 0.635891118413888, 0.628540925156275, 0.647506558279833, 
0.64349245636284, 0.652271606959282, 0.646171115429498, 0.632841610837947, 
0.637699396769723, 0.649810478800559, 0.629113788032157, 0.647316012790419, 
0.648995484047848, 0.660155814200611, 0.64672183560319, 0.64549922350217, 
0.633575538888598, 0.623124235863944, 0.649922367081647, 0.630187587080478, 
0.63140655765481, 0.632526010701993, 0.630554895337416, 0.613862125808147, 
0.640264290352824, 0.632148026986702, 0.636990648233865, 0.629626735530137, 
0.648344698638636, 0.643618623718118, 0.641857292970183, 0.630281081423926, 
0.637010040245078, 0.640981454186763, 0.633502181611238, 0.639289696755674, 
0.656138736128337, 0.645349666592277, 0.64689263645137, 0.651888557143667, 
0.657013408898371, 0.639080909113685, 0.626540796085621, 0.654349275705718, 
0.627413302495165, 0.659869934242932, 0.643736986560939, 0.652391021826678, 
0.64060370707207, 0.633136386192295, 0.640243719508777, 0.643948490303214, 
0.655852029684834, 0.643372037242495, 0.637447344405183, 0.627462145896623, 
0.640841408352805, 0.636655811228808, 0.61851587026842, 0.644873844965443, 
0.647728591697188, 0.646692339602476, 0.636492477037096, 0.642401391905744, 
0.636790136823061, 0.652193778726335, 0.646413483856811, 0.637329145763074, 
0.63008451848172, 0.650587289762864, 0.640419596262962, 0.620652276220955, 
0.643758058878878, 0.642320693820796, 0.639513594467557, 0.653165331584575, 
0.642503866188937, 0.631114351320387, 0.643066078455396, 0.636466718399784, 
0.632054117033918, 0.634386562463819, 0.627767260055709, 0.646699952044079, 
0.645477678492552, 0.639854944278006, 0.626140635845947, 0.644478925176133, 
0.644854168088572, 0.633782102544148, 0.642991815802478, 0.646492698481053, 
0.633575029393352, 0.650108805405464, 0.637970949999798, 0.628264452258949, 
0.645916120693751, 0.630835482908893, 0.627750072669377, 0.647335885013932, 
0.652361772646405, 0.609495166041779, 0.632566160190064, 0.647376461952203, 
0.633148462981798, 0.654783570102545, 0.65860119743571, 0.641994443339961, 
0.644321685331357, 0.63181206082862, 0.634352982837485, 0.648542795389404, 
0.64161074497703, 0.650221739575694, 0.633966516155783, 0.644686765018318, 
0.648424889698917, 0.632379437110963, 0.627306197171804, 0.660069004761486, 
0.640784682334968, 0.626321392363989, 0.644642693913301, 0.637371446288362, 
0.645552597176316, 0.63981798851491, 0.63812951667814, 0.646522096226446, 
0.648435274946215, 0.648268774967293, 0.633938457896682, 0.65202235754161, 
0.635410839508865, 0.651835330612924, 0.654125364875562, 0.633889660096623, 
0.636071240428344, 0.628010585325614, 0.638404713323039, 0.643543663473062, 
0.650972142888405, 0.632567879287228, 0.645035069466237, 0.627649983819061, 
0.63442749253721, 0.652324308360019, 0.638272893784984, 0.64393000769762, 
0.647726485315037, 0.63513557929815, 0.635450024020699, 0.644447847450706, 
0.649113278645386, 0.653583808811826, 0.642894063166776, 0.650760786711336, 
0.644453170715802, 0.647967136488219, 0.629939326774672, 0.630553917095972, 
0.639222147522419, 0.619786862645059, 0.63672827949201, 0.645333943948964, 
0.644738096691582, 0.629521953012155, 0.651207110310777, 0.652385199412917, 
0.627173397855095, 0.648861910171102, 0.640665197303083, 0.638226132048657, 
0.644508387776103, 0.627259438355234, 0.644414632973562, 0.649904291007047, 
0.650336212170984, 0.632876475619853, 0.649126056510686, 0.631496373245483, 
0.638962011590692, 0.658722144925972, 0.642636125875642, 0.647887585253229, 
0.653720517575528, 0.643100610128209, 0.628566912018481, 0.64266368672285, 
0.654314113794959, 0.644598093830002, 0.646475607868974, 0.632935093116085, 
0.627709586446321, 0.628378912340384, 0.630433547930601, 0.651252851433544, 
0.647804019540266, 0.647682912495027, 0.650677079476632, 0.642162716434077, 
0.659380564253386, 0.629250420603907, 0.654552792762776, 0.65284576959762, 
0.631774731210223, 0.630201089262755, 0.660409161098331, 0.650898349716214, 
0.65849854995442, 0.644109314400995, 0.651876786006127, 0.646894249445081, 
0.648717659879776, 0.62927537865261, 0.627122579829427, 0.654271135126238, 
0.649437934164358, 0.648770004887023, 0.633155668788357, 0.644353750290726, 
0.649543139085641, 0.634104032817686, 0.633510398480563, 0.643828894085262, 
0.637400810514108, 0.632553583864813, 0.634749526150262, 0.643806123653182, 
0.630938851316871, 0.63273738717826, 0.63818419512323, 0.643261716441, 
0.633194366540798, 0.662930260957722, 0.650518831073884, 0.644305022318965, 
0.641705683806116, 0.640382079915231, 0.645896343921115, 0.64996718539833, 
0.64402071340307, 0.662710805509634, 0.658701053449958, 0.650946593178984, 
0.660512626414295, 0.660091735395103, 0.660811917784169, 0.645955200266295, 
0.644991276399563, 0.63082428049134, 0.640220437692791, 0.634138059307192, 
0.64419882874807, 0.647013309093953, 0.648551621935389, 0.652711382399612, 
0.64344561421999, 0.637914709504894, 0.651892587022295, 0.6320372748757, 
0.637199257790268, 0.628641685276251, 0.656075843561739, 0.650683228093715, 
0.64309250919655, 0.635231867525718, 0.627217386038706, 0.65562929065226, 
0.644422733374236, 0.653164395026466, 0.641113811937079, 0.662502566596268, 
0.623031238348998, 0.633359478232176, 0.633187761397494, 0.655438579446074, 
0.641668796090846, 0.647239786005944, 0.646640486225446, 0.634197224988801, 
0.633258282407949, 0.645101188350765, 0.642342373257755, 0.636688571055253, 
0.64286409072374, 0.654783051203503, 0.630338994240298, 0.641533895318426, 
0.635740179415052, 0.634653616264982, 0.654579665718263, 0.655009126332454, 
0.644250775007832, 0.630820087296025, 0.649633897447881, 0.648336565029567, 
0.643006416602563, 0.633641672739644, 0.650291282904517, 0.62417909252925, 
0.650623979363251, 0.653039826237988, 0.629802161738085, 0.647693041632874, 
0.637218435175473, 0.639187863278282, 0.649385446834157, 0.650880505613503, 
0.633739432658945, 0.657401188065191, 0.62533590508508, 0.637295618203073, 
0.632396665384174, 0.64465265250236, 0.639440188829223, 0.64264678327926, 
0.645171665208029, 0.636192499704555, 0.637919416852248, 0.635564207673415, 
0.650297145119386, 0.62908283240399, 0.645423323085979, 0.638350097442368, 
0.656307517598674, 0.64954221892992, 0.636689856293579, 0.652400965834039, 
0.638713304121248, 0.647932507525818, 0.650227789254327, 0.637448366198907, 
0.636900184248679, 0.652197813977805, 0.620596026829792, 0.65750267111164, 
0.636407515322806, 0.650251687341404, 0.656323990863102, 0.643652897297704, 
0.637500025586663, 0.640352232612092, 0.64804560570605, 0.652302589226134, 
0.648843749378611, 0.640187624248569, 0.637989142586563, 0.650907806957233, 
0.62432362051437, 0.643741197954926, 0.652012370509216, 0.654798428574525, 
0.66279009650799, 0.647500611340576, 0.637534294867941, 0.648225766555153, 
0.649191121533405, 0.640826299094558, 0.633598995069972, 0.646448929898399, 
0.650227107364471, 0.637778310473026, 0.631329319028696, 0.628168545952389, 
0.628416513416634, 0.62495587363768, 0.626603541740288, 0.649752467039561, 
0.645454845070856, 0.639680239695827, 0.651790954547418, 0.601188857769297, 
0.643279830771348, 0.648965174893491, 0.638224423672448, 0.647460724334072, 
0.644585780072321, 0.631077798283279, 0.641771719996016, 0.645175526978626, 
0.630483144185556, 0.646576124740135, 0.633883397429651, 0.638101995544996, 
0.632124765442105, 0.648034910474698, 0.652805561550345, 0.637393811118061, 
0.630915897930512, 0.62527930373089, 0.621499480807897, 0.652576286823654, 
0.632813126591205, 0.634680110998908, 0.628661456334075, 0.637979734616606, 
0.644191506446949, 0.647638005145981, 0.650948953333943, 0.647689042193946, 
0.642646769542916, 0.644513876779772, 0.626768631687764, 0.633673086347179, 
0.6516175089901, 0.649995661276363, 0.632111722500381, 0.628589694746484, 
0.641430497364335, 0.627173726791144, 0.635806031561272, 0.628406542075685, 
0.643038436183743, 0.639602534656081, 0.64945965807565, 0.65051488605739, 
0.647164576346177, 0.63092065659698, 0.623521454414016, 0.636936171410178, 
0.645571345879922, 0.630164441687059, 0.638310022751231, 0.64552260868994, 
0.63937422548305, 0.610337463029893, 0.642097369765024, 0.648590773033953, 
0.639620036763915, 0.656020432353259, 0.651977870622888, 0.639057034067956, 
0.635808888879225, 0.642851022144507, 0.653784116350183, 0.649203800392885, 
0.639856310309992, 0.642749333869662, 0.642788427401932, 0.632571963254323, 
0.63971135243716, 0.633755474119328, 0.638560391239268, 0.629618837640093, 
0.644745443183427, 0.65238894010979, 0.626722443689143, 0.633657600862136, 
0.640066255399627, 0.661516353604648, 0.661504578493556, 0.633459109874508, 
0.63397110100056, 0.635436015993639, 0.648028562073884, 0.636746124854166, 
0.645156725310384, 0.656566584085734, 0.651126980027437, 0.640933091885634, 
0.652190283284051, 0.652317822465381, 0.648216438487881, 0.642520917223165, 
0.627479257841192, 0.637320469513444, 0.657037406199318, 0.645511235677976, 
0.651112410574753, 0.621946997180405, 0.624287521060631, 0.625164266914672, 
0.623066197949453, 0.647850568375421, 0.638269899030607, 0.651378513317367, 
0.639517909532388, 0.630467464282197, 0.639739698974463, 0.643674363495077, 
0.650695034332476, 0.626595540269647, 0.645500857664018, 0.633513381491768, 
0.626344834527645, 0.645572611376225, 0.648515403531193, 0.655268089756531, 
0.652809385931782, 0.635198567349086, 0.634724148986812, 0.622732557478573, 
0.635195130422492, 0.657724176476211, 0.624085715796297, 0.6485697639727, 
0.643089344702076, 0.639756266214484, 0.641827811337344, 0.631516488233336, 
0.638426299139017, 0.644249269430698, 0.641763201334931, 0.633897694259767, 
0.627383589006826, 0.634607080999839, 0.635889640414124, 0.641333204343333, 
0.653021465080859, 0.649490442765472, 0.651259343593658, 0.627988350469533, 
0.64771377165747, 0.64983927993266, 0.652480049899355, 0.642690142643564, 
0.621751733741681, 0.643986621061526, 0.642725315619494, 0.627849817807572, 
0.644115137163407, 0.632703027780696, 0.645612005635908, 0.657900485931814, 
0.640263579905277, 0.627529468574058, 0.647970981335162, 0.636151467494033, 
0.630406753461034, 0.638937267208108, 0.643613970491112, 0.628472334163693, 
0.656456752114989, 0.641584354683846, 0.642303264023079, 0.640525741295002, 
0.631893948490095, 0.645489979355956, 0.63167655213344, 0.642204586176223, 
0.64569203265684, 0.656975592445047, 0.631660471983711, 0.660901139650676, 
0.641366802936223, 0.636770900361153, 0.655816770081738, 0.645182050220889, 
0.643322524165539, 0.62338116289171, 0.652253622625399, 0.640772267148916, 
0.635586698331932, 0.646900464015227, 0.645685230951263, 0.63306230131278, 
0.649487309293374, 0.633065546950154, 0.640303631124371, 0.637977842368162, 
0.640811408269735, 0.653785653358043, 0.639876740329182, 0.647865738116941, 
0.626595555665682, 0.627330741748481, 0.642942836784715, 0.64122420168018, 
0.645530249500518, 0.644332521605313, 0.64381835324183, 0.643799873673717, 
0.655532623360118, 0.653991449779207, 0.639890981615218, 0.6464070930372, 
0.645287776283524, 0.640541013633281, 0.641430717055784, 0.644832219352978, 
0.642913637521709, 0.647163997655017, 0.647157526080483, 0.661698799052377, 
0.656340311787526, 0.617246704855803, 0.644622388074949, 0.65414440198717, 
0.636910298214772, 0.642401697287842, 0.635278235235884, 0.65557362394659, 
0.644904980378125, 0.62895048685065, 0.654107287304349, 0.653512532206178, 
0.642686411343128, 0.625513355109007, 0.635179875553921, 0.651634657754539, 
0.63413838446619, 0.637307210238625, 0.63818874881358, 0.645672853464567, 
0.641339809397622, 0.645234652006162, 0.64470777644933, 0.624175471891071, 
0.646005296787267, 0.646380867331986, 0.632046006685077, 0.634902476049266, 
0.631313853488281, 0.641843104605022, 0.64275386733883, 0.647890142713508, 
0.642532040397531, 0.647988991974937, 0.644972889194289, 0.613970992772197, 
0.624539323688037, 0.64873008667506, 0.643183434870227, 0.629680856248265, 
0.642373296671709, 0.62984617474863, 0.648340317912422, 0.650382416963161, 
0.632950461490656, 0.647907663191281, 0.63824073149446, 0.652144622615764, 
0.658718155315, 0.63400716353146, 0.647456142214192, 0.643705262129839, 
0.644172055290918, 0.643957992953372, 0.648591935999593, 0.636957861888696, 
0.639404381763865, 0.631161623298042, 0.649537610125297, 0.646285885918038, 
0.640840715067613, 0.656566791941774, 0.65819829680017, 0.632153105615641, 
0.638076306665964, 0.648227412820208, 0.642425296597682, 0.651226262294736, 
0.626372336315771, 0.64891415560232, 0.638886962556074, 0.644165434298797, 
0.630404611618229, 0.629149906030116, 0.653538089586767, 0.639325654415376, 
0.650668392607889, 0.645996565955412, 0.656717772236322, 0.638527357396034, 
0.644182067710377, 0.644994565344319, 0.623072197526745, 0.658892827685335, 
0.640570782517891, 0.652479761004028, 0.659912981466357, 0.657939230468435, 
0.659153771989075, 0.634236967170847, 0.622771715428282, 0.655622581606219, 
0.634332990827965, 0.649300952184185, 0.65623981349291, 0.63357500024198, 
0.62969221332138, 0.639673193039345, 0.648034555628145, 0.632634266688951, 
0.63567127652968, 0.645334170716996, 0.625241879055093, 0.642846570579162, 
0.632721413334514, 0.649088091256384, 0.64836427349869, 0.654077733051668, 
0.635267199523214, 0.651861726598377, 0.653094992227839, 0.647932324378509, 
0.647302981624508, 0.647346693004395, 0.648716609053459, 0.658142327756987, 
0.643460332178571, 0.651414067035881, 0.637770288320793, 0.656281034334765, 
0.649287897942851, 0.633624870706157, 0.636627636101789, 0.638825529879838, 
0.634001518366729, 0.637375722934164, 0.643515728869166, 0.616705462240601, 
0.635282334811194, 0.632717117290316, 0.639576949369853, 0.61870116738897, 
0.629274618343848, 0.617023284834356, 0.624425297494803, 0.65815017893994, 
0.63496762465411, 0.649706710283461, 0.639215319108911, 0.639327054663322, 
0.651730046167838, 0.626811538121212, 0.654129335765247, 0.637224017431859, 
0.643068629194952, 0.628765836283276, 0.646353478681169, 0.644347492947641, 
0.64247247137627, 0.661389403086335, 0.646558595315306, 0.647132796608357, 
0.637436755056676, 0.646475604246351, 0.641940873075725, 0.621940020491467, 
0.631454949154733, 0.6370073638704, 0.655018120885155, 0.653399016616251, 
0.631680324350793, 0.641837789485527, 0.649451110674103, 0.639240302835444, 
0.637380751130145, 0.625245203929873, 0.640713121677961, 0.644000878141046, 
0.643892224457763, 0.649139104415814, 0.643374509040152, 0.640657619527281, 
0.623889094643781, 0.663458958950582, 0.628573720738326, 0.651526984377525, 
0.63787481297485, 0.653761313342988, 0.655363052824924, 0.6402342491506, 
0.625361097444735, 0.631566479792358, 0.638693881360794, 0.636813794508302, 
0.632926900289131, 0.644972541846072, 0.656490643723361, 0.629500588103923, 
0.626152112152024, 0.649582950984183, 0.652101582162593, 0.635693291298657, 
0.648431545192158, 0.655712852183328, 0.635635825714796, 0.646582535505562, 
0.646211555979907, 0.638189081787211, 0.644739019103907, 0.652097035462302, 
0.647771681644378, 0.639676688584138, 0.634301230851737, 0.63835521027166, 
0.646542878695863, 0.635305246895956, 0.630662037680782, 0.634804452542496, 
0.63244060503053, 0.640398161895278, 0.63739168254453, 0.646231625343389, 
0.629951390974064, 0.642146842617277, 0.649516740097465, 0.648543572125424, 
0.644583513291464, 0.648897980500711, 0.65229512497528, 0.646171709053058, 
0.639607687522325, 0.650630151882416, 0.634804188376639, 0.634586027228283, 
0.634643311614354, 0.644256420181009, 0.650119412892839, 0.641864946040994, 
0.622456074980645, 0.651473132981058, 0.648654095345338, 0.641103167633744, 
0.645192184620635, 0.656483207171687, 0.636873658258406, 0.644818735247791, 
0.651547968089475, 0.649376578746878, 0.638894777407367, 0.651843221129385, 
0.641713248933529, 0.63728378594806, 0.633058220772329, 0.640262425044056, 
0.629450691039267, 0.639340825086765, 0.646369290226777, 0.617116831804742, 
0.665911673235379, 0.634182756928737, 0.650983495586488, 0.64810658665682, 
0.652274214526312, 0.640378888461478, 0.627021412014009, 0.649119098015895, 
0.643287299227055, 0.643802712215457, 0.625312099154289, 0.635911237294685, 
0.659372706936045, 0.660030242254914, 0.647233286700134, 0.634500047792285, 
0.627220756160113, 0.638046253738375, 0.645961863544554, 0.646089976299174, 
0.640852951687891, 0.640539265343502, 0.65353996075178, 0.646778904021843, 
0.63520703148443, 0.648510737424718, 0.654182737680454, 0.65376807448596, 
0.637656875318939, 0.629837307807735, 0.62980114918417, 0.653921491806189, 
0.644797232135825, 0.650689439965673, 0.636179230171761, 0.620795856352521, 
0.636340877476015, 0.637756320371168, 0.648716799394876, 0.632342439559334, 
0.634675093474248, 0.639803421760908, 0.646843167209928, 0.637994784360139, 
0.643061771996528, 0.629988702489476, 0.649805001790888, 0.6428898840328, 
0.642131756978154, 0.636564211315114, 0.625478012804529, 0.638211065432699, 
0.648157594305926, 0.634231825285786, 0.613424171261216, 0.619718972899073, 
0.63873721395071, 0.636632390197385, 0.642984766177718, 0.657400786109848, 
0.627977902339497, 0.635723331672005, 0.634817507725617, 0.618088501061254, 
0.640670576963342, 0.654437652194565, 0.647352445417567, 0.64317632588646, 
0.629121397312421, 0.646593299820617, 0.636747103941414, 0.642750100437549, 
0.641486982324196, 0.635401925484851, 0.611976126489672, 0.650409176679856, 
0.633554740514756, 0.619483613066682, 0.652595031537307, 0.647044181333603, 
0.653577415990172, 0.639062244878898, 0.640977329289899, 0.637341543595281, 
0.642689056533216, 0.643949981649836, 0.631669405298173, 0.647396892567108, 
0.640844696854709, 0.642781998223955, 0.65488473150117, 0.638072895101852, 
0.65514401931386, 0.649116107042847, 0.64246097254713, 0.620368292176213, 
0.637698439194328, 0.640892817008585, 0.648591534362827, 0.646702414858178, 
0.65185553622882, 0.64014789765419, 0.653068520220906, 0.647060300234467, 
0.626687521670427, 0.639740755558025, 0.634924370409957, 0.634069009139409, 
0.655871564460728, 0.649734122024254, 0.640209431631224, 0.635244911188861, 
0.647786369160699, 0.651359248122832, 0.648752668482876, 0.649198336501898, 
0.628891043612183, 0.645186349775713, 0.62154018775946, 0.634976364670945, 
0.625969594124857, 0.648172128675748, 0.645567200360936, 0.628751437555466, 
0.637689765677291, 0.644883772233521, 0.650930257290503, 0.654052282989481, 
0.652793129015402, 0.650223268760626, 0.636280735914449, 0.651568555027427, 
0.640282880976689, 0.650554413028097, 0.638304759783112, 0.640796863464131, 
0.648665249251055, 0.62309721565998, 0.637004811835905, 0.642298974082433, 
0.639550400443521, 0.639384652411822, 0.641009975362737, 0.651980002069406, 
0.645464767038753, 0.651962628071921, 0.626624262646279, 0.645754852889438, 
0.634742343215229, 0.638156817693767, 0.647388540151918, 0.647050458359369, 
0.650010205351653, 0.637968636199435, 0.629919801451986, 0.662582306169414, 
0.651312956852689, 0.638578151427939, 0.628551188505302, 0.650813199646993, 
0.652441152028841, 0.651256159661891, 0.633905247291899, 0.657915226453366, 
0.623169205784566, 0.638596870190644, 0.636752184812105, 0.658812103167725, 
0.649115939479121, 0.622960099322849, 0.636072880291436, 0.642406905472004, 
0.644085157386425, 0.638332389741962, 0.642897177174817, 0.636375950661586, 
0.635210700124097, 0.657991210545675, 0.647808953369047, 0.63434155129567, 
0.617472481367373, 0.661633306132954, 0.636104112844719, 0.637242901854707, 
0.62882018552429, 0.649891807573346, 0.648105810468648, 0.620369936160035, 
0.638244946176745, 0.63792724990607, 0.64082954772052, 0.650812046454659, 
0.644124786536301, 0.638749503095853, 0.628539627843119, 0.657451205113402, 
0.634502031395309, 0.650088692315671, 0.650102316082865, 0.652688639196176, 
0.639326779909062, 0.647465263340884, 0.649203754937931, 0.638086121592298, 
0.655700337920696, 0.635317995379983, 0.641053007592196, 0.630431368505425, 
0.647560589464836, 0.634413065787997, 0.642148831202709, 0.628210179774153, 
0.665014287552926, 0.632942807546729, 0.638237770004929, 0.62928578165514, 
0.646513167583251, 0.642648566347136, 0.633869951045734, 0.639881685552446, 
0.635987095434924, 0.646978210464147, 0.639283906110788, 0.640458162184302, 
0.632882361339406, 0.643706969365843, 0.637358456675048, 0.657845680594814, 
0.637218111678232, 0.624301274569081, 0.657913765500926, 0.639076624435981, 
0.644187496976111, 0.654388322498534, 0.65552102045371, 0.657553415111311, 
0.647448101367497, 0.645193098491539, 0.646790586997087, 0.640372351082412, 
0.63384059491405, 0.614680571975796, 0.63491988311972, 0.638518648167817, 
0.633058574961768, 0.641137080054234, 0.647367110249391, 0.645021827133063, 
0.658204775751492, 0.644240424334443, 0.645535813899307, 0.645588759660083, 
0.6527185546018, 0.639883755011302, 0.648360272939195, 0.63359108015015, 
0.643615202002018, 0.650053618391476, 0.646257741115324, 0.637687507567304, 
0.62623859940081, 0.635112482891606, 0.655723384852606, 0.648704715957581, 
0.641018196037358, 0.641083724779709, 0.664449348159355, 0.636204155900348, 
0.632819170759716, 0.638178709726656, 0.639708352199024, 0.663157257862873, 
0.640756491744066, 0.652239954192147, 0.626368141662461, 0.647737427265452, 
0.632218528087409, 0.647562004662371, 0.629199268168705, 0.643631589042973, 
0.640213473731102, 0.63209010122211, 0.655043019681916, 0.648870449916765, 
0.654338989792512, 0.650463377206771, 0.6431354431914, 0.632934888514881, 
0.643988646236204, 0.626899104703875, 0.650750651882034, 0.633402286435641, 
0.624888583333828, 0.657098951253787, 0.640994084682009, 0.642180057499174, 
0.620433109500244, 0.642768392202632, 0.630413608215422, 0.633611654332966, 
0.640200735079985, 0.627929308543615, 0.635235143771952, 0.642816119538265, 
0.63746504451634, 0.661048749019793, 0.642960673659943, 0.645934506351043, 
0.643803999714616, 0.639336592463125, 0.64320938987499, 0.644880503433545, 
0.651426748368273, 0.627407915494008, 0.651753331331717, 0.638225737388577, 
0.636134033805475, 0.622930380207242, 0.650958237706474, 0.643862991324635, 
0.639165176323398, 0.638003416461123, 0.646564175531932, 0.648010581746375, 
0.642725760324794, 0.622292532475663, 0.627814861588912, 0.627177651012582, 
0.624690776289264, 0.642666253088581, 0.629698450696843, 0.6522761491723, 
0.643165524174578, 0.636403900840989, 0.63346094317341, 0.63594871819975, 
0.651394299200893, 0.663666592782085, 0.651309498282918, 0.644667916819787, 
0.635429939676722, 0.63786578466989, 0.637173683502738, 0.636882523435765, 
0.648689801508029, 0.647832856000705, 0.637712738019436, 0.652795712855653, 
0.637347883118804, 0.639377497156021, 0.642943553028519, 0.648968802223823, 
0.635370816641911, 0.644954451124587, 0.636707530858728, 0.624969007060016, 
0.641505546272849, 0.654749485820136, 0.649245166890561, 0.65214923743695, 
0.628439546623652, 0.619370205276458, 0.631255668882504, 0.627859123713435, 
0.635871968283699, 0.647560052946858, 0.643850106065118, 0.65018911142423, 
0.629649798452004, 0.645695415279298, 0.629708126716746, 0.644498860933853, 
0.648902849325236, 0.650990922402003, 0.638565032033418, 0.64339143172126, 
0.633796790118, 0.639334439624242, 0.622175038588951, 0.656498516823547, 
0.659062571118059, 0.621828747904046, 0.657000779846605, 0.646156938150442, 
0.647937261328954, 0.646465531995726, 0.636313010525142, 0.652900738091399, 
0.632807044961876, 0.653708593113515, 0.64886493341536, 0.636947105300444, 
0.650208449594723, 0.652320057067109, 0.651043684636101, 0.649479207799523, 
0.638192759904129, 0.642781074024964, 0.629794667559586, 0.6468580808493, 
0.627794494932406, 0.644716558248963, 0.63987201386435, 0.643978606707653, 
0.635498629537923, 0.634213749871458, 0.64040280913744, 0.632204482544668, 
0.632318027549414, 0.638891957062629, 0.646006256694778, 0.646370975480243, 
0.610449972812258, 0.638339728610409, 0.648197800882531, 0.645665429784154, 
0.656656362151152, 0.643924150715594, 0.612424849086574, 0.653659178247294, 
0.64568515401272, 0.630074382848606, 0.62884127134411, 0.644634274408265, 
0.645617150808723, 0.637165690542698, 0.628853726747371, 0.654323959255215, 
0.636437117542138, 0.641586523507967, 0.656183820418369, 0.656883291502145, 
0.649325239168204, 0.653256965630948, 0.627701544098391, 0.649574751236813, 
0.648789801630036, 0.626989556902218, 0.641130007489022, 0.641111037253735, 
0.622865203565253, 0.647496369194362, 0.641851572797834, 0.628575360481211, 
0.644764974504834, 0.630048586880318, 0.651505071653312, 0.636115576882071, 
0.635579100408013, 0.644891346853947, 0.644503420849995, 0.613035286701814, 
0.629135891057054, 0.659500230609032, 0.640772021690813, 0.645266190303106, 
0.630254508094698, 0.666864341463847, 0.630586213415537, 0.634217037685011, 
0.642736602328119, 0.637567301900807, 0.636532422029653, 0.62042515020163, 
0.643125752769275, 0.628023297525727, 0.64821029762602, 0.632131312312262, 
0.628184659402985, 0.628785658812046, 0.639099613222457, 0.644693637853352, 
0.643298126483162, 0.627965384628475, 0.637126944738783, 0.656086393787302, 
0.637187993382667, 0.645839227860972, 0.638938333037662, 0.634332742881926, 
0.638762641470636, 0.641435589589064, 0.661851525977316, 0.644244787477698, 
0.634323142154331, 0.635817286783761, 0.643179781871791, 0.656547674460727, 
0.648361450433366, 0.637288418679688, 0.636849008906126, 0.649243622712551, 
0.643086317032646, 0.638462036751408, 0.639072785100045, 0.652445440190314, 
0.650470173366539, 0.648767645340843, 0.634318363674796, 0.641442131823547, 
0.638770479228944, 0.643910439221976, 0.644250342259721, 0.64410153289241, 
0.644837683827399, 0.645915339596947, 0.649525969747472, 0.629106616030374, 
0.636912619306172, 0.647904426529554, 0.62526624107601, 0.622588955429149, 
0.628776657648935, 0.638081290631887, 0.62380607687428, 0.645984732666797, 
0.639543378570035, 0.648929151850594, 0.645939371457639, 0.659311444064633, 
0.633004784981166, 0.641424889139782, 0.644241808226741, 0.615165931697709, 
0.650599560706345, 0.643530981073874, 0.647059921540568, 0.634213209312385, 
0.644330103920797, 0.659774327604215, 0.640676468488885, 0.637652146110041, 
0.654619561896481, 0.631125385039809, 0.650571750979983, 0.645087608805813, 
0.649523847254621, 0.646681914104025, 0.64270002027137, 0.655938138732668, 
0.638019547183673, 0.64911331193745, 0.64338279480244, 0.649837082256316, 
0.640968125513291, 0.624650994779568, 0.636475929691585, 0.652273368407342, 
0.652738642753803, 0.624998812042904, 0.626386294557251, 0.654937460158848, 
0.631002376420375, 0.633273371227632, 0.640912950383079, 0.645067019690571, 
0.635472385588538, 0.640826399706303, 0.630027672837105, 0.626973410042918, 
0.635256467234046, 0.656594726720933, 0.63869291532537, 0.622996496163623, 
0.62670903089998, 0.654779691571599, 0.645017205692234, 0.642129762430625, 
0.648935927907139, 0.64953558550535, 0.638451645675169, 0.649694451129293, 
0.631077777046564, 0.639869296515671, 0.621317498759917, 0.641098826249591, 
0.638813892350924, 0.637869826307255, 0.623829114345837, 0.645860434227894, 
0.641807072640114, 0.632922685087442, 0.621830719704313, 0.626629431162059, 
0.642608083698805, 0.637865841129682, 0.644507384091314, 0.651105704298705, 
0.637995743411457, 0.6582625275907, 0.646143617758249, 0.623721167140679, 
0.641013032252066, 0.63082663982862, 0.641985954292064, 0.630977165521136, 
0.642954748154455, 0.628721184600318, 0.630084982920264, 0.63173659269245, 
0.654916053798044, 0.648927495852162, 0.653722346874294, 0.647734198204795, 
0.642464007600915, 0.637899390476598, 0.642835847858827, 0.620824808842051, 
0.652539789954407, 0.628993666933895, 0.63852811428835, 0.634891801576838, 
0.641713769621568, 0.649065966945585, 0.646692987657511, 0.656779473231864, 
0.644376368941093, 0.644446550990263, 0.64812560231391, 0.643245206836034, 
0.650490227343182, 0.657145738146388, 0.646067062207458, 0.628646481966736, 
0.650141043817419, 0.641047713793875, 0.649953767232754, 0.647995154963741, 
0.644351505705187, 0.614323632590353, 0.639431514206047, 0.652755762944602, 
0.640419251454075, 0.615594118865315, 0.624609146719698, 0.638113153787864, 
0.639789565272896, 0.644139911228333, 0.646573471458711, 0.652661861454341, 
0.646719232194041, 0.637614775936309, 0.641786445461021, 0.638259154781966, 
0.642813934362038, 0.642330707725125, 0.648441511372431, 0.636667392135693, 
0.621177799785434, 0.64247918105269, 0.646895209222363, 0.631754817959612, 
0.643461487938, 0.629504990666146, 0.635518681623723, 0.639730486691167, 
0.642596854760717, 0.644444100055398, 0.640768349496122, 0.630043357004326, 
0.625198094247866, 0.655909165200856, 0.654168495485426, 0.65035979358043, 
0.631563606058203, 0.652845177702115, 0.62869829106662, 0.633417178273124, 
0.650888428835359, 0.641551883990269, 0.642230562953225, 0.627547142199216, 
0.634843853009846, 0.638253983107552, 0.627639362868898, 0.650677741139793, 
0.602301698237608, 0.641137989524055, 0.624952416122087, 0.635951901657975, 
0.660306306017805, 0.64934155383835, 0.645420324070581, 0.640667085836103, 
0.640790156161534, 0.655874269511621, 0.646805801652901, 0.644690933991702, 
0.636804162504911, 0.625644287996659, 0.633462244256908, 0.639686334740379, 
0.635216862152976, 0.617658167630208, 0.6624341319542, 0.631312958093711, 
0.633626504337911, 0.642829267594547, 0.633969003289195, 0.647215378173083, 
0.648609826324171, 0.646354003378464, 0.643443257755401, 0.655800878308959, 
0.649318101385106, 0.65389532728351, 0.65809004550284, 0.645957151469345, 
0.652230991056801, 0.62849127096878, 0.631382974733206, 0.638073632295798, 
0.620050529452653, 0.644687648260899, 0.61052665109928, 0.634598724667618, 
0.642252248545779, 0.643371609831835, 0.645724418898035, 0.654616435250358, 
0.640187325510073, 0.653860573678853, 0.617277219320347, 0.639279791353382, 
0.649113000226286, 0.640151678013564, 0.646251736410562, 0.641588838339538, 
0.636857640357132, 0.626783919723071, 0.645811852830177, 0.63068191634189, 
0.633300422106023, 0.653451658703493, 0.650242359098416, 0.644791684970152, 
0.638469282874293, 0.621306415990012, 0.643435264233813, 0.649058952406897, 
0.630953486775439, 0.647145835909472, 0.633440415875747, 0.650868995069264, 
0.631673816763994, 0.65054644687653, 0.631258852729438, 0.648001856640949, 
0.634353033238405, 0.622008317156774, 0.644475036127884, 0.637964722706481, 
0.641029470962059, 0.623894407274659, 0.626000534989637, 0.628179419133721, 
0.617448221083905, 0.642899130251422, 0.658750897838427, 0.654933079231566, 
0.647451701232086, 0.649080819114803, 0.641241458626063, 0.632908581888159, 
0.649607994683248, 0.650604186301907, 0.647204881879594, 0.639833151833269, 
0.639364233337803, 0.642076913783556, 0.658226407091309, 0.640736038039899, 
0.642705571407192, 0.636010695873555, 0.641809997372335, 0.63881176381919, 
0.647578545442203, 0.635738480259695, 0.649848277334852, 0.624809336965414, 
0.633287076176403, 0.632121854302432, 0.657195513146222, 0.640996633409167, 
0.654387709371182, 0.61708474239459, 0.643191009964256, 0.649047812033707, 
0.631303224907999, 0.643729566940247, 0.642738210537367, 0.647727877608199, 
0.636731634013257, 0.640013982653633, 0.629030663872913, 0.624704357483534, 
0.642651501117537, 0.643807827911076, 0.642035037799267, 0.635277074047955, 
0.658789833691557, 0.633136360401655, 0.646250026200926, 0.641349363557102, 
0.644834346154716, 0.630657985051566, 0.636568412036299, 0.635552652163548, 
0.623888957922563, 0.634758656287231, 0.643724463520761, 0.628780586494181, 
0.634724773904022, 0.65110178321838, 0.633999293615752, 0.63321168395443, 
0.650294152680134, 0.642610148370338, 0.659898954712142, 0.639051196449397, 
0.642067936400313, 0.650457910997566, 0.630856983760609, 0.650278843367132, 
0.654128893152742, 0.647533224116188, 0.655488293638685, 0.650744487359235, 
0.641335970815116, 0.635828555836276, 0.649812555189884, 0.637479848857363, 
0.637322483175671, 0.650205681052556, 0.634746482884596, 0.647502327859602, 
0.657526595125938, 0.643170981330298, 0.634104831126572, 0.633016074997137, 
0.6388993113497, 0.642520735711082, 0.616710043880224, 0.638595645536557, 
0.641397705097384, 0.647604901963563, 0.648993513076702, 0.629444385667845, 
0.631901065368904, 0.622395970741378, 0.625419599832148, 0.64830353065997, 
0.641095477618797, 0.650948453281767, 0.634769569258492, 0.64012114246195, 
0.635628707743559, 0.641888559383694, 0.624936779737299, 0.661609344380346, 
0.649000614423527, 0.642706675157843, 0.650056991642526, 0.634268821869453, 
0.642475358727653, 0.648877030607947, 0.626066353104052, 0.643113275678188, 
0.640299786235072, 0.637910899801876, 0.638562819224832, 0.645927499041622, 
0.637903514001574, 0.638897501580862, 0.659465530709654, 0.637254901084802, 
0.631781378130894, 0.646347413231355, 0.640862555893325, 0.651116116240024, 
0.646991717193227, 0.629252066773216, 0.635023557377439, 0.631344201661359, 
0.662093163797168, 0.652189463391227, 0.633783846797933, 0.638820240562302, 
0.645215409738164, 0.66071662370813, 0.640912464233194, 0.648743161486353, 
0.634208933196415, 0.641125464086925, 0.628473713178543, 0.633304132307458, 
0.639977757620749, 0.646049674690429, 0.635525925505291, 0.627161092849988, 
0.65688058616795, 0.653425355052918, 0.644010091015665, 0.63681267598195, 
0.648978483842059, 0.627983887031119, 0.639368536562281, 0.62472803499101, 
0.633740911780281, 0.641422517987635, 0.61919601972238, 0.659751680867672, 
0.644414201020371, 0.637498367182929, 0.637692534630834, 0.633577758877302, 
0.631638820375336, 0.65458936512219, 0.633360628770251, 0.638437468344453, 
0.647696473990905, 0.649523762478368, 0.633250832861222, 0.637636817904654, 
0.641556947379693, 0.621677600322015, 0.641286820075878, 0.649408880042823, 
0.623315629898151, 0.63409729786781, 0.645591120967929, 0.633869659666675, 
0.646982815479537, 0.640157616240253, 0.645402089667768, 0.662321526204138, 
0.638147586894835, 0.620807032546972, 0.655903871151938, 0.64745038743635, 
0.654435389286745, 0.636319104131118, 0.638152189274503, 0.651233971009978, 
0.626449680868818, 0.656644353067259, 0.63895441601273, 0.643486100611963, 
0.659117259047577, 0.646842877127338, 0.647620418359241, 0.63797694538055, 
0.645478753278874, 0.650856428076892, 0.62674457856779, 0.629714381578246, 
0.625148600030615, 0.666607073546965, 0.645549338862891, 0.634752974664607, 
0.636835696012918, 0.647147296233514, 0.653067166406271, 0.63466008983275, 
0.648203761662047, 0.652882416157197, 0.631675574312007, 0.650157795480787, 
0.633719143920138, 0.63798782441476, 0.645010017970141, 0.639916105077572, 
0.643113247148708, 0.655839004795938, 0.654026860003527, 0.635707859782644, 
0.626452828653063, 0.635022183033589, 0.622472525328935, 0.635454590943591, 
0.648910128506405, 0.643567234050588, 0.635961941000259, 0.638589346323212, 
0.633478735530394, 0.636048069213823, 0.62838816905306, 0.628305648680547, 
0.62608950791741, 0.648998291727176, 0.64434510005473, 0.645568781433437, 
0.637556630802347, 0.637274737468713, 0.631463802395719, 0.65189726893266, 
0.628325137600414, 0.644140597179277, 0.632687583417879, 0.63360254646312, 
0.628844664137036, 0.646217892555664, 0.634749642107754, 0.633847922090197, 
0.652949323926223, 0.6337321042455, 0.643973590861528, 0.629558842909648, 
0.633066695379245, 0.641368263021086, 0.644721906484486, 0.648448252579779, 
0.635468769595824, 0.629937074682677, 0.650773373465885, 0.635357943225393, 
0.658283966187932, 0.64034124330408, 0.652589144305433, 0.647253723778441, 
0.646248031150901, 0.646197562944031, 0.625396171218482, 0.645828590597761, 
0.617176863193656, 0.639948098098256, 0.62394962875065, 0.657794979087884, 
0.641299139262972, 0.649469518970129, 0.645901159935726, 0.645291915851371, 
0.621138539469104, 0.628611664202257, 0.628914975208908, 0.640471683276314, 
0.647364033926502, 0.661276148998839, 0.637921114601714, 0.64566994402116, 
0.661515627573614, 0.636079924490217, 0.629189812698355, 0.626725972282193, 
0.661882537726607, 0.644953817557265, 0.635888540900544, 0.632623511065483, 
0.643618093363928, 0.642276201289825, 0.636144881711917, 0.637955386022647, 
0.654232754312915, 0.636825982942125, 0.658310925660995, 0.633569544424146, 
0.623118410963331, 0.655463505613909, 0.638874325340214, 0.636635197774057, 
0.644719346406311, 0.630940662848328, 0.639439280735712, 0.641221846864013, 
0.628377324731035, 0.648400411474254, 0.663376227287924, 0.637265875973304, 
0.637254667343949, 0.61741045360838, 0.648351876387595, 0.639232848380906, 
0.63872191892009, 0.639112877061286, 0.642472493471009, 0.639089409891657, 
0.642200936294192, 0.626298598647423, 0.636142800466848, 0.643755293642694, 
0.641472009712702, 0.654910068819551, 0.651942077166648, 0.661288462125233, 
0.639061031302816, 0.637201623322981, 0.630111442266609, 0.641123420204263, 
0.656265925512024, 0.648365507058339, 0.64881887352928, 0.647392671750348, 
0.648745023040924, 0.637840726014346, 0.630041238518518, 0.63980207153317, 
0.637121394278443, 0.640786665808909, 0.609719414903566, 0.656415376836093, 
0.625167890313793, 0.637067491557517, 0.651826773600024, 0.642120117637499, 
0.640183318819967, 0.636806545440302, 0.622409433483697, 0.63084399891239, 
0.633770118855482, 0.644944881910193, 0.626633847860168, 0.646264799427838, 
0.647026067367061, 0.640390702524289, 0.64092481614674, 0.64766741510615, 
0.628756794714775, 0.65002314082585, 0.645852118635962, 0.638808663141131, 
0.646011393997262, 0.615642917054107, 0.644628377340146, 0.636824959227222, 
0.657901767864453, 0.648129021859225, 0.628754395341117, 0.631552169740153, 
0.649229967276214, 0.650268191241156, 0.654024273102382, 0.6420188633122, 
0.656674667234722, 0.649693702261666, 0.656239307054749, 0.645831510413895, 
0.646111555704864, 0.645535201200022, 0.643587769815092, 0.645048420534651, 
0.623235043766294, 0.648548804307854, 0.652816342023033, 0.631467017603369, 
0.641481359171812, 0.649045882793809, 0.655448731805199, 0.649415144311245, 
0.647602145063522, 0.634907646896443, 0.642727105060586, 0.655523011649437, 
0.643824163805028, 0.654029174624266, 0.646021373643558, 0.635306456214963, 
0.655966488913138, 0.643786152504196, 0.645748922454389, 0.630993976734044, 
0.640510336447722, 0.633683759624478, 0.641426022755051, 0.627902456320904, 
0.634337395996425, 0.636948905019562, 0.639120796398057, 0.638552502004814, 
0.640488820796976, 0.651300306864048, 0.646478560785877, 0.623649726724161, 
0.632648359488984, 0.647944913183948, 0.626379532188214, 0.628121659412575, 
0.65687025415543, 0.633670757525864, 0.639769804308947, 0.638372223436619, 
0.648747966826222, 0.645039311095821, 0.649605486663905, 0.643097726836195, 
0.63222678084201, 0.641044406542238, 0.63877769693168, 0.634984146907726, 
0.643234657926934, 0.637595924512535, 0.638302870259144, 0.642309318246308, 
0.654217075870496, 0.646887167022226, 0.654183834425166, 0.632183014962541, 
0.625472715350197, 0.623985940486209, 0.627681660101895, 0.650838472950651, 
0.636583045881404, 0.622420660457003, 0.650422523778349, 0.633697877987634, 
0.656467848739842, 0.63124714124021, 0.627108530989847, 0.637714705833352, 
0.60821154607845, 0.645944735586345, 0.629597242431378, 0.637390500383071, 
0.650757427309891, 0.645480549787707, 0.633382670037076, 0.60298225097837, 
0.648759817404489, 0.633844499227087, 0.647797647689265, 0.636972966070932, 
0.63556376120347, 0.629913401221391, 0.638930878864521, 0.65534508041363, 
0.661743537044995, 0.665170703938193, 0.641057552510198, 0.637390609971272, 
0.650465189458534, 0.641862041287955, 0.65679249918831, 0.637096885416415, 
0.624250912705389, 0.631072094851619, 0.636459832706629, 0.653294215148921, 
0.638504786550455, 0.63654476098275, 0.619301665263923, 0.64639926066601, 
0.645159880597432, 0.641991910323697, 0.644242474206109, 0.641344997247886, 
0.635239776571663, 0.648510084398408, 0.648472439244366, 0.626824761266381, 
0.638108508996976, 0.633540257263081, 0.643124238822509, 0.651409788646501, 
0.6565005869269, 0.641142955153208, 0.633601685356909, 0.635219073822087, 
0.647154037089099, 0.637256705045957, 0.656727295830613, 0.655686654453441, 
0.647290313796475, 0.648374837214404, 0.64460982895105, 0.639407985821319, 
0.641613978090116, 0.65045535295254, 0.640624916403828, 0.63013060155107, 
0.654076928575637, 0.640693141455536, 0.629539597660551, 0.644011277404642, 
0.650899831642987, 0.636513098716165, 0.6299201159849, 0.622290630265578, 
0.634593052857711, 0.635982634220925, 0.633732637848068, 0.634794203228419, 
0.652622696149515, 0.640083288276822, 0.630511946002622, 0.646523215879983, 
0.639023534394462, 0.647623833926729, 0.625211865529016, 0.638099306702104, 
0.63175173823518, 0.656210350646322, 0.624408382071582, 0.652410167510494, 
0.656735243024693, 0.645666291974619, 0.643537465887883, 0.643852073614844, 
0.647139194605311, 0.645611881925992, 0.634421037695503, 0.633259419436724, 
0.637578377068914, 0.639421020398704, 0.654631880271969, 0.641022249732761, 
0.64550691346026, 0.630252828662799, 0.643462867684309, 0.639417863871753, 
0.632576456480101, 0.654054748390575, 0.613590129265135, 0.650850828534875, 
0.653813729076189, 0.642521294354851, 0.639155323955438, 0.636875267191874, 
0.654496730119933, 0.639752449849808, 0.649213937310565, 0.641746004474404, 
0.650365679392283, 0.634826772794507, 0.637645674348746, 0.644385294329476, 
0.632851442156361, 0.643524852258151, 0.641814414650633, 0.648649817071208, 
0.636561203054535, 0.637732101772276, 0.65219158329539, 0.638057747943363, 
0.633587388955408, 0.650196787269787, 0.650825177813559, 0.649314133141784, 
0.637816855357024, 0.641808138193125, 0.627733049825073, 0.650293946296067, 
0.651578799008197, 0.647635038914591, 0.643599848081176, 0.648232076764927, 
0.649378456310204, 0.638684029042154, 0.638102626358947, 0.635984166013205, 
0.640639781525095, 0.63430976765574, 0.625907554989504, 0.624477066290657, 
0.624848806238757, 0.648845710924892, 0.650650316161872, 0.640536610001543, 
0.654717491157545, 0.63437324974825, 0.61739600790661, 0.64557274340001, 
0.64950938040213, 0.648408564460028, 0.63837993881394, 0.648106389203578, 
0.637826180721861, 0.650638332694622, 0.621222023727551, 0.649842104325258, 
0.634980430363141, 0.650456453178268, 0.629624939485096, 0.630013701535725, 
0.633085986767234, 0.633742946987294, 0.636754323781225, 0.643303640022171, 
0.628011918607023, 0.638764369779231, 0.651621018655252, 0.621289022785471, 
0.632013908659073, 0.636174343044053, 0.641169949267018, 0.64555009000265, 
0.624327439251435, 0.626195556996934, 0.627367571380121, 0.641644529844486, 
0.656110210498723, 0.633351712069272, 0.66879232896773, 0.638774112197624, 
0.653709163499224, 0.647293603162699, 0.634611596700285, 0.64896424019329, 
0.624456143927399, 0.615637179254045, 0.645924194612999, 0.646675755691022, 
0.635494301731716, 0.643834575294142, 0.662522727427985, 0.634897634856293, 
0.642984182801105, 0.64050833330488, 0.645373551215655, 0.640875703763408, 
0.641121339219482, 0.638245202752266, 0.638143556297139, 0.625457667859397, 
0.631973679549605, 0.649240457539347, 0.65037966196761, 0.636606287861548, 
0.652394249696196, 0.657966540407766, 0.623716397370844, 0.65851099059524, 
0.662770497464948, 0.634808317423903, 0.650855743359614, 0.640613174772926, 
0.654487658915462, 0.635290615488642, 0.649480191940386, 0.647185881835148, 
0.647653962369248, 0.629941824264391, 0.649988969063621, 0.657940555168014, 
0.665332150300884, 0.640932447238739, 0.641803305795198, 0.634154057852194, 
0.646512852836687, 0.647496609648363, 0.641016279263993, 0.650529332319932, 
0.647083010649056, 0.654353844831989, 0.647320968703474, 0.640792162716113, 
0.637930209360788, 0.642512114608237, 0.640793511369851, 0.642751688199727, 
0.628019725940109, 0.661571488263497, 0.651875663513166, 0.617247737564496, 
0.641256272196155, 0.639635306044429, 0.641335536149614, 0.632084415160082, 
0.636076162055295, 0.640546476150698, 0.648434397346631, 0.640501789357953, 
0.637855893655773, 0.643882174732898, 0.638687580775128, 0.62872724334499, 
0.647976441043168, 0.644133633978628, 0.640225376731995, 0.645928634318992, 
0.628621523219969, 0.64274548838008, 0.63501448414724, 0.639458383687299, 
0.644178418721909, 0.636232780840073, 0.629281396534542, 0.634716318987107, 
0.662698065243792, 0.658890535308711, 0.653316912193891, 0.639690335023015, 
0.662065832312382, 0.642862218117653, 0.642446048054643, 0.63281801702221, 
0.638994067766232, 0.65312804501985, 0.6416478952163, 0.651092446843351, 
0.627117363835001, 0.640858254931647, 0.649070107051088, 0.625865822888849, 
0.639875033331981, 0.643635393521698, 0.654275863074014, 0.63498737322741, 
0.635998257941745, 0.641197965865675, 0.659250215966266, 0.653591106737495, 
0.631230118104667, 0.645429382740567, 0.649038429621052, 0.631504035985679, 
0.641639169030605, 0.641707367732257, 0.642483922322796, 0.637999584956956, 
0.635048829097978, 0.646517027756032, 0.636758662951677, 0.649015104526627, 
0.637600137463691, 0.638530104584231, 0.654858811294535, 0.651433121874656, 
0.654011993036662, 0.659418712739003, 0.663839552206126, 0.633529995229262, 
0.643756033096171, 0.632255506763962, 0.613757176731803, 0.632499839721549, 
0.64538532440462, 0.638464261319604, 0.642488745713768, 0.629436350085751, 
0.645965164941042, 0.637668928393379, 0.640296315738905, 0.650373211718859, 
0.63457709790107, 0.639918678219492, 0.631425321128357, 0.638639590688252, 
0.64235863954188, 0.644685409704396, 0.652429620818919, 0.636930674461218, 
0.658576979009715, 0.624652741935011, 0.658800673011924, 0.643733277488053, 
0.637733929331847, 0.649307009734307, 0.636784314400255, 0.626800179020113, 
0.628797926975835, 0.636757841578403, 0.652626221896485, 0.634973728717841, 
0.649826116888262, 0.648622819404974, 0.655271211509191, 0.626573000243099, 
0.637015691931655, 0.65662743821102, 0.650245502634437, 0.643508114500962, 
0.641836290507019, 0.637526036436878, 0.644498263163824, 0.637501296866875, 
0.638413905819002, 0.642215843874353, 0.657116631497716, 0.639502116903318, 
0.639418611886591, 0.629018349388123, 0.620256738447883, 0.639898721585215, 
0.659333334514005, 0.633065767351319, 0.640954028761942, 0.638573100611949, 
0.637802871211873, 0.658580462028625, 0.644899286523102, 0.642744302257847, 
0.633139292456474, 0.639574083791863, 0.618155008091296, 0.646882698000818, 
0.646013212290392, 0.651558268489247, 0.637113243017042, 0.638356755851425, 
0.626001581448686, 0.641134027658545, 0.656625164206868, 0.651767569418322, 
0.622577326832495, 0.643129164802813, 0.64931793025656, 0.656541293813908, 
0.646601723596859, 0.644786169325064, 0.643883049524957, 0.652547468862713, 
0.621038412828642, 0.646617791550452, 0.649562426831495, 0.653082297963089, 
0.642562669969493, 0.652770956523675, 0.635625435333817, 0.636122160862861, 
0.643052483874819, 0.644275356661563, 0.645665794031946, 0.62600609359147, 
0.634446245690914, 0.648463594273404, 0.609231057639591, 0.647646604423646, 
0.647256615412524, 0.641368054878108, 0.655645031708693, 0.638523977802643, 
0.651668006223682, 0.636494549069822, 0.641820498700486, 0.646515822235929, 
0.64057578248066, 0.635686934783302, 0.659799208414593, 0.653499431918969, 
0.640851061460666, 0.650068865815554, 0.619641692523549, 0.629487635389724, 
0.64825962896273, 0.630906779146292, 0.655935136158988, 0.626766277248319, 
0.642142877360676, 0.635798479891672, 0.629505373925626, 0.650306544675794, 
0.654777186148334, 0.648832961186051, 0.633312149107945, 0.629507756265987, 
0.635949310852914, 0.641421145331823, 0.634657883904847, 0.650175861212915, 
0.648478197052327, 0.632689752522487, 0.644041533240853, 0.635495354961141, 
0.641887543545651, 0.641524204380757, 0.639944669960608, 0.644041700094141, 
0.647973608067923, 0.632308441054336, 0.640476220687895, 0.648428683315346, 
0.637373591612305, 0.653361582086467, 0.647853780470055, 0.645069945707156, 
0.655316277091671, 0.628552497034415, 0.640945857365731, 0.635040966450759, 
0.648714342838027, 0.637302841094995, 0.644936616432377, 0.635874304813712, 
0.653415206028645, 0.652963136359422, 0.634808684545809, 0.651660183810172, 
0.648353086674238, 0.640977647982469, 0.654889817855777, 0.632869723890098, 
0.640281697863449, 0.637892255847936, 0.643723313473523, 0.650308967557427, 
0.62693083509752, 0.660555821082682, 0.648906600338549, 0.636858535322121, 
0.642871763176462, 0.62782241268726, 0.640348195284048, 0.637328470048556, 
0.642290029003691, 0.635467271857936, 0.645895897599745, 0.64999724164319, 
0.638019259064961, 0.643531892660764, 0.649526508175761, 0.647289577786114, 
0.632903111331692, 0.64676649577174, 0.638763253005106, 0.647407159805684, 
0.636041770250704, 0.631299269663994, 0.64608175190198, 0.650120343706189, 
0.62949041117889, 0.637988761885184, 0.639658797777943, 0.638064777148733, 
0.657628873588933, 0.6197490450391, 0.629204125972831, 0.643488701756417, 
0.634240253132352, 0.644035968991467, 0.652807490362322, 0.646867657036383, 
0.64426098320922, 0.64841669700316, 0.635419587502441, 0.641957207208616, 
0.631709689749166, 0.653210635535294, 0.641451845582909, 0.649896066930426, 
0.644810724278062, 0.632208944498144, 0.661432404881662, 0.639877828745453, 
0.63664949175007, 0.635968763284702, 0.630987410607633, 0.630058776435537, 
0.643603556244702, 0.64539431938991, 0.630866332269484, 0.648439089571743, 
0.657271256842185, 0.620314075014776, 0.642362723270973, 0.644372762117801, 
0.62597684159105, 0.651767238762619, 0.635937125739262, 0.649897075930677, 
0.656684934018394, 0.643254902245248, 0.638549189272246, 0.644503651772399, 
0.643862276218168, 0.621556691342, 0.635316747029667, 0.643109376443687, 
0.646211306936591, 0.640935323186173, 0.644884801352178, 0.633630213024996, 
0.650720853487516, 0.650719178652459, 0.653359847712979, 0.638946931184458, 
0.6262911391353, 0.648865780924489, 0.63555593385725, 0.646094338491169, 
0.653765787244887, 0.637587647402439, 0.649599992411274, 0.635208294713411, 
0.636579417294173, 0.63434172533313, 0.619910457295109, 0.622988534583986, 
0.65087144149828, 0.659117630783695, 0.638553184900801, 0.652861859936739, 
0.615366891909944, 0.643575944474514, 0.64636539966535, 0.641354146433981, 
0.640568647660063, 0.649053025785405, 0.634937867546722, 0.633665979663284, 
0.64172491494627, 0.630398828397606, 0.644600264679394, 0.637639338847617, 
0.647006918648054, 0.632064542760797, 0.640369814918826, 0.634346576658372, 
0.639501742349452, 0.645761730896574, 0.626615726975505, 0.666637175408347, 
0.648044024241535, 0.644233088310069, 0.631651416330377, 0.641076362790426, 
0.630693175153723, 0.645709787509722, 0.631343334459737, 0.644787718323423, 
0.645778229081017, 0.645761627241159, 0.646622830352978, 0.635684859907061, 
0.646676947128033, 0.629590919863992, 0.648409796489884, 0.644742153009562, 
0.655311550727159, 0.631371256715657, 0.647506063615745, 0.643611687962947, 
0.648725909180137, 0.634431109188309, 0.648122438662435, 0.649002244431887, 
0.611062197274666, 0.63804385249871, 0.6619406612339, 0.615338869455692, 
0.640612839400264, 0.64859868630648, 0.645009269026946, 0.637965412684418, 
0.637578421523315, 0.643977687550585, 0.636187351788612, 0.637399824093353, 
0.636623808836807, 0.654115155779072, 0.637049505769116, 0.642601055135798, 
0.658063759541136, 0.632274311068789, 0.631260223401162, 0.63769854108716, 
0.648595616890876, 0.649165213686321, 0.645314256821041, 0.646280043305342, 
0.654436743286009, 0.637336184818275, 0.648391615370374, 0.638683206348628, 
0.637077127577219, 0.647582140649355, 0.649861405303705, 0.654633384198044, 
0.629818321660226), cat = structure(c(0.682616911683258, 0.641284896645724, 
0.00976409597972817, 4.23306111731658, 0), .Names = c("obs", 
"mu", "sd", "SES", "p.val"))), .Names = c("sim", "cat"))
