structure(list(sim = c(0.645093931614785, 0.657770866945936, 
0.649773759143157, 0.649374516136326, 0.657985018178589, 0.668848768637334, 
0.639759087387802, 0.667324433395834, 0.651967597804592, 0.652976652160489, 
0.657335076388426, 0.659344272133749, 0.667306057180169, 0.670997294440991, 
0.669538019160112, 0.668945337230641, 0.653461176170579, 0.662374649280812, 
0.66066038767794, 0.658439391778735, 0.659180150477781, 0.668013330440393, 
0.651330371805809, 0.671618908807476, 0.653609332516921, 0.64924617013813, 
0.658778220099264, 0.657017567488382, 0.66579037056812, 0.651852436868247, 
0.650994206907344, 0.671927396823569, 0.651210666232304, 0.65530762065507, 
0.658988684121026, 0.656991834206327, 0.644745330529181, 0.655387586688415, 
0.654368614640141, 0.666843683466478, 0.656869882703206, 0.668806614735356, 
0.652673861068676, 0.667216928562623, 0.663335611484224, 0.661289780686047, 
0.649413342463255, 0.650810788044247, 0.672131617684787, 0.665053704775293, 
0.664636586442867, 0.673596789625817, 0.652558595692041, 0.659552322606004, 
0.663333462495128, 0.664249266288179, 0.671737901926319, 0.650761357339254, 
0.674097794366081, 0.660558129500802, 0.669264324109783, 0.669388633904165, 
0.665983911564048, 0.657199003984803, 0.665568911845026, 0.666859655734357, 
0.667254939049283, 0.653602960934349, 0.67125917766905, 0.665306975601454, 
0.657137600398227, 0.669073059767687, 0.650299858787297, 0.660200023638476, 
0.642761240382517, 0.657272789958926, 0.652402868090646, 0.664150793371527, 
0.661237011451968, 0.667145700582543, 0.656045433415976, 0.663973193664066, 
0.660021460817115, 0.67262947619019, 0.662089124140702, 0.658605652773852, 
0.647442995582252, 0.666375741703802, 0.666778322206053, 0.664400455412396, 
0.663877737434048, 0.665153696917922, 0.635536940497054, 0.664682723508715, 
0.655854669025019, 0.65000111223108, 0.657143512932113, 0.673258698622681, 
0.654398971908202, 0.663798471960536, 0.652223350248082, 0.658605389056744, 
0.655698940787075, 0.659915866676547, 0.672542520994543, 0.66259044535574, 
0.66824426409679, 0.658619928023001, 0.668118983325126, 0.675615040000758, 
0.666011759151139, 0.657957074765821, 0.671755272341704, 0.647386131068986, 
0.659328941973624, 0.670250798326734, 0.657732179451045, 0.656016900359117, 
0.664960738595069, 0.668995651144931, 0.669406939330148, 0.663100705470578, 
0.661670583992705, 0.667415033604892, 0.656813209697939, 0.668457624845824, 
0.672537258224036, 0.684297101434285, 0.649398552154861, 0.664317568610333, 
0.656761118059423, 0.671690819373704, 0.672851757365069, 0.664492146075817, 
0.668757245583732, 0.671768055494608, 0.656472271631927, 0.659127210730018, 
0.662207008674341, 0.673002903053786, 0.657972469860104, 0.654967506294124, 
0.652435212666387, 0.649692267298951, 0.656232617055094, 0.670521157705685, 
0.669525698602741, 0.669861913188518, 0.670247317769566, 0.664964613848254, 
0.660938759197807, 0.661442600022394, 0.652796378131007, 0.646640121275334, 
0.659626449322043, 0.635044731010957, 0.662237241682789, 0.664639222814199, 
0.657273570761471, 0.65506534154031, 0.663972234352625, 0.663335294849904, 
0.658929756841289, 0.659736699330467, 0.659381393587564, 0.661259776122693, 
0.637724046158473, 0.662290716640677, 0.649897158939574, 0.651316335505306, 
0.666536746873326, 0.643911306357988, 0.659670155674828, 0.662107042526146, 
0.666359921316114, 0.656925991184668, 0.65488158817064, 0.659132960554734, 
0.668078464294048, 0.670527747572245, 0.667861893274172, 0.666794048493307, 
0.667694009775122, 0.652537836749591, 0.648906069104878, 0.652631187845848, 
0.661767859856877, 0.665652688894228, 0.664632136955272, 0.657815522444774, 
0.664954554666783, 0.653406582343224, 0.663025745664771, 0.660987127434804, 
0.66605798086796, 0.651841788115026, 0.665652952836366, 0.654333051278037, 
0.661371165041167, 0.66088548624415, 0.667834049923183, 0.66203077841195, 
0.649802564342887, 0.667467847469004, 0.663600077977448, 0.652185633499674, 
0.664614853436406, 0.650106890440439, 0.643755718134275, 0.660458403342531, 
0.661485423227009, 0.664573573688066, 0.669850288106782, 0.663595884400687, 
0.666006298953487, 0.667088513685857, 0.660019949673615, 0.654134545393531, 
0.660467796100938, 0.661203821196715, 0.645979625597206, 0.662613676259459, 
0.662303944247274, 0.643606687444642, 0.661916656846991, 0.657207667960597, 
0.660818980917212, 0.667516107418829, 0.657381106496794, 0.663130972657573, 
0.662891258127148, 0.661532810496543, 0.670679508772193, 0.66777897986679, 
0.661935066307879, 0.665824161653498, 0.664177829418532, 0.659711240570248, 
0.66135807847704, 0.670422343207601, 0.669610341243292, 0.653154122017084, 
0.667337435920849, 0.643356895188051, 0.656695423276943, 0.660947431534047, 
0.667690665333186, 0.665487122816443, 0.645075743769798, 0.676916942918175, 
0.66685867289128, 0.661738592003945, 0.660968791003232, 0.651471298469757, 
0.651064176350911, 0.647515724205606, 0.656303992783203, 0.666604125802481, 
0.67172050678825, 0.661295665662385, 0.652213542700361, 0.654917989247399, 
0.661212590520024, 0.656180669521626, 0.656243385184518, 0.6625422660799, 
0.655951340903273, 0.64232046407631, 0.653477551980471, 0.661003235676348, 
0.664553850438312, 0.655832992590331, 0.662238534842787, 0.659273076949802, 
0.645387036073118, 0.650315699761271, 0.651238768963819, 0.64617613875357, 
0.657526522068491, 0.657750106276561, 0.661629998615866, 0.658952510704641, 
0.654843314697148, 0.6519081594294, 0.659230827632084, 0.654918132745262, 
0.653697109501106, 0.676105199698854, 0.666760423294862, 0.650235676343701, 
0.66456681855546, 0.662958270495639, 0.64307307055737, 0.658314419704508, 
0.663000625216731, 0.667122550803304, 0.655427747476665, 0.665558640596573, 
0.659022814879578, 0.661528389301821, 0.665697483244586, 0.675414738067051, 
0.649630034455352, 0.661312690860314, 0.653914073961164, 0.652684624067837, 
0.658806289697451, 0.65842250513751, 0.669279493298717, 0.657185004789655, 
0.656475801746892, 0.640976565910416, 0.660787409989018, 0.659655316777897, 
0.656024402570235, 0.655314341684237, 0.661746179922524, 0.655229523862095, 
0.655967005574305, 0.656457455459985, 0.652021240089515, 0.658267678465581, 
0.656771295893251, 0.664714753982814, 0.658473698944818, 0.666396763946758, 
0.656224475252357, 0.659607118292281, 0.662281460005334, 0.669358791649824, 
0.660999626111777, 0.661566606886196, 0.668443058234519, 0.648353894983272, 
0.656228811903307, 0.671636719702795, 0.651790888986556, 0.674894868202589, 
0.649282673871306, 0.657835926054307, 0.652261823820288, 0.653527215513513, 
0.666640174197165, 0.667481345506385, 0.670172977505182, 0.663704898563369, 
0.653796778952041, 0.667498310707616, 0.664055764553598, 0.661774289374679, 
0.658248486383996, 0.658264004622521, 0.663151193766052, 0.646266493240508, 
0.66375253940503, 0.666386789298082, 0.666890711120389, 0.662755545384534, 
0.660595493877474, 0.654977758871819, 0.663141896193105, 0.656682893958262, 
0.662733772235288, 0.669248057713642, 0.654845570110181, 0.663166898879921, 
0.664074136884565, 0.666909061966752, 0.65440534604864, 0.668137870499341, 
0.639973520663423, 0.662308604474572, 0.662465884280103, 0.6598671195465, 
0.657161224421357, 0.651791922778394, 0.659856245653228, 0.678414154934633, 
0.666062052691368, 0.670512496246287, 0.657929860869718, 0.667444272875571, 
0.644500170211628, 0.650383306354649, 0.659951407059714, 0.657790245053962, 
0.655844702759753, 0.656879849421111, 0.657214006895959, 0.63925677871138, 
0.659556157380595, 0.649410947715108, 0.667551753120068, 0.664511514224364, 
0.666100340711359, 0.645574159308469, 0.650951451847406, 0.651045476558267, 
0.671241417477514, 0.649826666241515, 0.661647467258358, 0.663511893843201, 
0.665522594220275, 0.661071772245334, 0.65891253316619, 0.655908182930782, 
0.65619154851701, 0.673232463941326, 0.656520197387749, 0.657346682571229, 
0.658925928532842, 0.661015340662215, 0.655168788713947, 0.659602542465605, 
0.661450291737355, 0.665352747001561, 0.650405228040185, 0.663630245169924, 
0.664947227005909, 0.652784101677813, 0.670208321580884, 0.671902783587389, 
0.652839047155731, 0.661751036961442, 0.659061688200314, 0.6731734706112, 
0.661397748306534, 0.637372371054734, 0.660456556902876, 0.668127998658472, 
0.650186603817925, 0.641732785064962, 0.670009112912743, 0.662435015278318, 
0.647432497925149, 0.660318746898059, 0.665979668990851, 0.663934755876687, 
0.650210283003598, 0.652214672469989, 0.653741087729805, 0.646291983380533, 
0.659437560169266, 0.655182745143761, 0.657705269006282, 0.658614441343847, 
0.656920977612126, 0.66374469046548, 0.657343937319936, 0.657018641751929, 
0.672293490438489, 0.656932813976437, 0.651757176260523, 0.648931677879069, 
0.646466122700801, 0.66475158893073, 0.659972394533453, 0.66359189564968, 
0.664225311874767, 0.677959790509205, 0.659931326954496, 0.657505339994942, 
0.670228291092602, 0.655624080509776, 0.670025180972328, 0.661396532340721, 
0.66586528728783, 0.654289554643979, 0.661459607235822, 0.638774686425774, 
0.643333785039759, 0.660592361564038, 0.64959518653914, 0.659765073641642, 
0.650093961856989, 0.661907926339654, 0.663661770031884, 0.659413603399053, 
0.658469808611706, 0.660937606772121, 0.664118788491653, 0.661915808310898, 
0.654516260809801, 0.663293154760871, 0.670734353411656, 0.664497427072462, 
0.660284454383803, 0.668846197497763, 0.642325245585999, 0.653028902269989, 
0.660272350404067, 0.657276111491472, 0.656474409236223, 0.6576325245837, 
0.654570246376492, 0.659988449895559, 0.661830319482529, 0.660344262666252, 
0.664321715905742, 0.661246953182165, 0.6630158739539, 0.666296139769845, 
0.663739134927523, 0.664097691033144, 0.660099391445804, 0.662910546781385, 
0.673771272955672, 0.668529164896132, 0.674852042814946, 0.655849243809317, 
0.66750834215282, 0.653024774197828, 0.670045431106928, 0.668492126670671, 
0.660991299754925, 0.659162732464104, 0.6410545581379, 0.669180707896641, 
0.671482375119029, 0.666718946058436, 0.663793867695107, 0.667539679191016, 
0.664961080316506, 0.658528828047212, 0.664080167073667, 0.661517317042243, 
0.660683310748562, 0.668457387783699, 0.64959321631227, 0.653844014837726, 
0.640796560710016, 0.663579798342419, 0.655786486269356, 0.642408505055174, 
0.64711449434211, 0.662641311437407, 0.662960195402229, 0.658489799391052, 
0.653100643091038, 0.659612576581522, 0.673723430250495, 0.659317315379579, 
0.661953133056508, 0.656746041107127, 0.659087619104876, 0.675831683977065, 
0.657088212548642, 0.660879278493259, 0.65059833326661, 0.65935821547982, 
0.651100717437174, 0.658094662998254, 0.667325731124694, 0.671265910752147, 
0.661622238425209, 0.654240599978414, 0.668182358339618, 0.655569334609136, 
0.668940383193238, 0.659896108321253, 0.651218319460896, 0.649768016670307, 
0.660300946842636, 0.658009371554538, 0.663451414709469, 0.64732633747744, 
0.652274479051798, 0.666248810400021, 0.660538992306208, 0.662171908686209, 
0.656133829771915, 0.653716342987044, 0.654026776846532, 0.649030727390909, 
0.668646209772465, 0.655150560629815, 0.645938253447981, 0.658052663734841, 
0.668104410641979, 0.66130791299431, 0.639834711577974, 0.660484731348637, 
0.667612130649809, 0.650682019311441, 0.66700347189357, 0.665179198639968, 
0.65881701940798, 0.653829179371287, 0.66962290785239, 0.656569818437619, 
0.677019181820182, 0.673544865921017, 0.643628325580294, 0.662754792472396, 
0.667681054653174, 0.659159349592728, 0.650556256676353, 0.657033352281644, 
0.638784774112789, 0.670709229819435, 0.673944834340394, 0.630291127521862, 
0.655880837120785, 0.65907969187908, 0.640263613928838, 0.64963355347687, 
0.660492336240697, 0.660177978419061, 0.658295701347158, 0.660182618505055, 
0.66683454216812, 0.65560770276141, 0.659113208160354, 0.652295636192473, 
0.653698387932559, 0.660494508113415, 0.654785248574051, 0.67069307162469, 
0.657960163820528, 0.655107248448165, 0.660983079505469, 0.668876690845559, 
0.663686269686805, 0.661295631215452, 0.660422406651936, 0.664843521726932, 
0.659730323551893, 0.663574707802269, 0.660792392420964, 0.661579380934209, 
0.663443742872124, 0.67020622602446, 0.668968118423631, 0.659127721175512, 
0.671307223464573, 0.648040169333659, 0.65760984176675, 0.665129546394584, 
0.671720820918272, 0.641530130721302, 0.67269028629503, 0.651656507383032, 
0.652516241102257, 0.666866109581241, 0.668861131216177, 0.657785813378397, 
0.643635697816832, 0.657858561986259, 0.670034904122613, 0.659101854658067, 
0.659315886428032, 0.66477438725836, 0.677331034273036, 0.665774000553222, 
0.66794610071424, 0.653180751818702, 0.654718370049629, 0.658085806531716, 
0.670703741478086, 0.657058387455344, 0.656182477814701, 0.653960750640747, 
0.659905090605501, 0.660828157375728, 0.662395125636386, 0.64874262992914, 
0.657683165732095, 0.655648587597187, 0.661746499798769, 0.65935767874447, 
0.661520283300064, 0.659246670838974, 0.666878853128515, 0.655220361679092, 
0.66910199224442, 0.658067905652003, 0.661303940922022, 0.653623639545226, 
0.647969856529323, 0.652773950499133, 0.669412313060185, 0.665134436714876, 
0.658630321513142, 0.667482870445972, 0.651136514078055, 0.659385980092336, 
0.666730538473216, 0.643222549277229, 0.659024470062217, 0.653745956348238, 
0.654937088709845, 0.666995959418829, 0.661396017686255, 0.657207385614724, 
0.66084205544083, 0.65599822395488, 0.664537801074473, 0.66501974868155, 
0.649925515122547, 0.65919572439817, 0.662401347959584, 0.662212775437171, 
0.658425141771925, 0.647783109701382, 0.643423472453051, 0.648529708101046, 
0.654746159793189, 0.662522791285859, 0.662202217041188, 0.660509271907715, 
0.64905662752868, 0.667492303134025, 0.657751806991769, 0.667813558399409, 
0.669806699567512, 0.656062109340308, 0.659743650848344, 0.661273347146812, 
0.665695612107639, 0.65855287827555, 0.663033043695879, 0.666732847280626, 
0.672207867330711, 0.651062471441487, 0.65775210156063, 0.659473969528294, 
0.655214056426227, 0.655490515884857, 0.652669691541869, 0.670197359354812, 
0.662615772929002, 0.662063687405833, 0.665666978537342, 0.661968895734758, 
0.669437794345229, 0.658187899404604, 0.672021767205774, 0.658209133185686, 
0.662086011311822, 0.661647076805648, 0.651673444572743, 0.675397292027982, 
0.667065892717943, 0.672778828886479, 0.673244825064617, 0.66490379599555, 
0.662826522147232, 0.6659547240529, 0.659869090713944, 0.672149962224781, 
0.653416747302477, 0.675501150042503, 0.662446554923205, 0.661074905795487, 
0.671167563839744, 0.667927558781944, 0.652925075371276, 0.65311874195553, 
0.644969189865619, 0.658963416067796, 0.663180719072877, 0.653726733323935, 
0.660769951419351, 0.668820708004225, 0.649721879067, 0.658118914561464, 
0.664601629401358, 0.651283323065411, 0.652952706102283, 0.660564822822331, 
0.665024682418663, 0.682056375792234, 0.642279181162566, 0.66128137791511, 
0.653046770825634, 0.667516288243626, 0.655970285601573, 0.65107348257274, 
0.656752791819487, 0.669108784576852, 0.661006478262739, 0.658766018624033, 
0.651819733307365, 0.64685313700869, 0.670527834511848, 0.656556758008467, 
0.664747402839684, 0.667598973275497, 0.659332190463551, 0.677156509438062, 
0.65026093456386, 0.651927538420348, 0.662673353143622, 0.6625817716609, 
0.652760573216647, 0.670487344477995, 0.668834486416709, 0.660951949050513, 
0.662862371736387, 0.64895963559901, 0.643161989235064, 0.670129811224502, 
0.649619642623389, 0.65946585113696, 0.6365696281032, 0.651007123583496, 
0.672548246843845, 0.65408348543561, 0.659291868001802, 0.659444311539258, 
0.652877491193167, 0.663974763830951, 0.655952105560003, 0.659701640972743, 
0.681497119341419, 0.675483719030085, 0.664816879303337, 0.652796738635181, 
0.662881809416772, 0.66961002284536, 0.6609618126953, 0.648101669466284, 
0.66481347940369, 0.65947878809871, 0.668950580244516, 0.66843668855016, 
0.655240405278634, 0.660508483363189, 0.662071496421074, 0.675462541789418, 
0.66083493357504, 0.662284723842629, 0.649546409396194, 0.664845008696332, 
0.652527847619696, 0.65417165218282, 0.665126207571558, 0.657934560354573, 
0.648480609403453, 0.663334413476983, 0.647642586227028, 0.661743004427279, 
0.668545767985647, 0.667947861585962, 0.668069736488183, 0.656913352832401, 
0.658472938528435, 0.665678502414923, 0.667210958391316, 0.662087926867944, 
0.670528222308464, 0.650891180452258, 0.668953146463968, 0.65562050316766, 
0.665009231552306, 0.671952803846498, 0.669307640854402, 0.653246490624937, 
0.674841963675556, 0.665444562214516, 0.655192997467646, 0.666783719430838, 
0.668151920699549, 0.657102795275022, 0.666916160334336, 0.658980431170051, 
0.651246789964085, 0.66927717116478, 0.661076968269085, 0.665586841449787, 
0.676875789866755, 0.666155214446873, 0.663521352479228, 0.661626325778851, 
0.662048251501795, 0.674367288130467, 0.658854907706109, 0.655080543360275, 
0.647851582508444, 0.637937612397121, 0.660889419097871, 0.635256782964188, 
0.670439035112132, 0.670484360047344, 0.64905607195538, 0.661700230360456, 
0.659630569590995, 0.665074860449343, 0.659281795033816, 0.670296895104729, 
0.669045005967356, 0.651709997799532, 0.670350824531707, 0.659353016776345, 
0.657922624751277, 0.653555568911133, 0.643486936426423, 0.658176911928676, 
0.675058147181137, 0.658097529827312, 0.667516179467981, 0.65267437270065, 
0.657495431699198, 0.669787958406272, 0.663735452682502, 0.636120556966886, 
0.649658175360351, 0.674860140922155, 0.628674594558742, 0.654254133184401, 
0.659161456518674, 0.650867470736671, 0.654033052982246, 0.655981881137373, 
0.658987556166055, 0.667918195301712, 0.664586197328158, 0.664182151622192, 
0.664724796531624, 0.651917465286756, 0.657048416846353, 0.663401966990483, 
0.661005913627403, 0.650836789125069, 0.656330338071062, 0.661927034714425, 
0.669106038789374, 0.670472441525301, 0.672017476687843, 0.672215591370125, 
0.657929030088739, 0.66764261148066, 0.658561038556112, 0.661170324643945, 
0.661148612819892, 0.645908319072159, 0.673499454207904, 0.656729561236722, 
0.657211782926067, 0.649631909098318, 0.651992331320288, 0.667959811622636, 
0.656694023904367, 0.654500814865411, 0.677797920312135, 0.654246419361895, 
0.664526627718286, 0.653208643146771, 0.66341563921965, 0.668521496040995, 
0.658227324720607, 0.660477001988896, 0.682242788091307, 0.665934006843644, 
0.647225848623615, 0.67254355190349, 0.664955288407565, 0.664894542557434, 
0.6616150287965, 0.658754175295118, 0.658053743987109, 0.653926196101485, 
0.670431871853002, 0.648285189884265, 0.646812790198369, 0.65988608788134, 
0.663303731558089, 0.665322985472479, 0.666191566172384, 0.65500426836466, 
0.649110949330404, 0.651395378195632, 0.647560014506579, 0.669476409285453, 
0.653268952686934, 0.665524561656952, 0.653192147021907, 0.646219929047144, 
0.667345485508238, 0.647623097328068, 0.657623805256636, 0.66270985553859, 
0.655432108446208, 0.655771738028843, 0.670164304636978, 0.672673026614674, 
0.651214170488735, 0.650134503166784, 0.669932240625802, 0.651519519018318, 
0.667207266272663, 0.665528497468407, 0.660508194396239, 0.649156893590459, 
0.665260038704357, 0.669902210302516, 0.661790332598751, 0.653082916363284, 
0.654804770946787, 0.668019230470108, 0.667169901939204, 0.660422059283967, 
0.660131619735297, 0.663761807454069, 0.661522754186035, 0.660953245735334, 
0.64378308691317, 0.642497620795048, 0.654567772063377, 0.660023867798518, 
0.648007672412923, 0.667700215558181, 0.635541501301658, 0.641934973396124, 
0.666055142746798, 0.653466658752376, 0.670204159258139, 0.664338177065645, 
0.654375441176677, 0.661117782873721, 0.665317605092946, 0.672212269795019, 
0.66109383043998, 0.670215226146497, 0.673808622735461, 0.66508143263852, 
0.638648618621863, 0.673461465280223, 0.664620210402841, 0.637909275730245, 
0.65666868220552, 0.654950449768706, 0.659773010005051, 0.655641804797879, 
0.659635095645695, 0.653365788939511, 0.662021221275262, 0.663239019041953, 
0.659917633471429, 0.667114759992182, 0.654034819436971, 0.648517049241489, 
0.66018547328761, 0.667294652308219, 0.656456530296321, 0.673540734952762, 
0.649031292930222, 0.661216816970589, 0.664526807054026, 0.653156188010017, 
0.668309363925325, 0.655892730857286, 0.656316448800627, 0.673294366887843, 
0.659762403687128, 0.668460980058193, 0.669108829137642, 0.662725270214355, 
0.662612100333699, 0.664669969781594, 0.66097754045433, 0.658500893283697, 
0.648414421774938, 0.665028416447097, 0.657944232158152, 0.637899286763995, 
0.665702376201302, 0.668397484676089, 0.66308077127029, 0.661112831243512, 
0.653847290549206, 0.67597767475439, 0.670361632645734, 0.661193296620318, 
0.666286150788691, 0.664051829363896, 0.670817967776668, 0.662675667132735, 
0.66369939626513, 0.660697677810703, 0.670897523175166, 0.643743241564775, 
0.659390481160666, 0.66679575474481, 0.654783450808596, 0.658816687389771, 
0.666281389134652, 0.656147614761646, 0.647479577359496, 0.650405539702104, 
0.661915445509733, 0.674173373567615, 0.655659491154344, 0.662932232253312, 
0.655809611562731, 0.657229222403499, 0.658713166708504, 0.663712413536822, 
0.669335558935768, 0.655568460475857, 0.659368974902008, 0.651323336526834, 
0.647270645864542, 0.65610496048777, 0.668084766371534, 0.66035681230613, 
0.667787091682494, 0.659323858192142, 0.66187467110995, 0.657701346205359, 
0.686133510217214, 0.657005903486225, 0.657419791036904, 0.673633905169156, 
0.660262491168119, 0.657840887997406, 0.655943689373856, 0.676300565264194, 
0.653019311313647, 0.659784213259957, 0.667286174455454, 0.665363399922098, 
0.653392685023348, 0.648089902584486, 0.660618444854381, 0.654650809794036, 
0.662457735770163, 0.661815765346877, 0.671804601730307, 0.653535745759631, 
0.667635401886545, 0.667874099008503, 0.667393065264263, 0.663925589674138, 
0.669016191963284, 0.656270552420303, 0.665207991746018, 0.651786840528035, 
0.636262726975823, 0.675387822177534, 0.663240753576354, 0.666893617142786, 
0.659566546037432, 0.658540762368586, 0.666052574929438, 0.651088895314135, 
0.655814100178197, 0.64903436805223, 0.65521705687718, 0.65422807117856, 
0.66500305795988, 0.663020038825818, 0.654763248956303, 0.664346418849926, 
0.65630106579893, 0.666565321813163, 0.668476715630598, 0.653075519798147, 
0.659301655354096, 0.664838479712656, 0.665799157449849, 0.641106694992578, 
0.657348515668034, 0.664923672902814, 0.655992849035613, 0.668743566996423, 
0.679074606778883, 0.669230330711628, 0.646719060429831, 0.664089270919192, 
0.674965068187619, 0.672960020144489, 0.658918672944413, 0.66012566267118, 
0.670988198669866, 0.673835456278816, 0.654302557656515, 0.667272428394572, 
0.665737656518468, 0.662005513878442, 0.665681643125582, 0.656779777701719, 
0.656243708590183, 0.669572963704869, 0.664159983847075, 0.642064413639404, 
0.663758081104435, 0.641640769709823, 0.642651913060154, 0.664845685334533, 
0.654268374277703, 0.658404655693617, 0.668437464586178, 0.661934845132942, 
0.660909915495718, 0.646083851620093, 0.654031821020282, 0.648073656143966, 
0.670137656619628, 0.6575117309682, 0.657360150637171, 0.670096116953349, 
0.659003958328705, 0.666132150034164, 0.674678597715563, 0.6619861864403, 
0.645381825119193, 0.663945907370926, 0.65423260095268, 0.652613557437856, 
0.664761319668194, 0.663659466569242, 0.641260729306563, 0.65727461946317, 
0.668341059409457, 0.650641302166407, 0.659965129003445, 0.665972114049211, 
0.657459097548795, 0.660425862824169, 0.670763105725689, 0.662021986803608, 
0.646397536609518, 0.647287898243689, 0.664336430158754, 0.664054244195043, 
0.65748955626148, 0.662229428858143, 0.647312450842862, 0.674263976070517, 
0.650453887915845, 0.647567098120559, 0.66222548213596, 0.656045196425544, 
0.66316279374929, 0.663314823970633, 0.666624423412966, 0.658005012639097, 
0.670625689057445, 0.661219484043045, 0.669410628033567, 0.653016537100546, 
0.659161748058157, 0.652811706981364, 0.66033224936375, 0.661401084376791, 
0.649047443130031, 0.666444678944528, 0.65128948172078, 0.660725811785017, 
0.658387631091531, 0.664359100324563, 0.653495918933346, 0.653828791158654, 
0.653154866652073, 0.668501754276982, 0.660380028788162, 0.65862349528314, 
0.655336971908963, 0.653060133937874, 0.669911797883709, 0.648958696111954, 
0.669256429861356, 0.658514887961558, 0.651480810150421, 0.659060639434324, 
0.669703342995891, 0.655840143955156, 0.672017415727302, 0.642293120302352, 
0.666721203909456, 0.657234244030272, 0.660771598370907, 0.656580824596994, 
0.6609037445816, 0.653283617814725, 0.661247622674546, 0.656918622930495, 
0.669951463996221, 0.663110484424289, 0.662815226821216, 0.653571900919994, 
0.659959482003315, 0.657456048277042, 0.655341238853142, 0.665729921179083, 
0.659835035397554, 0.666272803478407, 0.672007520633576, 0.661968342085058, 
0.658950709291362, 0.654896630728731, 0.658503936819156, 0.663623897907531, 
0.672495336229956, 0.658657432104695, 0.660857462734425, 0.65192635889059, 
0.65190652879303, 0.649838258604211, 0.64497335290211, 0.664050360643068, 
0.660569788994977, 0.662912134834362, 0.659260778315089, 0.650184682404638, 
0.647960735066864, 0.674672961862652, 0.663841260286682, 0.664628820776132, 
0.657066791176332, 0.660486286269049, 0.663719649756429, 0.659198998551233, 
0.663239562491158, 0.660268035947959, 0.652670217114346, 0.673143618388683, 
0.643141267561971, 0.668320830294444, 0.663411465469607, 0.660393502981606, 
0.656311088949106, 0.659119228064788, 0.661619475324183, 0.648042709330272, 
0.65057214687835, 0.66693499429199, 0.657803040754779, 0.666939832551041, 
0.645385992809451, 0.654570537471617, 0.660561129594824, 0.644405501864546, 
0.662868521887586, 0.658878136193558, 0.644321365947967, 0.666258519180394, 
0.65780410155369, 0.671190860078524, 0.647689489922211, 0.661513043547367, 
0.644045213219122, 0.656228606370228, 0.655400797631847, 0.650599003409093, 
0.667880718244993, 0.657922618896152, 0.656164682139424, 0.658983252826118, 
0.668555936164091, 0.662453673351195, 0.660571222117197, 0.662518464597188, 
0.650627594723208, 0.666192160580833, 0.672611581342538, 0.656517183818646, 
0.656264943819051, 0.680351029935168, 0.661805804284608, 0.663131958801455, 
0.66035824397776, 0.636862689716654, 0.67388487405974, 0.673412156528875, 
0.658280705598171, 0.655142271491193, 0.663528593906063, 0.658388195627569, 
0.65577464701431, 0.659994394966736, 0.661669139850602, 0.666880139259103, 
0.659599699161311, 0.651227507324838, 0.647563765980567, 0.662140872779026, 
0.661978311690083, 0.651036026067171, 0.662761176903942, 0.661913703544934, 
0.651482124371803, 0.661388112841455, 0.662398096685248, 0.665405424360477, 
0.639274836433156, 0.659815089195061, 0.65192250840686, 0.649193728618108, 
0.664823109654209, 0.646310703783273, 0.664021008924486, 0.650799084350547, 
0.664921552810386, 0.65112989160905, 0.662303426189345, 0.661141344811759, 
0.666744779375481, 0.659580384911158, 0.635209750033274, 0.671133528550315, 
0.647031281582531, 0.649259497540889, 0.650521260373658, 0.642213304096546, 
0.665256186965084, 0.664465766183649, 0.670217688392335, 0.65858357123208, 
0.665722737705344, 0.664360831479946, 0.668281553928056, 0.653153328840816, 
0.659834114196575, 0.675892100011369, 0.650496630147351, 0.658991751574462, 
0.650848349916935, 0.658264407702177, 0.658504261968812, 0.66945673841786, 
0.665699115187816, 0.658465509331417, 0.64848043768951, 0.65786280483551, 
0.653517050429565, 0.659107965555236, 0.6567829655484, 0.66151208216217, 
0.644173278846066, 0.666461417907017, 0.656081517496096, 0.672380105830604, 
0.653276469101884, 0.658557161756722, 0.666603401777601, 0.665719760182105, 
0.653426803993619, 0.65859535642526, 0.671314955954022, 0.656328740841112, 
0.665703156050743, 0.656617463808489, 0.667305769490967, 0.639516336257771, 
0.669153399203253, 0.665585365370962, 0.644176668822942, 0.660596616201946, 
0.659922460732952, 0.665788773376103, 0.665208928541682, 0.648964408807069, 
0.672110297159768, 0.663341230394743, 0.659303815234906, 0.646944377244419, 
0.658212022658674, 0.650863450671371, 0.653335194563753, 0.645661902629747, 
0.667823738371655, 0.652669530075604, 0.667148438642529, 0.649092515358902, 
0.657636645417247, 0.671506359174519, 0.650073621102795, 0.659863227647349, 
0.664301500007693, 0.661127739147421, 0.648804662670109, 0.649967242417539, 
0.65354553726063, 0.643558483945818, 0.674841025054018, 0.656425774204985, 
0.661223762665103, 0.661338642317435, 0.661382394048123, 0.665334814767068, 
0.659858427188591, 0.662015632483672, 0.654121107210181, 0.660190406147107, 
0.659322436829215, 0.642554688743277, 0.64255512597095, 0.663039891360747, 
0.656575401302892, 0.647619852775079, 0.666359688702935, 0.651741944820404, 
0.643936122683445, 0.66787548732642, 0.65648184035813, 0.662171253169455, 
0.666798324817622, 0.663681112256404, 0.662259470077745, 0.664914783284856, 
0.669357838062977, 0.658089250791693, 0.676515881917686, 0.658059410440821, 
0.656660535686642, 0.663174074571103, 0.657862337656144, 0.667968479628755, 
0.670136498032211, 0.665583058755516, 0.677133108139492, 0.647418034677494, 
0.652806103118074, 0.660747848398165, 0.654517529869821, 0.648400038783885, 
0.661670468253397, 0.667299042226119, 0.66825388437163, 0.64361387043361, 
0.670645720185599, 0.659895952889509, 0.665130202091967, 0.668835055070884, 
0.637126342884291, 0.658282270841888, 0.670555236186947, 0.652240172726489, 
0.645753484976276, 0.659066811761486, 0.654375300693983, 0.66581591317707, 
0.673147692949673, 0.661836259194294, 0.657495803170157, 0.657661140165565, 
0.657943996214364, 0.660110206430813, 0.664935050646105, 0.662656774348635, 
0.650511199128514, 0.651798224486104, 0.65944302299246, 0.658184389953624, 
0.665214164655841, 0.64579267041279, 0.655031587021641, 0.666991949361937, 
0.673232398974064, 0.658510139786369, 0.660847439588456, 0.67254972496116, 
0.655451338262949, 0.660425229246347, 0.662707024608899, 0.665846841996248, 
0.66406642033479, 0.659216608833058, 0.647331141782892, 0.659007350825925, 
0.677649767881214, 0.666433553611426, 0.663059672985191, 0.656060889220844, 
0.656541063563228, 0.639454477377407, 0.676312555830229, 0.65601900401755, 
0.666775162454932, 0.661781955221529, 0.65910893632749, 0.643161602106234, 
0.651305293311218, 0.659856962838439, 0.647910340460159, 0.661830194120898, 
0.669293800295926, 0.657941646074702, 0.665912594480364, 0.668642184699776, 
0.643667482021767, 0.675087623398038, 0.664617209609095, 0.658133068788908, 
0.668309991090079, 0.66075993048509, 0.659623370342256, 0.657457696369897, 
0.672433280228648, 0.675643117342555, 0.663357332946056, 0.646253325690316, 
0.663984946562687, 0.645288019400363, 0.669083989987712, 0.660521162567265, 
0.668171179589062, 0.65826233774105, 0.659623001366327, 0.6611087869806, 
0.664569975138555, 0.663180261578026, 0.661901303758535, 0.666096304158159, 
0.664609619062856, 0.664307113622539, 0.656270809531401, 0.676044083362601, 
0.661197586360843, 0.661576637930993, 0.665470493628481, 0.655997682608271, 
0.663935808827466, 0.665936557322458, 0.66976818584456, 0.656329146743812, 
0.662162403477302, 0.674178048900595, 0.664566307758016, 0.663556830836014, 
0.653133194597105, 0.657788123747782, 0.672985440795964, 0.667734496002003, 
0.664459594440647, 0.667412878797432, 0.656897367981315, 0.652069356386291, 
0.660623452371811, 0.666785306307718, 0.661917118682944, 0.672363827215047, 
0.67224496887262, 0.669115595702877, 0.663307582244988, 0.65609638811399, 
0.66339683225097, 0.668366343715664, 0.655788500122674, 0.670859206150194, 
0.659844982019764, 0.645800638412232, 0.663132010708097, 0.659856221736359, 
0.674242646868635, 0.649202915540471, 0.66486071959922, 0.665163338673497, 
0.668181967792796, 0.654309948809611, 0.675138728210534, 0.646575444540902, 
0.657695887838374, 0.653372028554474, 0.667539759975811, 0.664930818098514, 
0.638826886573574, 0.663915985050894, 0.665890828817888, 0.673139271640624, 
0.653077548377918, 0.666085737996103, 0.657914408463281, 0.671030308755713, 
0.677828738084684, 0.666760623317395, 0.669725377627457, 0.661710740323174, 
0.65300343215763, 0.651456490635172, 0.665304066884526, 0.661933597716446, 
0.663385774453399, 0.667577313343219, 0.659741590651159, 0.65180037443908, 
0.649244554487162, 0.658683701385276, 0.662935182496869, 0.664483633892354, 
0.657734726687202, 0.663150801074723, 0.662675711982302, 0.665289339132749, 
0.646570221909962, 0.658602427709198, 0.656860770285451, 0.673617224003369, 
0.659609622475982, 0.670514667340047, 0.666369104335154, 0.652091631611755, 
0.660825075171393, 0.660645971064348, 0.669669158197376, 0.649312306580122, 
0.672640566134186, 0.66537759107413, 0.655679818408219, 0.664741540027355, 
0.661913005991524, 0.662688617419584, 0.67526393600786, 0.659419154771235, 
0.664627498204657, 0.673205052533455, 0.666946602929081, 0.659397489882766, 
0.673807725909527, 0.655297393823126, 0.671770151404251, 0.645876959989179, 
0.653906739426383, 0.654175388221775, 0.658487068533638, 0.65897276738072, 
0.650938552631038, 0.656438391312749, 0.659656650417629, 0.660716873688058, 
0.651347365664339, 0.672484747381003, 0.661986035960068, 0.660295801969003, 
0.663504240851194, 0.648451503213192, 0.656978236017479, 0.665423440920902, 
0.654012713352382, 0.645662812630323, 0.648037938851356, 0.664824112373897, 
0.660694422556963, 0.654385299951353, 0.650679071870708, 0.659850242330266, 
0.658466189139904, 0.661536885055515, 0.664329436825276, 0.66837749068257, 
0.662713308585167, 0.65962629701782, 0.642229310956772, 0.655260034827381, 
0.648443412096371, 0.654115159418351, 0.65989947827524, 0.661423562256703, 
0.639771082165056, 0.667347890625902, 0.666871497231133, 0.666734095231747, 
0.659969577861122, 0.670737771978841, 0.658095701416539, 0.66519633320709, 
0.66065045738803, 0.66071884212396, 0.664049169220352, 0.654536569021375, 
0.675192694941044, 0.663741779186747, 0.649473078819703, 0.662965466274823, 
0.660095662742485, 0.661348284645874, 0.668185565373805, 0.670855638064746, 
0.664763436055256, 0.651301045929923, 0.661597115054922, 0.664667002046574, 
0.662372730226496, 0.671356822182197, 0.676087754477065, 0.660878160458961, 
0.660573401318463, 0.659875713301706, 0.668359689283833, 0.655655814785528, 
0.666070299645155, 0.663268182434095, 0.656680086545513, 0.660299511357676, 
0.650812342869724, 0.675980944583638, 0.66209316530632, 0.663174910743643, 
0.648948769829401, 0.663336787549072, 0.660989371389039, 0.66271294696236, 
0.661091745593031, 0.657071281896491, 0.662198990681119, 0.656976265279815, 
0.653126655440072, 0.654147572871847, 0.651274881804863, 0.644191455195512, 
0.667579030173174, 0.649484345030803, 0.656521646615966, 0.652823068374596, 
0.661000392220585, 0.672936616598003, 0.656234082170694, 0.657263386072645, 
0.673891893172465, 0.666979044264362, 0.656020874442473, 0.656628907905819, 
0.656541546052576, 0.66413085374086, 0.65366121945591, 0.662173440221372, 
0.655280707199587, 0.662336314786169, 0.66053810526867, 0.670770461080452, 
0.672631909621414, 0.654841027971932, 0.667493335246314, 0.656863774646281, 
0.662226468843465, 0.664544543600095, 0.667271026272332, 0.669544608448803, 
0.672774253575637, 0.641331053652884, 0.672520341136963, 0.66313376932834, 
0.657996666618536, 0.649801191756261, 0.656010591795733, 0.659521295880182, 
0.667273013877897, 0.6577365775474, 0.659094326040565, 0.651155249216226, 
0.661873240733033, 0.653580436537625, 0.65910091730967, 0.663904271639377, 
0.668650271268931, 0.6448844098549, 0.671406509183718, 0.66414520044259, 
0.647122719693297, 0.672921217335883, 0.670466353029319, 0.648283092622788, 
0.667426430061288, 0.662110984709065, 0.675961246045869, 0.669175254108659, 
0.660765664604509, 0.667573293801108, 0.669298051143843, 0.652056222571924, 
0.653065944876896, 0.656619967860587, 0.669613982446939, 0.666425077302104, 
0.654079232276162, 0.646514557270475, 0.650262103267938, 0.660833497561673, 
0.665734358385291, 0.665228835091932, 0.658685494203621, 0.668398330978978, 
0.673743219320843, 0.659182911770167, 0.658300078269438, 0.656291293065757, 
0.649597284166732, 0.642702427896352, 0.665802635050602, 0.660755157499612, 
0.653428848920189, 0.667793581126147, 0.667936101465178, 0.642911292450733, 
0.674123176482321, 0.655762118778539, 0.669404391605955, 0.65679999263598, 
0.650991852819785, 0.655699312859221, 0.673452514872053, 0.665415783905844, 
0.657287521329608, 0.654467937043433, 0.651618383932579, 0.672487036688059, 
0.672170076742365, 0.663365999748996, 0.660557555114972, 0.657404073291308, 
0.662656200507731, 0.66465647835324, 0.670495950475229, 0.67480038552325, 
0.65522071932302, 0.649118190330572, 0.657923542185659, 0.666896986024237, 
0.654145286058102, 0.677608597099636, 0.669031540107064, 0.65760869337849, 
0.66466054533161, 0.650117965226904, 0.662262898146935, 0.655157155701989, 
0.655522722868415, 0.673101633770796, 0.641679078846206, 0.670956420271488, 
0.670766618004579, 0.660523452171791, 0.659483099269037, 0.650117810177183, 
0.671259180500175, 0.662165433572185, 0.660752025393424, 0.667330971410663, 
0.653565408542044, 0.671021816684998, 0.676149739355829, 0.652108012061113, 
0.656168273488853, 0.650163421837017, 0.656081556796928, 0.661969911397124, 
0.654792114925701, 0.657449953515769, 0.664121518812988, 0.657305288611365, 
0.653448915056901, 0.656223439103974, 0.654485335329035, 0.663000603781558, 
0.672958262518717, 0.647490298263634, 0.650299106446553, 0.663135176069965, 
0.671411021851158, 0.665828892240834, 0.665223329515322, 0.664710817505768, 
0.659362325680076, 0.665335410184781, 0.673726070468807, 0.668749206610691, 
0.655223931404452, 0.668948406149332, 0.668621303332912, 0.658380008238734, 
0.649333093919564, 0.654059605955412, 0.6667490298909, 0.666034040502309, 
0.663663225351512, 0.672275934522794, 0.671884047937952, 0.665977281040321, 
0.654397151697235, 0.670389725855285, 0.673070095943415, 0.662551628971746, 
0.671431364280968, 0.657853619143637, 0.667886245216833, 0.660509335583435, 
0.653999633202254, 0.656326507826653, 0.667968987700084, 0.661540434154302, 
0.670932713908638, 0.665839292852972, 0.663483052946914, 0.660206233349324, 
0.674965291297698, 0.644090389872306, 0.657440793740091, 0.659275198033795, 
0.660724914978712, 0.661487110501341, 0.659185386824932, 0.671373257806502, 
0.656313437350221, 0.659438805080726, 0.672241946604079, 0.662634039412492, 
0.652997753360181, 0.659985243076457, 0.657007052135413, 0.667625501532658, 
0.660683740835726, 0.66826179505967, 0.661996152116276, 0.666000904859641, 
0.660592194570246, 0.66654375786174, 0.654026119243863, 0.663865714689559, 
0.66783766724488, 0.659268563909993, 0.667208778776832, 0.659267575661563, 
0.662638867555144, 0.663601301176112, 0.663532757262762, 0.626056333624331, 
0.66682231744014, 0.671295880087941, 0.668233826013158, 0.634819254589582, 
0.650836239986602, 0.654542127615374, 0.645615906178785, 0.655566129792663, 
0.664674770949405, 0.638221891617747, 0.653110780763916, 0.668361058161918, 
0.669773501157562, 0.663998186334989, 0.654765093836253, 0.663595302229641, 
0.658690577061334, 0.667170610726581, 0.661835693826685, 0.661241181269719, 
0.646108262041941, 0.669045911125848, 0.664956021496742, 0.672360807487831, 
0.649368978252538, 0.662896834222414, 0.667719007608035, 0.674073393571819, 
0.672254623326392, 0.659101715352079, 0.669034623968058, 0.668729412773149, 
0.671576716786572, 0.661762462056028, 0.670973782292542, 0.67108146212236, 
0.654730977672921, 0.663681004738689, 0.651777152666911, 0.651761718196974, 
0.651999959132738, 0.658640653755679, 0.663385047687965, 0.664072381812571, 
0.665512878659569, 0.670065998833269, 0.664976276473528, 0.664967888131234, 
0.656620892687353, 0.66149351087519, 0.67116799431497, 0.651332640689558, 
0.662787209829067, 0.666691042118373, 0.668062271745937, 0.67320161850792, 
0.662030171419874, 0.664304034197494, 0.66045489215337, 0.655742742697873, 
0.665973094361436, 0.653306573923907, 0.659868920613414, 0.659484915946702, 
0.666771937884904, 0.660108574465225, 0.667293403002913, 0.661510677932428, 
0.658996114439655, 0.635345011814066, 0.672631145325148, 0.659057611064311, 
0.670264758121309, 0.662863613510595, 0.655378366858366, 0.664072101760359, 
0.662077609851607, 0.653466563011333, 0.676789835147378, 0.661317577091865, 
0.666824912232223, 0.666562613235984, 0.648081427833398, 0.657408706433752, 
0.65688275938354, 0.648959544136755, 0.673616974043107, 0.66297085982859, 
0.670862087402349, 0.665644824473573, 0.650532342501479, 0.658124499772658, 
0.659021411142564, 0.666315373987716, 0.667087144826563, 0.651109079903186, 
0.657587581206012, 0.659382945566517, 0.673688746597065, 0.670431556582406, 
0.661498535133296, 0.664349578651128, 0.654592610379403, 0.673771220572366, 
0.657847795089493, 0.65951613656521, 0.660074318475397, 0.673638426019498, 
0.656413421675454, 0.654525427621906, 0.658015430188491, 0.653891996192943, 
0.661929802083504, 0.665603553645253, 0.65960314128012, 0.65744981698498, 
0.669105611389837, 0.65540957409599, 0.675851582178006, 0.670996477111519, 
0.656370105794398, 0.660726682408246, 0.669665102087102, 0.675817711843325, 
0.657967858489016, 0.664852651980389, 0.663719647620597, 0.659083318359494, 
0.649912199178604, 0.63965831074724, 0.658464657480346, 0.663758987169961, 
0.659857987730103, 0.657300019061858, 0.67034049597766, 0.669816414165862, 
0.668204495192639, 0.660532370221263, 0.659438170211334, 0.638723964887029, 
0.664362139965833, 0.642694857542548, 0.655722964728746, 0.667675236077359, 
0.65294636685731, 0.652551607963731, 0.664474547829073, 0.654275837713089, 
0.662889309916303, 0.664847562293488, 0.668659474528581, 0.646550031883238, 
0.659376280880959, 0.661899075443212, 0.655510834025094, 0.661142750035385, 
0.662851615252929, 0.649776799683371, 0.656920500518839, 0.666754077093444, 
0.660413986585992, 0.663036924004632, 0.659413502550573, 0.662672694892568, 
0.654075513042063, 0.659233260367406, 0.667075564018606, 0.661374566323024, 
0.658464840329171, 0.660789962244006, 0.660621911649067, 0.653610736883622, 
0.660161931870174, 0.657433416675015, 0.667502408990721, 0.65058028796804, 
0.648078355502927, 0.660655929417765, 0.651099110155222, 0.664019432278586, 
0.657672289738258, 0.663664564793698, 0.669151075916706, 0.658383730075259, 
0.641324190545851, 0.667232396454069, 0.66393825304198, 0.66593823711956, 
0.654532308992233, 0.655812029399527, 0.660826656522317, 0.657418537599975, 
0.660369859343647, 0.65859401897212, 0.655860144547446, 0.660903586132154, 
0.65774034144624, 0.65908012321119, 0.669243509922848, 0.661312367742056, 
0.657247982487194, 0.666181689277549, 0.671552651323647, 0.640022397620978, 
0.66151283700727, 0.644032544842504, 0.657948143453502, 0.646841311837699, 
0.656918992337098, 0.659227762404632, 0.655436169300343, 0.663337912360353, 
0.660810303195071, 0.651349383282233, 0.669838107417732, 0.66524329735234, 
0.662501820893696, 0.668738166310592, 0.665589999853963, 0.662688115116341, 
0.665917082682567, 0.666372079687198, 0.655181693522583, 0.661887814966605, 
0.662797309609563, 0.666394124809606, 0.653442535345654, 0.651410666510418, 
0.666593926126103, 0.655084706407258, 0.66200589498558, 0.659597466164278, 
0.655985796007534, 0.651542384220904, 0.67232394485929, 0.655480536052765, 
0.629766213487079, 0.658410970564867, 0.657320452492913, 0.66336972558345, 
0.658452890421337, 0.645663926568652, 0.658062541944794, 0.654049401316165, 
0.646158063192646, 0.667037598066305, 0.651071972875663, 0.656814640982495, 
0.662335899825808, 0.668627214097226, 0.663280045620214, 0.649633596831397, 
0.665914842745811, 0.658853764926888, 0.661283521944388, 0.667337499489038, 
0.656510676759774, 0.656425738899327, 0.662762788847134, 0.671249454958685, 
0.669776102714766, 0.670972184605911, 0.665806069953152, 0.667514421453549, 
0.660073803870349, 0.664272957592466, 0.63977455149805, 0.662558617970382, 
0.661323534987102, 0.660512007384411, 0.663327793609515, 0.664354109576823, 
0.671169229828105, 0.650371173803652, 0.65291043698305, 0.661039684382493, 
0.669134335417311, 0.638456556439101, 0.653726574828914, 0.663954603005414, 
0.648538767307786, 0.650685081929796, 0.656799202055419, 0.64972960007631, 
0.656052970982571, 0.66565940234463, 0.663691636918848, 0.651465481866806, 
0.674933565582972, 0.668868892901549, 0.661557503313464, 0.644995284907157, 
0.647853536617857, 0.66126828789216, 0.663932632370991, 0.677398416783896, 
0.649315319724121, 0.662654046336471, 0.660121539828046, 0.668495449940425, 
0.669535620286155, 0.651368678789897, 0.655669857653897, 0.651300344300022, 
0.656111880811691, 0.640317736045191, 0.656345772607291, 0.638251070629437, 
0.656177294241658, 0.658269588792366, 0.657173377632602, 0.669744923317237, 
0.656191457287731, 0.671360809378484, 0.644883227597022, 0.6697085497051, 
0.649920748502187, 0.666315727164832, 0.654777112870409, 0.659677012879248, 
0.658944761697032, 0.653181583959607, 0.665939643489325, 0.662735381931893, 
0.650905193758614, 0.666947075123213, 0.673723282145023, 0.658665687779294, 
0.661487159587295, 0.653715266977275, 0.664337579146946, 0.65089751401889, 
0.654957679725804, 0.665972390040228, 0.657962374508142, 0.661323801827952, 
0.666222599131975, 0.664337843740211, 0.644820054032487, 0.658223384295831, 
0.654569195630039, 0.644785782343668, 0.657629949453293, 0.657350637700483, 
0.651435365117139, 0.653645644485279, 0.64928109452364, 0.661883149865306, 
0.662607343434008, 0.654559412908278, 0.650125412318066, 0.674647601232648, 
0.667763162440112, 0.659403294750748, 0.661746791717365, 0.668258713627992, 
0.66022631624873, 0.671183943072433, 0.668275576440535, 0.654094997333751, 
0.664243863465239, 0.669211573575674, 0.653019248830058, 0.645548082428012, 
0.668402471936039, 0.667833828570247, 0.66946122474811, 0.671466422718764, 
0.664995957436263, 0.673111727435237, 0.658183923791328, 0.670197075682522, 
0.658554525370707, 0.652355876576432, 0.66175114913822, 0.647647095622581, 
0.668171393410232, 0.67095352071443, 0.652278763704658, 0.672462283215659, 
0.657170931218734, 0.661761838419014, 0.66143824019858, 0.650631415868593, 
0.664789263075893, 0.664616621532262, 0.669176335297863, 0.678617443830282, 
0.655491362760829, 0.652183024384692, 0.665300765961711, 0.65990086033389, 
0.652893946012911, 0.66710347681556, 0.652921692289403, 0.647590663296908, 
0.658046341692874, 0.664097597399718, 0.662913772200167, 0.661552494902617, 
0.660910208434601, 0.654666935111669, 0.658001378458568, 0.657989530677864, 
0.662002220802871, 0.662354413643807, 0.648930678665959, 0.662618462600913, 
0.661738384486504, 0.663023976264818, 0.661657249335112, 0.662896690213799, 
0.665957228169271, 0.642182339091876, 0.663322712948478, 0.648324202415252, 
0.65909651380504, 0.658511901912859, 0.673620601090271, 0.657145942339749, 
0.66794885986659, 0.667725824037139, 0.658109192903872, 0.648761943939539, 
0.653539981992641, 0.642739245541503, 0.6693441914231, 0.661733554228351, 
0.6443464758166, 0.663369809111955, 0.649808193349037, 0.645487395305626, 
0.652816857839724, 0.647614333297755, 0.67048515940424, 0.663462082972802, 
0.644467220235173, 0.673655571448636, 0.668278519802761, 0.637917257094886, 
0.644909637340928, 0.651907325280915, 0.652141115523934, 0.666441275187107, 
0.655758957406016, 0.646851227225002, 0.647265869644012, 0.662578084083301, 
0.666827128457411, 0.665631111301923, 0.656675576644728, 0.649804500401325, 
0.664010347646493, 0.662894572489938, 0.667471152334857, 0.663416036570387, 
0.647522200537806, 0.666604208679046, 0.648299278854497, 0.637900137344966, 
0.666195812793428, 0.65388900750831, 0.658641172876266, 0.658973679132879, 
0.661948435572956, 0.661604771075899, 0.661778144148368, 0.66060071425406, 
0.675373877786778, 0.667044662614979, 0.659462769947224, 0.65433094148792, 
0.653605021126413, 0.66315713423111, 0.66497153661278, 0.654488167613181, 
0.66442989090941, 0.66087109965738, 0.669660283251762, 0.66583258609703, 
0.664210514683649, 0.667754528050658, 0.645231810049507, 0.660402582892392, 
0.668398178539809, 0.661467109987225, 0.6659791805272, 0.653485284260772, 
0.668355124241793, 0.648958205684044, 0.668380304561325, 0.668247186638549, 
0.669997656475116, 0.65876896870636, 0.65966659329769, 0.659739727090321, 
0.651240099306975, 0.669622655568081, 0.651463196674787, 0.631933024282379, 
0.666980086312623, 0.650758274569503, 0.650337793345665, 0.663256981439286, 
0.664167053846708, 0.652783873963826, 0.646338569255989, 0.651183430005586, 
0.664417161563416, 0.660360412582097, 0.664974688569635, 0.643520035574955, 
0.660121158370967, 0.656123202785556, 0.651273884735606, 0.655833889246804, 
0.644992613301185, 0.657330476558329, 0.662517114105909, 0.668062516839025, 
0.666618427111846, 0.660606550940642, 0.665217122412379, 0.650546133852441, 
0.65961063906412, 0.670327842844433, 0.673295969757736, 0.637050395930739, 
0.663380753562671, 0.664749551746398, 0.668619488723397, 0.659503448739458, 
0.653939614434324, 0.6507948631946, 0.667046378294113, 0.663208208131628, 
0.660907709719502, 0.659731567542423, 0.659784757679955, 0.658167710889234, 
0.654739170952419, 0.648212875814683, 0.657438035014811, 0.657726921398093, 
0.663981414703909, 0.668080843958002, 0.660848639190018, 0.646229976508535, 
0.651005399953052, 0.681247492541998, 0.654897782253757, 0.635121553240926, 
0.666233787443879, 0.657998284170016, 0.663420912084206, 0.659754870720053, 
0.660037543636026, 0.661546202164363, 0.659399937503758, 0.65114354448141, 
0.663989125471783, 0.658861164905919, 0.651576959982141, 0.67018646159621, 
0.648944416895896, 0.64908131653067, 0.665613725450394, 0.650826334121463, 
0.660636218536588, 0.655439183713013, 0.671770937255204, 0.672646111804396, 
0.651501980938887, 0.657265275348672, 0.666596327809548, 0.651999838568574, 
0.647712999092243, 0.666996219215871, 0.668410275938996, 0.675550910921946, 
0.659503067175995, 0.675031352741964, 0.660829861824884, 0.657614596112599, 
0.650106448115215, 0.654733042555297, 0.653433739984342, 0.659643359190179, 
0.661638963721357, 0.66642551075427, 0.651732764518652, 0.666646410705984, 
0.669510395550527, 0.662780976141651, 0.664056985473604, 0.661615560350008, 
0.661985943378333, 0.65202063289198, 0.666847213819849, 0.654497058820417, 
0.661171556917276, 0.666073008584766, 0.653002540491269, 0.66812785929115, 
0.652269328928956, 0.666295553119954, 0.661984494840013, 0.667489112716876, 
0.669246468107114, 0.650892184172282, 0.657364887049565, 0.64898655134788, 
0.666347164881472, 0.663142418326985, 0.668538947969254, 0.659174214630946, 
0.659012567587705, 0.645896831801916, 0.650567908826809, 0.669502523795441, 
0.672727968777988, 0.657493522877317, 0.652253111822407, 0.652880229547873, 
0.662000930947442, 0.664498756977401, 0.673798941180716, 0.656047905853308, 
0.659169498578269, 0.65893194902951, 0.670014384492854, 0.677650726467278, 
0.670615469311765, 0.665355756300269, 0.657975690372653, 0.654557105264841, 
0.664773335147401, 0.664115196272798, 0.672006134482559, 0.649716676247423, 
0.654587306947833, 0.668052576754998, 0.672916570853126, 0.653917425370285, 
0.657740666611884, 0.675844989641705, 0.65689736487794, 0.652057154852766, 
0.665369544224747, 0.646559862154302, 0.662787019102122, 0.663359149220042, 
0.668210375449521, 0.658108500838288, 0.666294079703945, 0.67165428899423, 
0.670143609455752, 0.660897599789796, 0.658575611754313, 0.654442478507506, 
0.664251189052904, 0.661053384271657, 0.642395335630174, 0.668267140380099, 
0.664619007994986, 0.646678716344124, 0.654518058631072, 0.662320642113186, 
0.645982136415599, 0.661899747428677, 0.674692193063547, 0.641452209503368, 
0.657722265957639, 0.664754266286248, 0.653027642350277, 0.655990903807518, 
0.657595627291464, 0.668706037291131, 0.651305284413871, 0.662693752803084, 
0.663554578495315, 0.675771293332896, 0.646771486703829, 0.642428076972759, 
0.664388030819543, 0.66239324731604, 0.663080702145029, 0.652264419839495, 
0.671556855899447, 0.648733562509603, 0.661505925714682, 0.651568490568263, 
0.655676321833266, 0.671370981617096, 0.655276896043902, 0.678254289106001, 
0.659044578651869, 0.658115761917886, 0.667038687156134, 0.662714392332511, 
0.639125785553363, 0.669320250378511, 0.658784869764787, 0.644848057862678, 
0.659866362155885, 0.659409704839099, 0.652100293820974, 0.652144601295992, 
0.66605188079989, 0.653117620674541, 0.660254932495659, 0.665162466894473, 
0.66121825738638, 0.674601055592184, 0.661517133326397, 0.651793514559519, 
0.669813561604856, 0.660925073700852, 0.673803262991878, 0.653445433060174, 
0.663460480703914, 0.659757031186414, 0.668587971214775, 0.661146521919629, 
0.656703483376411, 0.654848059359431, 0.666255997638211, 0.66382321866146, 
0.673545007020584, 0.659307615384671, 0.645727897669976, 0.65279343304269, 
0.661816852303295, 0.654877275351085, 0.652047329670729, 0.652525909956662, 
0.648953628701348, 0.650742617077318, 0.660030878531151, 0.661821005237124, 
0.660095530834066, 0.656079277178629, 0.662758010988005, 0.657917656180653, 
0.658213231808968, 0.665012842516166, 0.646431913903053, 0.641655153063628, 
0.66524110203911, 0.653012198409316, 0.66212496021377, 0.659592546724368, 
0.646857004897681, 0.670354158732319, 0.667060993957929, 0.631660101965323, 
0.657082270986309, 0.659305255154931, 0.658846854322248, 0.658272155993137, 
0.662820572638999, 0.667642393403529, 0.64673105289049, 0.667006160735479, 
0.66105078497458, 0.653868787553586, 0.660551681507557, 0.665972454422251, 
0.657977061276653, 0.670116023304552, 0.663398525335737, 0.662748494326723, 
0.671697646859933, 0.655352674223868, 0.644831954241648, 0.646565246523111, 
0.666413197460266, 0.65122993242195, 0.668250955460842, 0.661602541264938, 
0.666702410801059, 0.660320228819524, 0.667064878524383, 0.671349651968014, 
0.660641663888406, 0.651261963180073, 0.668379874751899, 0.669225555577785, 
0.653283458371791, 0.659007930869032, 0.6633915768607, 0.661841899520674, 
0.666823418604509, 0.652156752209054, 0.652857785977544, 0.672880855389537, 
0.654714863644231, 0.652398684108913, 0.65700168760285, 0.655047494484647, 
0.653129586078053, 0.665588948737368, 0.668317586092657, 0.66368336075121, 
0.661453034135922, 0.638587095630213, 0.660211970996246, 0.660813823473305, 
0.656062190453656, 0.659166606526498, 0.661800062936024, 0.644531280110989, 
0.671684870423003, 0.663002300350213, 0.673695276606151, 0.660277624025172, 
0.651841668596492, 0.658450385048788, 0.659114766551066, 0.661390680891554, 
0.656868668931722, 0.66971335238073, 0.65555348039193, 0.642306355972009, 
0.664613581219071, 0.651190760105316, 0.637936233556281, 0.658223482296756, 
0.662253442555189, 0.666814934462505, 0.66867618474623, 0.657131045180977, 
0.666444825740218, 0.640272375652924, 0.672948353344393, 0.657339917906539, 
0.651535697690821, 0.662028396169098, 0.65234859594557, 0.658232306905403, 
0.654182294264804, 0.654344541682677, 0.672244309382046, 0.665949459409506, 
0.65136467040796, 0.668948825454708, 0.659869255422842, 0.653218338974035, 
0.673856309461557, 0.661189966032632, 0.671869254542217, 0.661018027679983, 
0.672246594633854, 0.649617190477759, 0.655622336609547, 0.661595686616101, 
0.66040373823397, 0.655117413912565, 0.662566402891701, 0.663619686039265, 
0.660266518085625, 0.678537800151151, 0.651081987535201, 0.657190030119807, 
0.663937422719011, 0.651465801295173, 0.667949179932426, 0.659125912282751, 
0.65283074456683, 0.657402644485993, 0.66700447105799, 0.648946120801185, 
0.649117378280042, 0.672731015562593, 0.659825300096725, 0.675223779860385, 
0.658705168443759, 0.67554094333904, 0.641437775382789, 0.667302085749824, 
0.662071642965103, 0.66842629427804, 0.670068891958432, 0.655038989645086, 
0.654099136938116, 0.673525621050103, 0.661821250677173, 0.668433657856513, 
0.66616780625028, 0.660484710512796, 0.656563430283352, 0.649982040919163, 
0.659900928893921, 0.661646413718119, 0.661123134736595, 0.666740494944378, 
0.665734438468225, 0.662029578118821, 0.658137599605447, 0.6811477777659, 
0.658472581055862, 0.651526597624699, 0.643749831315367, 0.659962912979345, 
0.668058623341969, 0.662223441691838, 0.665543027344792, 0.669054724933608, 
0.670131444837831, 0.662750559453347, 0.653228022806505, 0.652154283291642, 
0.666541757850832, 0.64470979863721, 0.670240523706201, 0.669255470005995, 
0.652905004107601, 0.665597022981498, 0.650068594769007, 0.674011105344844, 
0.662616345557339, 0.666124026381273, 0.650178909243884, 0.662002911502201, 
0.651582587731551, 0.65842031398079, 0.660814252086256, 0.657050435270895, 
0.652883867811412, 0.667125152490922, 0.656381087315452, 0.651766475557792, 
0.667882271152778, 0.67296702888694, 0.667275461167669, 0.664008452238917, 
0.661590848227504, 0.657686551828713, 0.65479536928231, 0.657608034691513, 
0.659972418930023, 0.657234675687249, 0.661246608616357, 0.66852857565062, 
0.650166120794891, 0.6501811107991, 0.664738185344587, 0.660122813462754, 
0.67140772344301, 0.658474470488255, 0.663995432394259, 0.66429148784574, 
0.67604071997523, 0.642293583651544, 0.676277925125195, 0.666535746652272, 
0.675988355909309, 0.665559378476196, 0.663160089396668, 0.660484160212586, 
0.65675214628991, 0.665727131582159, 0.665883572343574, 0.66203791761251, 
0.665458251123963, 0.669607320126461, 0.663555578995874, 0.666091199022322, 
0.661389781080464, 0.647658662520723, 0.663362026878896, 0.645712814994861, 
0.67210200750874, 0.659144160978323, 0.642629346821419, 0.66647630297844, 
0.652875747993979, 0.668569141680645, 0.653942014128377, 0.665056212687113, 
0.671962059597421, 0.66818844674099, 0.657953612562533, 0.654277455237163, 
0.649969606106751, 0.661572501652266, 0.664773211965032, 0.64154092560994, 
0.652043117486192, 0.658328059638327, 0.65989693967094, 0.658785349144463, 
0.670000257243951, 0.660651169487284, 0.65679555135208, 0.66871899128548, 
0.666085175893025, 0.66875363678904, 0.661763251732138, 0.663244315647555, 
0.647859424417235, 0.648550951857969, 0.655280453592565, 0.6664231130363, 
0.658790645336233, 0.647379445064168, 0.644530468216547, 0.655654300848612, 
0.646293234986517, 0.655399434912763, 0.656775159927775, 0.668642492357975, 
0.658216759190395, 0.653794657400846, 0.675425123477717, 0.663026139205754, 
0.669395142021222, 0.660943362166971, 0.662920698396113, 0.657441194105445, 
0.659690352589993, 0.656191361299446, 0.655539485019381, 0.654814175465728, 
0.649471640505532, 0.669940718506634, 0.6617323913288, 0.667378429677652, 
0.6516265685128, 0.661798890845608, 0.665004831717027, 0.657345481058986, 
0.665669053934156, 0.676414458192924, 0.663043919299163, 0.659014794421562, 
0.658760767685546, 0.666300700442797, 0.656362373379561, 0.651543437524316, 
0.66027992580877, 0.656540039795915, 0.661934052935201, 0.668081832792869, 
0.662058548370949, 0.658952163324118, 0.656306236012668, 0.678109156932337, 
0.646467281430929, 0.661387890019162, 0.661812312522616, 0.654210500655984, 
0.663018969700221, 0.6585551706245, 0.645192671511463, 0.667394808336907, 
0.656434752560875, 0.664289108560192, 0.666694591967991, 0.659246987825714, 
0.650044346997123, 0.656269017330798, 0.651947044852451, 0.672171020780165, 
0.646350312611363, 0.663756343426999, 0.679112888864853, 0.666199613051777, 
0.670260102906621, 0.645465620112006, 0.668549157883795, 0.65874747824296, 
0.655370594694049, 0.668506148203309, 0.657222530744049, 0.658348047837084, 
0.673879731693169, 0.671693154005282, 0.657775698453273, 0.663519920033101, 
0.65339772594774, 0.654939579902091, 0.657987511906169, 0.65429292506343, 
0.664595919523701, 0.668575141522097, 0.664073119215371, 0.660871944301594, 
0.650594900355956, 0.633474113451621, 0.643830117265317, 0.642904052074629, 
0.652002205666899, 0.665523814323585, 0.663023597555257, 0.665270602851933, 
0.65486126919888, 0.673757608910425, 0.656850350497866, 0.65515595087165, 
0.66411694070334, 0.65885201764419, 0.675256475874037, 0.655256904971971, 
0.663953950545492, 0.651052815899607, 0.663223773285515, 0.642464864504538, 
0.666616433281798, 0.667271914155944, 0.672678905575189, 0.656946549776502, 
0.662902919596569, 0.639909987001798, 0.656499387247494, 0.668072828084616, 
0.660424160756176, 0.670317779928865, 0.657063074273957, 0.671977391413911, 
0.658537449734753, 0.66002740940837, 0.662276676451634, 0.650561874497013, 
0.667710550204764, 0.672363231536, 0.664672645973217, 0.653043424324506, 
0.649139270352336, 0.65920765172969, 0.660964435150698, 0.644355643580627, 
0.656121582655354, 0.675573637162947, 0.673222407448581, 0.66361607839425, 
0.668595801798322, 0.663348720397381, 0.662621482162923, 0.654521251087966, 
0.674387026825031, 0.660944148237309, 0.67929182661549, 0.66057181792462, 
0.666735218707167, 0.6666059094629, 0.654495443715506, 0.665329557944926, 
0.654774267675931, 0.656413412258687, 0.656624266929359, 0.665460632827762, 
0.654127078122916, 0.670975035563607, 0.652950554709231, 0.659657043844098, 
0.661369122317729, 0.648442495217686, 0.66155736810994, 0.666079608084366, 
0.655689788613711, 0.671531484403395, 0.658843544748119, 0.669434621350754, 
0.650843923247274, 0.665547539306947, 0.664726951726495, 0.661273913487763, 
0.649586164615445, 0.655933261726631, 0.663159993872772, 0.658030649991592, 
0.665306292412004, 0.670625718143934, 0.66364840264158, 0.663735018427132, 
0.671930682212633, 0.65464905095387, 0.647805292444208, 0.662611988745842, 
0.664650339013442, 0.663440052982151, 0.649785833665567, 0.65261975732053, 
0.65758604778051, 0.662203942935527, 0.65861984888877, 0.662947724694827, 
0.674872205791152, 0.655815537229529, 0.663038920719443, 0.653855020035111, 
0.659981342527576, 0.662746690850251, 0.650951506935248, 0.665998955241074, 
0.647896539404145, 0.667162951606416, 0.659400369346658, 0.652464819912197, 
0.670518362840913, 0.655319124391366, 0.666914259836552, 0.663780773225114, 
0.669504403066269, 0.665556656832184, 0.647459800918519, 0.659762688487187, 
0.672045104125793, 0.667934951254785, 0.651418207590785, 0.655546453861996, 
0.645463423385081, 0.660255956620009, 0.663701338186498, 0.657648000493358, 
0.672555193002396, 0.661267103521438, 0.662203994943688, 0.677513522132806, 
0.652756343630736, 0.657207900029446, 0.661914637885052, 0.66475594737126, 
0.648831329373995, 0.654921288064517, 0.650726012779763, 0.666479308454956, 
0.643530763049662, 0.659247006448502, 0.652411989295391, 0.647219556515615, 
0.649958183216127, 0.666432577791338, 0.661746412163994, 0.645031531891621, 
0.66620361281221, 0.665789966369459, 0.657481702678781, 0.659164133664678, 
0.655762614714466, 0.642282394926316, 0.663866707418837, 0.64561184823185, 
0.658620892407342, 0.664088379578914, 0.679358799689878, 0.652743714696146, 
0.667956722505378, 0.666624165939996, 0.664333560173775, 0.664895579209901, 
0.658768214334062, 0.660126955937757, 0.655722483884404, 0.651590471780257, 
0.661228572167277, 0.639283787292537, 0.675555783038775, 0.671329412260628, 
0.662231248779141, 0.662588196465689, 0.654938816647839, 0.666621202885291, 
0.651760106893983, 0.666809897484127, 0.66085043725968, 0.663268197168962, 
0.639832367082421, 0.657183736116839, 0.648129247069323, 0.651651302158444, 
0.664662773774814, 0.659288287574056, 0.654524346639556, 0.669349083050943, 
0.66383661859169, 0.656464398830353, 0.656807784151894, 0.648235244582975, 
0.65778880226605, 0.653094639520957, 0.65563584337684, 0.659639500964108, 
0.650757350938877, 0.664794392600435, 0.656218314653612, 0.661485973023237, 
0.663740050643314, 0.665271935133024, 0.669759955909139, 0.660487902787365, 
0.670036265427798, 0.661089441562028, 0.651636126818506, 0.650416445472938, 
0.660860516799431, 0.673042471074303, 0.649988613290021, 0.666678081173544, 
0.659631470785566, 0.663373442776437, 0.655117903798236, 0.661301512733712, 
0.669467570759107, 0.655183034776539, 0.665843645236448, 0.657368472108757, 
0.658767500914025, 0.652373134141164, 0.672018180122706, 0.664963579674108, 
0.669433941441519, 0.645053532057781, 0.662560395015265, 0.655061221420678, 
0.648871584658332, 0.655210515381807, 0.656620039639057, 0.662035070339141, 
0.669544404715595, 0.649444191244173, 0.654702840948455, 0.633508747844918, 
0.656877562841649, 0.671714083765994, 0.659085665355223, 0.655233308127142, 
0.65808566456615, 0.64281042546598, 0.663357598100462, 0.653632906916335, 
0.654484227994317, 0.665243282409726, 0.642007051697959, 0.66235867103977, 
0.63637606354402, 0.651143292714289, 0.655958547152829, 0.654539183613226, 
0.665941766865498, 0.674244185907423, 0.660811264762105, 0.664336117493478, 
0.66136170976683, 0.648625441129651, 0.659139015780228, 0.654394643754349, 
0.670375741366113, 0.660525069705573, 0.665365935220098, 0.673287198737527, 
0.668445214789811, 0.643207983777609, 0.653851560665614, 0.652679939076131, 
0.661582762705882, 0.654224039909426, 0.662233694300812, 0.663537176253033, 
0.655012625983203, 0.66253340814092, 0.668429249914458, 0.66139457891321, 
0.667708216336825, 0.660817278879853, 0.659719716479441, 0.653786914362747, 
0.670694959683282, 0.658124630349991, 0.654105461853356, 0.66054884167298, 
0.652574561921401, 0.663915386256439, 0.674903430580465, 0.648101578090569, 
0.668558702568275, 0.669014538680013, 0.660257001651527, 0.667699111216903, 
0.640042178957015, 0.670111333553078, 0.669908476374718, 0.6546547208737, 
0.671833086961516, 0.671072717721681, 0.658743044439145, 0.652620765317042, 
0.652949452773, 0.666380594062001, 0.657807939258807, 0.662522031309633, 
0.667190632302141, 0.661645552368997, 0.658729844671424, 0.662637207821897, 
0.645523100384707, 0.661981567901742, 0.664443021579747, 0.665024187679167, 
0.665871956685832, 0.65512455963044, 0.661764248348498, 0.668574284919377, 
0.66065801545977, 0.67519460798571, 0.663136897454357, 0.660969212619255, 
0.665172095230125, 0.659686750258385, 0.650685702130732, 0.665719491220201, 
0.668181969152572, 0.651204089356812, 0.66525094848391, 0.657080341632862, 
0.654092042165845, 0.656842258305739, 0.65361447166639, 0.667438452922307, 
0.653975236315933, 0.669481800690163, 0.657250096447734, 0.67577274678398, 
0.67260881606612, 0.670892158736302, 0.669088251604983, 0.664571600270735, 
0.665648915430066, 0.667675700574535, 0.657873062655791, 0.667512120149462, 
0.652860991548828, 0.66456402260128, 0.659690561418509, 0.646791535589856, 
0.653065266524089, 0.655091252248194, 0.655907582937819, 0.647706835859148, 
0.66437475016063, 0.659282067307251, 0.665346940974941, 0.650810179573964, 
0.654093429197372, 0.66438359744965, 0.660982027494232, 0.651641157759825, 
0.658991133033113, 0.657814683704865, 0.660032381351373, 0.65748436031529, 
0.66959093524778, 0.661977394161351, 0.661055846607307, 0.669874246845184, 
0.665370482064486, 0.65847524197455, 0.662515533785612, 0.656717762293142, 
0.66627571950781, 0.66908314863931, 0.670552744133863, 0.667712547515151, 
0.653881728752627, 0.66710460156772, 0.659861188544182, 0.655057162321475, 
0.65341670395964, 0.66443879601474, 0.67094724731203, 0.669318356764418, 
0.677891393007475, 0.656378741703398, 0.669024401679732, 0.67171440215941, 
0.650929110632554, 0.670130804194868, 0.667930686965273, 0.667270117013052, 
0.654195134141733, 0.659652534763429, 0.660807727482153, 0.65624817989722, 
0.663326538057836, 0.66150409503856, 0.66168414257383, 0.664388856619845, 
0.663772626950541, 0.658516818401878, 0.653714828000845, 0.669748035599604, 
0.668414070989942, 0.656132090174851, 0.660441218692411, 0.664411275190781, 
0.641429026821269, 0.664703475354935, 0.661358446709158, 0.65346093762916, 
0.656257896517236, 0.663014579411579, 0.66795249074422, 0.658728187833713, 
0.62948902659254, 0.65906470131337, 0.660439235471714, 0.658273891841676, 
0.657916681840659, 0.656498745350781, 0.655489084340215, 0.657192512628406, 
0.658316823465353, 0.658961250650853, 0.654304049410878, 0.653761603393236, 
0.6548395964554, 0.666355421600136, 0.661755411456105, 0.657154120605039, 
0.659372455210582, 0.664239479151846, 0.645080811672199, 0.678671703401558, 
0.643428962230752, 0.655825831432833, 0.641928175199765, 0.656990806656395, 
0.658787294182976, 0.652761756440044, 0.656745485488881, 0.658831984126685, 
0.660836178931784, 0.663737728730308, 0.659341707501183, 0.665523887548559, 
0.646738086324297, 0.650525393569454, 0.649804743680508, 0.644850701812382, 
0.660763050058217, 0.649519597936492, 0.644670778840674, 0.666636080849373, 
0.648964044400324, 0.661743027613508, 0.664919614069138, 0.655032514349002, 
0.65638648773123, 0.655847087472087, 0.674017325612589, 0.658850753167591, 
0.674130397220347, 0.660950277198827, 0.667421884620771, 0.672201178331051, 
0.653669074996587, 0.649829412983906, 0.672641375248051, 0.671979788662867, 
0.655465054767157, 0.66532891753502, 0.66643280560355, 0.664400888436601, 
0.651351515049759, 0.656059589529538, 0.655057837156962, 0.66390167178987, 
0.671344053814487, 0.647297770826502, 0.647148634736617, 0.665137121230603, 
0.666738564881445, 0.674245562585596, 0.657664641935437, 0.661357558857872, 
0.646236891887582, 0.650385912041204, 0.651211316590156, 0.64523287375461, 
0.652474126224169, 0.646604448177667, 0.670337972513303, 0.655629071657821, 
0.660065670341656, 0.647325345483469, 0.671763791228048, 0.668163073920687, 
0.6623353211239, 0.658658850642172, 0.661641071971024, 0.645390760584124, 
0.648596897832828, 0.669418073587157, 0.64623413073178, 0.647337630293021, 
0.657374157385545, 0.661155853099592, 0.655785482976734, 0.650431589634455, 
0.643825287795675, 0.665948602510114, 0.668081696666392, 0.668080353242071, 
0.669078567651118, 0.664286003781516, 0.669874227757662, 0.661415793541705, 
0.657379983224935, 0.654631303563557, 0.663286970423565, 0.643978977840336, 
0.659062117661183, 0.666405962785199, 0.658309146206479, 0.669578522625876, 
0.668957148765712, 0.661316917803991, 0.658599187462866, 0.653354404556684, 
0.654381100750075, 0.650562462227071, 0.664749080379576, 0.659915310220339, 
0.670625584163468, 0.66498213989246, 0.665731427752152, 0.662661192006822, 
0.647797602187539, 0.662323728483909, 0.669342959928141, 0.659196408893062, 
0.664267953673868, 0.657130414665911, 0.66283357021639, 0.662613345806419, 
0.658557922872533, 0.645713139494741, 0.651729673860473, 0.662227839350425, 
0.656989638677281, 0.673051537655862, 0.666360990157018, 0.658334714946328, 
0.667776902430451, 0.659348136641319, 0.6571408554336, 0.667376483566387, 
0.65142744433733, 0.665437727056022, 0.654524924362997, 0.660208301923307, 
0.663757782377694, 0.652803817641831, 0.658697769525656, 0.665476630592014, 
0.663254350780759, 0.6580717712413, 0.663089887492506, 0.670489420132223, 
0.656979436454755, 0.650659813581483, 0.665797643301222, 0.661313913702134, 
0.659221400526788, 0.650824329372632, 0.671532158663541, 0.655808971604605, 
0.666994840835905, 0.661601478937548, 0.660271294735222, 0.654695174376532, 
0.665332126434328, 0.657522902143713, 0.645218876015621, 0.656853322435728, 
0.658969220603597, 0.665456649498245, 0.6608093607056, 0.674685789100219, 
0.657089365276478, 0.665508063079205, 0.65754444510476, 0.657494505668035, 
0.666230950161612, 0.666315574947415, 0.662786699352751, 0.65331168254803, 
0.65392794670963, 0.664309094920543, 0.629845111661701, 0.646204561877131, 
0.667096042446778, 0.666329573761503, 0.661294175233167, 0.671732716660279, 
0.652233541444792, 0.653474218749431, 0.658900076825966, 0.656604092629786, 
0.650759647985275, 0.65187108367086, 0.656908195778565, 0.66759308689077, 
0.645937271736912, 0.64977941983924, 0.663705807780988, 0.645370520416122, 
0.648656369861544, 0.656138106349265, 0.662505398735506, 0.654355132495954, 
0.657626583651886, 0.667251956795864, 0.651415209335303, 0.653435863203855, 
0.667611557567397, 0.6582492908394, 0.65895064731403, 0.650550478763752, 
0.659567409222775, 0.65392537607684, 0.665747873653263, 0.658747628786148, 
0.65840581353058, 0.64163714325102, 0.675680054834689, 0.655716992892459, 
0.650623637787902, 0.64800646535792, 0.646436438481966, 0.647669241894367, 
0.664664054689611, 0.670010918028885, 0.665693620905001, 0.673326397010521, 
0.65069168287602, 0.65997171794029, 0.66974146091801, 0.65405060968791, 
0.657798777143859, 0.658842560322041, 0.674621722797004, 0.670158831515738, 
0.658152419105156, 0.666116575996609, 0.677919426982611, 0.654946673589606, 
0.663216457880997, 0.650029130897844, 0.656385727672386, 0.665053302043471, 
0.6606802138642, 0.664981660576506, 0.658696812708581, 0.655534835107191, 
0.659443412676928, 0.669140640000593, 0.660767097655726, 0.655952174581599, 
0.669780648131641, 0.665614372590058, 0.671027061232976, 0.656270468399473, 
0.666554108957929, 0.659301226427913, 0.654153265398636, 0.670454295983753, 
0.66173456241579, 0.670410489519905, 0.671960469906523, 0.659834597723684, 
0.65617456957585, 0.663356882287346, 0.659268830062834, 0.652399989425789, 
0.659391590249244, 0.660747979763645, 0.652678658877406, 0.660261883475296, 
0.650910055915853, 0.663852671737153, 0.654861813252362, 0.652931776925682, 
0.66348473983742, 0.653402665854954, 0.659264410035146, 0.665195274810298, 
0.675491990545963, 0.661098907786729, 0.658466542711754, 0.648782030800222, 
0.665963536866463, 0.665748589503902, 0.668195642280022, 0.661055738691483, 
0.666818427765024, 0.658775979108997, 0.664208150936946, 0.664117857347264, 
0.667769621622892, 0.646577614333638, 0.664888088166366, 0.655176022307028, 
0.661315909078049, 0.657647682448159, 0.665398334425959, 0.659648852445975, 
0.66122887577431, 0.654134064620588, 0.651677059066006, 0.661910222729607, 
0.662458522320938, 0.670980501810374, 0.656716104107859, 0.665723922214464, 
0.65928239319661, 0.673787222364785, 0.6682956928901, 0.662029539622985, 
0.660233621220164, 0.654679846211637, 0.666512162490994, 0.661805852000378, 
0.664596041327259, 0.654360577669981, 0.661691275773507, 0.66960216113065, 
0.653555713077253, 0.662049508908802, 0.663437404259617, 0.657996344942465, 
0.664759416454696, 0.657711510948049, 0.649697443576762, 0.672915628959198, 
0.664131477293046, 0.629178046970311, 0.661194166363496, 0.661754405614831, 
0.662572820416427, 0.663431838822377, 0.654401270048733, 0.672971838078993, 
0.659665021183744, 0.652544552355065, 0.662232031699925, 0.660369804833934, 
0.661963589466384, 0.671487542570153, 0.660791878340346, 0.663962992267231, 
0.645019363120044, 0.663578341503071, 0.67316846591541, 0.662832429774396, 
0.667993339998278, 0.666341147874342, 0.662653720778199, 0.658983357271469, 
0.650000920518165, 0.668774807352449, 0.653977463963781, 0.670359660833505, 
0.668450915142703, 0.661386933577428, 0.656231278216476, 0.640837242976383, 
0.661207858821225, 0.658544047704074, 0.665453042607957, 0.665320162045551, 
0.655045565755751, 0.644429309079484, 0.663102965826745, 0.662278005541566, 
0.665408107825391, 0.667839877662959, 0.659916155721308, 0.651134013496939, 
0.65994471636011, 0.663937359072267, 0.646923322344511, 0.664872107818304, 
0.664908783649376, 0.659215908933106, 0.661742400564575, 0.656197714669964, 
0.670772750934176, 0.65523323063572, 0.657579948605685, 0.65796351691352, 
0.658633838514787, 0.665261760824326, 0.65528048800984, 0.660437593884609, 
0.663629418262307, 0.660716079995183, 0.642181757592469, 0.647340603013865, 
0.645969289506037, 0.667332972917063, 0.646674409772334, 0.667051293737746, 
0.653885763577955, 0.668355743757634, 0.66285585482708, 0.656824169555284, 
0.666152760322645, 0.666540014321412, 0.668166879422195, 0.66865602048373, 
0.651346108207061, 0.646060132335231, 0.671361249089687, 0.656439449188527, 
0.667499482569738, 0.67084428902487, 0.648448074826751, 0.654218848711656, 
0.660562079692412, 0.664786474649646, 0.667800647977508, 0.668677363863907, 
0.661432741153812, 0.649664436436829, 0.654405319016288, 0.665031829180195, 
0.670071593656661, 0.651272417457647, 0.649114767214872, 0.655324153072831, 
0.658745268699579, 0.651395868525807, 0.656080337627396, 0.648086386671131, 
0.668316168402275, 0.664207712201039, 0.654667269910316, 0.653129798791059, 
0.646816386143522, 0.663432010897756, 0.650910978773842, 0.670067172697594, 
0.666619019323282, 0.660068786095198, 0.662031707068243, 0.643746867430966, 
0.628764837714314, 0.670339698122111, 0.649829236104307, 0.657000041138562, 
0.651169962110082, 0.654160980704006, 0.656638697105095, 0.652444612394488, 
0.657129845738256, 0.662655089765954, 0.672351620312901, 0.660035150907117, 
0.668845293606627, 0.661324168185321, 0.66933284738254, 0.660303254421705, 
0.663258394048237, 0.65346632519497, 0.667796936701916, 0.658954093754898, 
0.653713364544142, 0.649284352438189, 0.672725454708777, 0.653260534883982, 
0.654307788114975, 0.659562228097788, 0.654708766422464, 0.656457738653342, 
0.663076265344482, 0.662683908014654, 0.647800551458715, 0.665376686491368, 
0.668805975484717, 0.659913708768193, 0.663619182544819, 0.658837918471286, 
0.661369220789176, 0.660020187013029, 0.650530557704037, 0.650147307883182, 
0.676415000874166, 0.660045453147862, 0.664805039245005, 0.650492999832948, 
0.639772052011343, 0.651822283416341, 0.647899564967383, 0.658557281614385, 
0.654457278683216, 0.662788017651953, 0.657545557491137, 0.672586581015447, 
0.674493204461847, 0.653585414395973, 0.632829620269826, 0.654844089212085, 
0.654146453107981, 0.646571198910598, 0.656160826168376, 0.657975128062402, 
0.661366388354113, 0.650652193609081, 0.668999630560573, 0.652194486716899, 
0.660541838302712, 0.653763033043274, 0.659341800457606, 0.64353258977134, 
0.652686257630094, 0.655289236896242, 0.666114826981743, 0.651361309711645, 
0.658420547197997, 0.668674474996757, 0.666522879271694, 0.667757669426047, 
0.658469912706858, 0.666395707601891, 0.660735411531623, 0.659934140477887, 
0.657605049261906, 0.659668795465988, 0.652087600597681, 0.66581512243425, 
0.652735813642399, 0.653390340735142, 0.668320955038813, 0.668717169144853, 
0.668812559564372, 0.650293863599596, 0.668407754189999, 0.654615274213159, 
0.655614763839098, 0.660676072033973, 0.667049175642496, 0.662402376039139, 
0.66609023648577, 0.661435932127125, 0.658955746029623, 0.649784522871388, 
0.665349915313171, 0.661015219189701, 0.664265330301513, 0.651749820850227, 
0.664218494948682, 0.656497200012398, 0.662169247094945, 0.659186789519596, 
0.658150902483714, 0.675572942517375, 0.669909194113367, 0.668154394342773, 
0.659184235564046, 0.654526892380209, 0.662628563777078, 0.668224738259748, 
0.650357887589306, 0.646512232309454, 0.663028175882965, 0.63214932192276, 
0.655657381826283, 0.664971264392303, 0.649805555710152, 0.659352273849053, 
0.656567224658672, 0.660048577383135, 0.657984905560595, 0.658932496496577, 
0.667662247109835, 0.664129589206133, 0.654908446060727, 0.66138019029965, 
0.662839252548828, 0.668842539806784, 0.659558121455027, 0.673405616355654, 
0.647710210847441, 0.657931904457188, 0.656234007538507, 0.67349796176623, 
0.659330399179707, 0.664550891573608, 0.667707156735562, 0.664900562647616, 
0.668855043240796, 0.640819580856367, 0.649769981444656, 0.654575734017436, 
0.649060753522543, 0.669987720531463, 0.659709819607301, 0.662747889656008, 
0.675784234534568, 0.66882161212429, 0.655041260027138, 0.652952505208619, 
0.654229475320478, 0.672658180560521, 0.642783929061749, 0.65473398298373, 
0.658746500475692, 0.663293240705434, 0.672202528737625, 0.665514416034877, 
0.669894660105111, 0.659511060490095, 0.655426413841897, 0.664210880428028, 
0.668788530776712, 0.656993774140575, 0.660608995173335, 0.648229105738912, 
0.653085044843339, 0.665330608264799, 0.657016128486024, 0.651143365340599, 
0.680962497613059, 0.657668910378242, 0.660274235529619, 0.666454643468935, 
0.657300076877337, 0.669105856808469, 0.679386702053162, 0.655583556537167, 
0.661197839406755, 0.647225110708878, 0.6571454912071, 0.655656471667265, 
0.666814952184778, 0.655549599215868, 0.658598012049003, 0.667112024471703, 
0.651423800567598, 0.661344880839236, 0.66717495896014, 0.664835313247478, 
0.658394136073547, 0.659359525017066, 0.65979387489948, 0.659205161965224, 
0.670885458474631, 0.641565218359425, 0.671392091296858, 0.674875064222165, 
0.648111517660809, 0.648553849740104, 0.656362016697871, 0.667452934111078, 
0.661925055328666, 0.663666957930621, 0.672851366440835, 0.647397145568674, 
0.634632486012124, 0.6519606282696, 0.66157240853871, 0.661671178586853, 
0.644567160986333, 0.655631184320428, 0.667797318794318, 0.663539933332672, 
0.661347718543483, 0.652321958886256, 0.664957188191963, 0.648995181202849, 
0.661032181203273, 0.642071414433768, 0.65456959408375, 0.648871450754056, 
0.659393694430193, 0.655485349155506, 0.657534334752309, 0.656583602651772, 
0.659356988202844, 0.651341692564068, 0.663378837987169, 0.659453415372589, 
0.660879240002801, 0.667350005034871, 0.667735621139622, 0.660092215822372, 
0.666266983889464, 0.677348486019733, 0.65437952371336, 0.654065738054495, 
0.644384627606492, 0.653978094474642, 0.663911777116451, 0.664385098067968, 
0.680044628297726, 0.660975244765292, 0.653245950012803, 0.657307171981756, 
0.670388280261417, 0.654695347164019, 0.666393360408481, 0.637989105468081, 
0.662255952005402, 0.645641197493982, 0.662644089423359, 0.670709959061503, 
0.66958128733799, 0.65974075915562, 0.660404208001888, 0.662641093029775, 
0.662735943222879, 0.658086875771304, 0.667974996300215, 0.649425867550468, 
0.659556935814064, 0.663198292178731, 0.668118259300681, 0.658774597823234, 
0.672693218361605, 0.65851155607472, 0.644790137469365, 0.669352438124802, 
0.65364393307412, 0.653587132246124, 0.660358195096465, 0.656957034292025, 
0.644945070289207, 0.676153118140793, 0.662545848909634, 0.647256912290782, 
0.669246582220601, 0.65817556704141, 0.67378439826036, 0.656823726862859, 
0.654013178352048, 0.654048855230606, 0.651545403943825, 0.670134202186999, 
0.655545578763164, 0.660597309594894, 0.65572121626265, 0.648197495150058, 
0.663105011033869, 0.657344952090708, 0.654355296908577, 0.651271109546847, 
0.655002047741058, 0.661005464551021, 0.634359487877974, 0.673166897280152, 
0.665021537815565, 0.656713303799054, 0.666274049245057, 0.681235113012791, 
0.649408176745838, 0.663146921747371, 0.669746094988895, 0.64845160191429, 
0.650406603009449, 0.667612452591287, 0.654093724427483, 0.656800256115881, 
0.665557427286773, 0.643981295758945, 0.66834356439176, 0.653665703336446, 
0.6697005409147, 0.656082273080758, 0.65867182224967, 0.660631045564974, 
0.638911956612141, 0.660813633915558, 0.668979634861695, 0.647785191400803, 
0.656925980751185, 0.655429967615187, 0.651112464606575, 0.665896364858166, 
0.655660506869617, 0.654077757090876, 0.667011331795575, 0.660859860663691, 
0.658577455517743, 0.649464104087606, 0.653323026248127, 0.665800045272029, 
0.661503693249731, 0.646255745685986, 0.660000691281336, 0.647781344092589, 
0.652064764341488, 0.671068639118814, 0.656312103154307, 0.667834859766265, 
0.65890262638174, 0.650103706464274, 0.662770620291752, 0.671112731811858, 
0.66565795114993, 0.660304630825711, 0.67135781492582, 0.652090273240582, 
0.659296355512135, 0.654766011805184, 0.664818426327302, 0.664076712167067, 
0.668012280930446, 0.667973786781684, 0.654492299768813, 0.665119701993032, 
0.665739531831667, 0.656755347479374, 0.65473115465917, 0.652793834743601, 
0.657862836796129, 0.65457351265523, 0.659349083424843, 0.664194834448576, 
0.660034106932989, 0.670603600779986, 0.677274119163192, 0.660421413060534, 
0.6630580456383, 0.654437889810217, 0.676653500788979, 0.650604256582351, 
0.66352210324722, 0.663182735095306, 0.668814093665564, 0.670276336881511, 
0.665712112141889, 0.661329021583172, 0.654482719532668, 0.664669678565042, 
0.656960270834635, 0.652875425235792, 0.65741998930977, 0.649410354500051, 
0.658465874531752, 0.650435566566558, 0.653604632506637, 0.666393190192001, 
0.650887213401928, 0.65403723204312, 0.64883726524145, 0.665002691628606, 
0.669242368565628, 0.663625196821027, 0.667598392305102, 0.668624397764855, 
0.663937349314585, 0.666947983440706, 0.663064837142135, 0.654864411303163, 
0.66365222722106, 0.655129976700865, 0.649282986329779, 0.66594883842536, 
0.680435876017207, 0.675919276574831, 0.666071348482859, 0.656191107311946, 
0.646523578196165, 0.653744509109978, 0.668147370981845, 0.657752159939697, 
0.666193055834672, 0.663971096901903, 0.652433549742863, 0.668795324970535, 
0.658480715538935, 0.657998871408592, 0.661357901535325, 0.66973720664265, 
0.668959406970564, 0.661507773403384, 0.655975166483618, 0.642842760971146, 
0.649061464733196, 0.670576584439566, 0.654281565462871, 0.665433209980218, 
0.65962208980759, 0.668056044701024, 0.662242643450128, 0.661767315582758, 
0.671190863022978, 0.656417046900851, 0.635731553929243, 0.677215553420789, 
0.647507500978202, 0.658294641921606, 0.676091334521154, 0.655804749369307, 
0.671951571112828, 0.673982050517474, 0.667490673173575, 0.657406249736388, 
0.668665189769031, 0.650485015344383, 0.659603666979093, 0.660951077028633, 
0.652883190529738, 0.662844999152786, 0.663981040506099, 0.666205929274509, 
0.658529540221292, 0.659311292432828, 0.664697774984489, 0.647541533999561, 
0.667286688632853, 0.6630667068928, 0.655982195134797, 0.660131576810708, 
0.661007885190194, 0.665441869334464, 0.655835803139557, 0.664718771686639, 
0.665017307275864, 0.659753528075424, 0.651422454281243, 0.652645377097237, 
0.648677079448048, 0.668563352982815, 0.669977498821834, 0.661552913635253, 
0.644805873869681, 0.668055094456568, 0.655978604762426, 0.659267078457707, 
0.667398294830075, 0.656546615395957, 0.663518017981759, 0.657333560910465, 
0.661669024824285, 0.660588680385471, 0.667860194568844, 0.6708215873712, 
0.65588070119113, 0.657658324639706, 0.662546563319339, 0.648161697958004, 
0.657816368205011, 0.661938227790927, 0.658256498937431, 0.670125690697132, 
0.6669422594875, 0.656649532551619, 0.658983915063692, 0.654699658485924, 
0.666586824821264, 0.668296935432812, 0.681060950434588, 0.669066084534549, 
0.668221783238949, 0.652175256444083, 0.667028468982818, 0.665378068197365, 
0.667571032292094, 0.659801595909795, 0.650320149858837, 0.677961473776099, 
0.664149013570576, 0.6508398530774, 0.660943016522318, 0.656526531220438, 
0.664793220424889, 0.66814063377901, 0.64887294521491, 0.660347855972856, 
0.650437784718083, 0.670759676077744, 0.676530444397114, 0.662593665648632, 
0.638584922750181, 0.66831883290926, 0.66998996323789, 0.665178379795494, 
0.663035172706314, 0.658275606591305, 0.657261224991474, 0.669750827473917, 
0.663928634800212, 0.658971411631181, 0.669446986371908, 0.665498220464402, 
0.666726699090476, 0.658655778271933, 0.658870085287274, 0.674216819288978, 
0.666129069655378, 0.668212232288614, 0.658142482917601, 0.658267975247673, 
0.66044592619957, 0.659474051383677, 0.674685795522364, 0.663250665123867, 
0.661054444222137, 0.65335981810456, 0.650572592465294, 0.675037346061573, 
0.66900238396751, 0.65871570247494, 0.663153948211931, 0.664879504251474, 
0.66749758663807, 0.657881860691531, 0.673612367064511, 0.66976569680344, 
0.663545914268007, 0.656185130462709, 0.660645037705743, 0.65141537886203, 
0.665380100291319, 0.666797875347804, 0.659620611709891, 0.666703087101658, 
0.666880456019366, 0.667019647374536, 0.649671229182347, 0.654471826376776, 
0.660256770775759, 0.682723569440928, 0.638052786189631, 0.676338239884389, 
0.658542400038904, 0.664001587024312, 0.669826997830506, 0.655134451670677, 
0.652273745885694, 0.651928458375795, 0.652496263296126, 0.652632360607608, 
0.656743431257877, 0.661089514959174, 0.669783257753844, 0.657722804849541, 
0.657110650207597, 0.656153426269439, 0.673828506797841, 0.653340684334304, 
0.669277461828804, 0.651805370946302, 0.652664631999024, 0.647294788160747, 
0.653924221075099, 0.65963498818971, 0.660825981623913, 0.657638493836022, 
0.665647680751674, 0.668920921403036, 0.671199585106714, 0.649926965439909, 
0.660978251276409, 0.667351190422512, 0.654468431751535, 0.646381281706586, 
0.659362522714733, 0.66385912953347, 0.66172904418048, 0.65591575561236, 
0.660544294632584, 0.658804586137346, 0.646030110797684, 0.666737659607767, 
0.665549206129642, 0.668421725628987, 0.643538421200731, 0.661125050243016, 
0.663574741731818, 0.642716222617076, 0.645129850657084, 0.67312001671052, 
0.664280370717117, 0.65978020891883, 0.667877533138398, 0.666480225736139, 
0.665451807951038, 0.651423179979664, 0.674415509018482, 0.670968469216054, 
0.655972189894142, 0.666316517936082, 0.666300266216044, 0.650134024460476, 
0.656395345836712, 0.657852294412255, 0.665127209719981, 0.663373083490241, 
0.659586833840443, 0.664263692905246, 0.657921713975288, 0.661981714792695, 
0.658175096335733, 0.66337925649454, 0.656367209479963, 0.664449562469449, 
0.652832505036061, 0.648183350624704, 0.662948340817354, 0.656408460942516, 
0.651882521796576, 0.657020921980007, 0.669233271205606, 0.655165958042398, 
0.640321986900779, 0.663567390294161, 0.658227300290949, 0.665867854265719, 
0.653786111537435, 0.653918122163599, 0.657619685195828, 0.654303973594248, 
0.670517090528481, 0.668744645479468, 0.660953266047428, 0.660046220039032, 
0.651731264446828, 0.661145919355552, 0.666329910304753, 0.656304665783581, 
0.661901479832025, 0.663247199369727, 0.664754909352574, 0.669146004277029, 
0.649673737584659, 0.650706129528153, 0.664275029086439, 0.661677382300169, 
0.674486180001199, 0.639564944693682, 0.662478331407516, 0.650354233742118, 
0.66091626315884, 0.658595944474125, 0.634100215845687, 0.647183002469892, 
0.644610935681428, 0.648896148295741, 0.663194564549767, 0.660110868034168, 
0.650912974789762, 0.658072164795591, 0.641652887928177, 0.650336315799272, 
0.651846537737325, 0.678805371770233, 0.652970898153363, 0.668364440312754, 
0.656284581090892, 0.643108616787348, 0.653388793482955, 0.665086345254933, 
0.655511961481422, 0.658486810372875, 0.65813137403221, 0.670255832745541, 
0.662667367038375, 0.654364548507529, 0.672797413301715, 0.667096780475874, 
0.658604951940006, 0.663025684122296, 0.652963070572175, 0.658158731971529, 
0.659688174803526, 0.665984112661466, 0.653123852534398, 0.670116246255934, 
0.674956120250944, 0.661847961017113, 0.658525543799186, 0.654208413911136, 
0.661032101073016, 0.66493881977765, 0.657923208030318, 0.652306653939325, 
0.659232750026434, 0.656235828958324, 0.665523606173814, 0.663761196719449, 
0.656620674579786, 0.660214850576701, 0.656173990302188, 0.663946063144165, 
0.663151862456784, 0.66182597659357, 0.665707059446182, 0.671128898232443, 
0.665731479787554, 0.665595419426907, 0.648071901197064, 0.661613020324935, 
0.673132974807935, 0.670982570350106, 0.653010304012831, 0.665783026525717, 
0.65268477421359, 0.657043654505545, 0.640337510949437, 0.659832368349956, 
0.670832559827542, 0.65811544047071, 0.661270592484354, 0.641153480461184, 
0.672220934666859, 0.657263537249846, 0.674777777433123, 0.654846382320306, 
0.667374459283019, 0.667165813682867, 0.659273645883553, 0.664828492155583, 
0.663920780864545, 0.666352376855736, 0.649333074344873, 0.659430765531749, 
0.647444180905223, 0.650090812824171, 0.662163093522637, 0.655396113001968, 
0.655742495193576, 0.664050927568445, 0.649820873421053, 0.671140265499745, 
0.652774819295281, 0.669924977135215, 0.658198686660301, 0.654669754162312, 
0.654121134515281, 0.661182672602758, 0.646807143783373, 0.658730290380263, 
0.671313264552482, 0.658840865626485, 0.648769062832184, 0.65263532591916, 
0.649939783564893, 0.664773878716173, 0.650024378093065, 0.663354754034177, 
0.669451166768492, 0.663772114293692, 0.648831160095777, 0.658272797725984, 
0.653829690960303, 0.661643951035645, 0.66166941466818, 0.658960316902404, 
0.658456574046825, 0.659801974491079, 0.665586042270797, 0.663297036250583, 
0.654457559490152, 0.65303502713077, 0.667946175355946, 0.660851143400384, 
0.645552596365715, 0.656881315147878, 0.673275097418616, 0.647761153940267, 
0.65618237961778, 0.664393710694933, 0.660079828884563, 0.656530171366116, 
0.637742684140318, 0.657640143981631, 0.659503403506849, 0.653174942557511, 
0.66085154490114, 0.668927026254757, 0.65884783325208, 0.656378323318703, 
0.64094257723373, 0.650787678247722, 0.655621219810812, 0.665009497136798, 
0.665280635820649, 0.660411509195581, 0.673024369238944, 0.658145502106146, 
0.666871539764605, 0.661193559793496, 0.649455996218847, 0.661414797654038, 
0.637168459569897, 0.664128412074537, 0.664450309231172, 0.660692823638759, 
0.667641881098452, 0.653483270456031, 0.651039381983806, 0.654574524847505, 
0.675546218204969, 0.660876003055031, 0.662654828892785, 0.665011157451764, 
0.655598321772811, 0.65777500408955, 0.657784465679604, 0.666154873036948, 
0.655498157445685, 0.66938970490005, 0.647520473145514, 0.657634658606619, 
0.662409781808785, 0.667740588397674, 0.664574337452612, 0.653805200578829, 
0.650253533209152, 0.652746911230627, 0.666864684971093, 0.662792118761814, 
0.655187192025797, 0.6681275258247, 0.659451993142595, 0.659992422839561, 
0.646069364354681, 0.6740340299178, 0.667473326701719, 0.657210195345626, 
0.650707001347631, 0.662537969301319, 0.656159639943331, 0.660665468897047, 
0.650141464105833, 0.657292072038022, 0.666604147950956, 0.664436508040458, 
0.66123549064918, 0.660013680346071, 0.671182595720521, 0.66897534748124, 
0.643040812650795, 0.672823555810184, 0.668423594766363, 0.666157074964767, 
0.651155552899251, 0.646115563174672, 0.669601175308501, 0.650197230765842, 
0.642902753479124, 0.669681565038772, 0.663070421390953, 0.663726295798581, 
0.650726767039291, 0.656591895053645, 0.64923401684547, 0.670889160806726, 
0.651693659923281, 0.668711074586122, 0.668335243447866, 0.668324025227357, 
0.644682381023704, 0.661265676629918, 0.666996252353782, 0.664876573454645, 
0.652598978374427, 0.659719176296054, 0.64587769019472, 0.663192008246861, 
0.663970003784338, 0.649022232716033, 0.662369644294292, 0.669070763932521, 
0.670779996204708, 0.648901891820315, 0.653482436620286, 0.654686155190887, 
0.648777494487033, 0.656484677582934, 0.653999693970693, 0.663000995605079, 
0.666899476545519, 0.661447882726815, 0.647838472349638, 0.665023882694843, 
0.666909591759508, 0.65035377967746, 0.666558395510547, 0.668647577521782, 
0.650805823644139, 0.65071059443588, 0.670075936575775, 0.661290955738158, 
0.672892712855239, 0.676055391008437, 0.652822253381506, 0.662262565917671, 
0.659550075883789, 0.660129081422143, 0.667582215784898, 0.660939032086952, 
0.661983098604329, 0.665817899546026, 0.659258383004147, 0.626468893682969, 
0.671105906237788, 0.657694375709649, 0.656162505283001, 0.660855749345405, 
0.655175909074451, 0.641792882661957, 0.662460185933915, 0.660805990370629, 
0.662011198220832, 0.671822924220956, 0.657879943001223, 0.671948520732475, 
0.661540803421776, 0.643123591254644, 0.653417805413897, 0.648535665726799, 
0.666194012290967, 0.665391404487648, 0.660330581136107, 0.663150865205319, 
0.659382115864797, 0.657628219135491, 0.664167390878666, 0.673520941498988, 
0.657236185013086, 0.661857534061585, 0.668959495506726, 0.65694156795369, 
0.66486796430881, 0.647700406571891, 0.662964400203596, 0.650502858014611, 
0.664133360436729, 0.662530965777476, 0.656350744914506, 0.667200902688177, 
0.653964586119651, 0.657867487808129, 0.660949102520018, 0.656919733463814, 
0.645014908892212, 0.658938145738596, 0.67793650797047, 0.661710593400367, 
0.672795475284732, 0.654980646686436, 0.659753578964581, 0.661377135256875, 
0.650948329601129, 0.65376796073242, 0.660856641860277, 0.665361547153, 
0.664322243507838, 0.666527469220079, 0.671463056182811, 0.669589195205521, 
0.660333144756741, 0.670850975461375, 0.66520912210426, 0.656772967230222, 
0.662408676097861, 0.657527865559364, 0.656685113848895, 0.662656175822846, 
0.662476973446576, 0.646836648833268, 0.660322944473551, 0.643887776756324, 
0.669798721638793, 0.660312177729825, 0.659817361719699, 0.666167812354215, 
0.655404281473882, 0.658721861229423, 0.65923242736978, 0.664932193963523, 
0.657962121303996, 0.656916058039087, 0.663974603372737, 0.666296579409819, 
0.648769259083485, 0.65811067867777), cat = structure(c(0.689367275019154, 
0.660020610650167, 0.00815837315907945, 3.59712209735438, 0), .Names = c("obs", 
"mu", "sd", "SES", "p.val"))), .Names = c("sim", "cat"))
