structure(list(sim = c(0.676074646394609, 0.685788963284728, 
0.672954433496122, 0.673749979773495, 0.674167930502063, 0.652896412699492, 
0.685773577236468, 0.67259257688546, 0.684378760091766, 0.668879334504817, 
0.681966598580076, 0.656315796869935, 0.665176685270012, 0.66685017121774, 
0.684327753923905, 0.666225380590367, 0.671656783387568, 0.677772884003182, 
0.682623858744664, 0.662033744309204, 0.674675497593831, 0.678908826241702, 
0.674277987342416, 0.676253027480108, 0.685920482673828, 0.647277711406143, 
0.674206467734749, 0.674274822399538, 0.673363889418487, 0.673924043673804, 
0.680110867548674, 0.670546191248015, 0.678876072993925, 0.669108558176569, 
0.662710194963878, 0.663823363114715, 0.674694367542262, 0.682399977109194, 
0.668857833375246, 0.656448485998402, 0.669299567295637, 0.679092142996777, 
0.688251685483202, 0.681117949865771, 0.67080401683298, 0.680986616297533, 
0.677920212200176, 0.668929960438219, 0.686341035737199, 0.677315891292592, 
0.674791129502102, 0.69052078676433, 0.679125056198098, 0.684326588707104, 
0.669222413443392, 0.670729693672825, 0.667459071897854, 0.681930666043267, 
0.668666566692752, 0.673662370899431, 0.680927990248063, 0.685945577002227, 
0.675696003057796, 0.65394410139383, 0.677081357201215, 0.671067256508308, 
0.675115736105906, 0.674394883533042, 0.673622527920991, 0.673578413593937, 
0.672175040345007, 0.665980383127732, 0.659639820945764, 0.674647314234254, 
0.663533247383551, 0.673976179754649, 0.695292624656291, 0.67393122826629, 
0.674825821017284, 0.663862211203208, 0.676550268283162, 0.684045327198863, 
0.690062880140468, 0.6649855392227, 0.672678126145922, 0.667035462127087, 
0.663565993564903, 0.657987832051267, 0.669694656509861, 0.680058525002863, 
0.673626073043377, 0.681362853267342, 0.680595912826275, 0.675024755941909, 
0.655281814310949, 0.676397624436976, 0.679542794331508, 0.670468903514038, 
0.656357228808684, 0.677220806454388, 0.647068706947586, 0.663074183148863, 
0.670782404720023, 0.670066870554616, 0.683736244467884, 0.676753562158792, 
0.657396844436062, 0.67004223634898, 0.677608875474743, 0.675029175728201, 
0.685352478164142, 0.682772754910773, 0.661872091599386, 0.677495891029193, 
0.661288556878309, 0.697414686836045, 0.665238148518682, 0.67245624441464, 
0.659825749346024, 0.66484165070975, 0.66916292583447, 0.678133040718231, 
0.67319787632973, 0.668152785685465, 0.672367553635249, 0.667624383828743, 
0.681365886975146, 0.65644221348678, 0.686712081718305, 0.681370263801253, 
0.686390949523739, 0.683544553111227, 0.678956359507624, 0.664163618494448, 
0.681042075126924, 0.685822295891006, 0.681575849209023, 0.659627622810888, 
0.677045089081397, 0.652566062216884, 0.664683093765909, 0.661260864876545, 
0.67242878186141, 0.68786132835566, 0.666319162967442, 0.660884808185527, 
0.678236893324321, 0.675371289892466, 0.674999104521662, 0.670988823272924, 
0.652500371204464, 0.673301670480754, 0.662534041982788, 0.682625196945786, 
0.683717050842393, 0.679926740792235, 0.664067143946942, 0.671527052217168, 
0.664102721109883, 0.669973670221648, 0.669881291082272, 0.679272897192447, 
0.675142195120455, 0.667125080114134, 0.676694831566742, 0.67509252568891, 
0.682283290465643, 0.682978692686936, 0.675966819229695, 0.672959033616203, 
0.673817321757655, 0.687344259490538, 0.665510308412796, 0.68858235805789, 
0.674974050947489, 0.67732697866979, 0.670937589072656, 0.665421681817656, 
0.665908889237234, 0.669995560390905, 0.670636111379522, 0.67082236236339, 
0.676100467036843, 0.67122477041966, 0.68065975440451, 0.673396784988899, 
0.672148447931459, 0.662063813545982, 0.689467829214709, 0.661485182846161, 
0.675600348292953, 0.673704547633249, 0.681621551160258, 0.672427993989911, 
0.670139517282495, 0.682302804829684, 0.674370522662268, 0.672150998626739, 
0.669151756837678, 0.670814567008117, 0.670383429012784, 0.673959916752515, 
0.673014303037308, 0.674643167510928, 0.664787628361921, 0.668729560141965, 
0.662137692899621, 0.672594724500046, 0.674750121613617, 0.68191978859042, 
0.667988349691747, 0.662601447336298, 0.673903805751637, 0.671592755580546, 
0.669894408473295, 0.682341576276396, 0.668338122814658, 0.671932627215994, 
0.684326400204173, 0.683186571065884, 0.672790433106909, 0.672821688595367, 
0.681689652647605, 0.661599505878657, 0.673524099997814, 0.684588495377169, 
0.658032170737928, 0.679332088046539, 0.664757754442044, 0.672250446263624, 
0.673102031519893, 0.677490720454678, 0.685933575665285, 0.670725278048887, 
0.681721646242535, 0.660077882260058, 0.682744236453783, 0.683809664876825, 
0.680670758349125, 0.681369522208205, 0.675525630464271, 0.673672578282558, 
0.675708831394508, 0.678639601175594, 0.685191538136854, 0.675453961812054, 
0.671560860014985, 0.668392197951625, 0.673439622872254, 0.685060112623858, 
0.682780155535347, 0.667356012024875, 0.658630401937878, 0.668552789071951, 
0.679354493933072, 0.662113399400733, 0.678825031591525, 0.675825016000209, 
0.680692514445123, 0.664766262170853, 0.667814573580144, 0.663139896769574, 
0.673884368727647, 0.674602486210785, 0.684224905740087, 0.678568079860216, 
0.673432158428672, 0.692972592401406, 0.670753329721738, 0.661249619300281, 
0.673357894882315, 0.672662427862807, 0.655172139812355, 0.682819831960992, 
0.666017861770333, 0.68618096293282, 0.682475964945301, 0.672663729817311, 
0.672427342722713, 0.672631619963924, 0.693238070492321, 0.671611519682491, 
0.67642383097496, 0.674112767752919, 0.677878409695799, 0.684176756042238, 
0.674999386764904, 0.686849826012501, 0.676320871604173, 0.665581637270123, 
0.669341233883856, 0.66256810704396, 0.68446346207092, 0.684568451681709, 
0.689893007857721, 0.675698947716265, 0.684751864801838, 0.670195274300854, 
0.670140857397607, 0.68806448140664, 0.675919837742765, 0.675653803627884, 
0.664745474671399, 0.673226889325789, 0.67475047997038, 0.672053318809094, 
0.677382281538737, 0.677718114338417, 0.683457897682732, 0.665906251358061, 
0.6556383852977, 0.677580903906012, 0.673519644727822, 0.686534557995522, 
0.684589505384011, 0.681035403107418, 0.681671301882702, 0.672041453922993, 
0.658109506795551, 0.665716802554654, 0.689614317289727, 0.668464601471153, 
0.677864666457533, 0.67130046180762, 0.66053946446895, 0.677505682530026, 
0.682531450425362, 0.6694982642037, 0.669753816542132, 0.659919417427223, 
0.683306371727569, 0.681241497185571, 0.670913788176333, 0.672980575507665, 
0.682338807617571, 0.681725164206209, 0.682381806434801, 0.679369461852016, 
0.679431019550682, 0.668935062232638, 0.680066972531253, 0.661022027680066, 
0.673724930804064, 0.684268649804262, 0.680703088900865, 0.68474617611162, 
0.687636976181746, 0.685745390334613, 0.684418284566125, 0.676957378419524, 
0.673173133546019, 0.677258794281116, 0.654277808670109, 0.678215804758546, 
0.665153772540326, 0.661959027955943, 0.675571961945048, 0.676189053164543, 
0.679812790131528, 0.677650982118449, 0.662483441086682, 0.674984252549293, 
0.67660165516396, 0.671308977435893, 0.669673909810916, 0.654682828586146, 
0.675526293659736, 0.657474494169514, 0.682513221123452, 0.677660824730007, 
0.676452197582975, 0.6767493664104, 0.678818765952947, 0.68495028419613, 
0.681680058079238, 0.66717310276338, 0.669666791219212, 0.682901571795228, 
0.671222668670601, 0.675375894102998, 0.675221876861565, 0.66057988191018, 
0.66417081159033, 0.66722189568889, 0.657550653472436, 0.679186710063201, 
0.668910982973182, 0.679241010798589, 0.665068400160928, 0.68064569212339, 
0.687022965713614, 0.671141260296013, 0.685734845415854, 0.666260983425426, 
0.674886336857973, 0.687352244342126, 0.669729204659373, 0.663340418306206, 
0.688734111127536, 0.670320905140039, 0.675370970816629, 0.675165068996538, 
0.674809330838343, 0.661907118778708, 0.665930534760158, 0.6674210217362, 
0.674715383164874, 0.682902316632623, 0.673515841883497, 0.668194233055628, 
0.684731781566297, 0.677905556927482, 0.674045544836547, 0.678931219383681, 
0.652732754801276, 0.649064238053304, 0.675638976973364, 0.679907075520765, 
0.670977024321231, 0.687080844807749, 0.67828494189309, 0.684418964496147, 
0.670181128437291, 0.66736414034292, 0.66658328128908, 0.676576841017664, 
0.674327413581366, 0.67767984255477, 0.677499203562345, 0.679750431334562, 
0.673392869438858, 0.674549810483641, 0.670050377834276, 0.678860657891238, 
0.670195218005968, 0.681209361875579, 0.684479829734144, 0.690479287790456, 
0.678004800899716, 0.683079883614312, 0.683248233785303, 0.673617896552452, 
0.667292269608267, 0.670980635612782, 0.682991801854021, 0.687961837674382, 
0.674751693819292, 0.672494172328912, 0.670617926396782, 0.677717985845059, 
0.674798813325962, 0.683102141478118, 0.669377784047699, 0.678740560353918, 
0.67215899841527, 0.669098647098392, 0.678228071117967, 0.692356660878491, 
0.671540388969208, 0.679568848987511, 0.67983995437764, 0.67610117360074, 
0.662029094966319, 0.668438943425372, 0.678876192409782, 0.662902909963808, 
0.656973952578115, 0.670902713209098, 0.674856995158369, 0.677308515480609, 
0.673263739086845, 0.663041333254915, 0.671406415282997, 0.672291765826661, 
0.670120235320442, 0.671008123498918, 0.677468367553795, 0.675262305894778, 
0.671280309112488, 0.674216668037458, 0.658715322012633, 0.684350537999129, 
0.679135344722135, 0.658076380746381, 0.669570277691347, 0.671233209795087, 
0.676390339523742, 0.683770854496266, 0.686979316811799, 0.678668086911492, 
0.675079532101957, 0.689920028397787, 0.67966926864977, 0.667588389216491, 
0.675327779655779, 0.671012198812742, 0.680627606535172, 0.678988152982282, 
0.670276320986631, 0.688795823391814, 0.667822922081269, 0.675122127690095, 
0.682846274729357, 0.682885310146192, 0.673720967015804, 0.673669888095697, 
0.670229288965243, 0.674762542858292, 0.67806650109932, 0.676146071715298, 
0.656626156203757, 0.678447371214261, 0.666173207671156, 0.67205286530449, 
0.678100589368337, 0.658701610153176, 0.677997580780867, 0.684589138831868, 
0.677902542722341, 0.681987374330207, 0.676322154308334, 0.665883564016371, 
0.681177202891824, 0.666363399544245, 0.677411067616734, 0.673269091790869, 
0.658279463230633, 0.65379592044293, 0.676525661647969, 0.669657276446667, 
0.668004725500144, 0.670959708850841, 0.676135713453684, 0.667866305613336, 
0.687555374011448, 0.678904926873655, 0.676293639293726, 0.67379732695775, 
0.675456074751032, 0.662025507791584, 0.672654003483311, 0.667412840467319, 
0.668619715813852, 0.668137479088323, 0.682232707486987, 0.672983241732052, 
0.678429387923356, 0.677578727171737, 0.669279615514829, 0.673908139758884, 
0.673613864325464, 0.673715816029409, 0.676796171310534, 0.666367068382821, 
0.659988827114873, 0.674532116783588, 0.679847425346557, 0.673221216218377, 
0.672124526948951, 0.670651783710878, 0.677191339320433, 0.672249740360785, 
0.67929693362746, 0.672770621683241, 0.675621795276382, 0.665786622007087, 
0.673669339869195, 0.67510255698858, 0.673069929163356, 0.662660037283603, 
0.661843382083755, 0.67016973987713, 0.679313330601638, 0.669495611595027, 
0.672124397842262, 0.67673855896105, 0.679440006736037, 0.677840485149263, 
0.678149353589587, 0.671348549314579, 0.666536599854581, 0.6824782305163, 
0.673153455524456, 0.684655032672939, 0.689684481910011, 0.648023056031733, 
0.669795881765592, 0.673596958950748, 0.670030948755053, 0.683422607807184, 
0.672625745294799, 0.675381718882818, 0.671244278203948, 0.679304016858758, 
0.672724365002292, 0.674273137424945, 0.672420661957188, 0.674359616996296, 
0.680813696360298, 0.675656906632064, 0.657478807858923, 0.683086408635326, 
0.672165967212766, 0.672839959908334, 0.680223484402403, 0.674501307398899, 
0.663805643830478, 0.683505557802169, 0.666706501779165, 0.67077148162478, 
0.68434672869254, 0.680067150911309, 0.681350878499069, 0.667330375577996, 
0.663968865169323, 0.684231526038416, 0.678506273666449, 0.673878604677665, 
0.666051821751614, 0.675894640145125, 0.660930196148044, 0.675779438590462, 
0.675731897809991, 0.677407322667898, 0.684547303691204, 0.678172284360864, 
0.675230977376184, 0.672689058935475, 0.661724491863161, 0.678579462184675, 
0.689837102071701, 0.670866467907062, 0.659654741697664, 0.676200893806295, 
0.679813377301759, 0.669633358552782, 0.680636365003763, 0.683878973032896, 
0.661647041709422, 0.669874646140842, 0.679751222574657, 0.669159525796464, 
0.670505843101757, 0.661351655612517, 0.673936026753045, 0.676856040305776, 
0.67622712007564, 0.66750085567899, 0.683777174263673, 0.686011640140141, 
0.680101131057911, 0.670470916970678, 0.663559692023509, 0.682262986547465, 
0.67626835269546, 0.678995173605959, 0.677020597358949, 0.665297051858335, 
0.666207798996222, 0.675596082457492, 0.679409814567277, 0.67667496365025, 
0.685505219459728, 0.672341195625508, 0.68092779188359, 0.679049622923486, 
0.670346388760109, 0.665533809639046, 0.674895404455979, 0.679836464338, 
0.67234881718545, 0.663150882725441, 0.66659949349609, 0.67222396075669, 
0.675840947414631, 0.680922471033232, 0.669133668271921, 0.669378724600061, 
0.685924289786263, 0.665443845123399, 0.675216131125583, 0.676072268130251, 
0.669929035141117, 0.657767873557001, 0.678204595893188, 0.676662824408778, 
0.685227095660283, 0.682608192310715, 0.674501457280458, 0.662273175252612, 
0.672205590509313, 0.673277193227515, 0.686294596024202, 0.678697805679912, 
0.673421287796002, 0.674606192644278, 0.661378636113118, 0.678147351916264, 
0.690513393313645, 0.67705392720169, 0.67386309893292, 0.658844439365465, 
0.675440005487208, 0.690826614562401, 0.673316728425876, 0.665302439786882, 
0.659540569006649, 0.658755004829898, 0.694803015580838, 0.686761109485127, 
0.658640772412132, 0.667068496519237, 0.682832261220425, 0.669701101273514, 
0.660780311137378, 0.667152311033985, 0.676737971240242, 0.671761771890001, 
0.685998147561531, 0.674460523412028, 0.68513569280646, 0.684034141801191, 
0.667749542389111, 0.673010692025983, 0.687695435915346, 0.67547500312177, 
0.668827191326226, 0.664199619617067, 0.6853868589208, 0.688136303520689, 
0.678796326050767, 0.685699871903755, 0.674949668855344, 0.675668249614886, 
0.673101753628944, 0.671440535756638, 0.670720841235275, 0.676557686569154, 
0.651179180252728, 0.690308392611231, 0.676414095624482, 0.673482703241214, 
0.665435273428683, 0.681089929940859, 0.674876277393721, 0.68081102420021, 
0.683812682574761, 0.67678794937391, 0.690827923832568, 0.66069653993597, 
0.674034985261128, 0.677102370898694, 0.674462214099906, 0.649474023049422, 
0.666902500242691, 0.662614217177771, 0.673572192207883, 0.668420434926611, 
0.668625145178351, 0.684094757229629, 0.680707405403608, 0.67570057836192, 
0.666888919727175, 0.672372831425969, 0.67070949254958, 0.669503706471519, 
0.67133001793607, 0.668738603145613, 0.67267458349103, 0.671326990699253, 
0.670711520120801, 0.664669374271254, 0.670012809636237, 0.671507277255352, 
0.682356425583558, 0.674812579044155, 0.67480280894151, 0.676117847352753, 
0.675355914297547, 0.664176615768821, 0.669306676710014, 0.67666594480828, 
0.680547539755094, 0.683432342989536, 0.672365592209538, 0.68023337533043, 
0.681119199782993, 0.67323898145399, 0.682536718095722, 0.679363185111504, 
0.682294833041556, 0.670520832190343, 0.653441730704072, 0.665499397081913, 
0.680263181378955, 0.665071180105475, 0.687525352758381, 0.671414235907664, 
0.674952432609947, 0.666378535653471, 0.661911993926064, 0.667116329519916, 
0.669356738318279, 0.675957009233087, 0.682368963519993, 0.680116090720619, 
0.658267531116651, 0.661444258227341, 0.664162764286731, 0.679531560816255, 
0.664169506379358, 0.67867225529885, 0.679572106395545, 0.67131667514328, 
0.667290304244508, 0.674146411821211, 0.678578402023985, 0.668360632797174, 
0.669676160421625, 0.665613786107338, 0.679368921597795, 0.666737018678124, 
0.671014390300618, 0.678510502735619, 0.675628868501342, 0.686159605140578, 
0.679803583447175, 0.674876978217238, 0.685503617788936, 0.669731260227349, 
0.670488007980359, 0.684248125162, 0.667034659041854, 0.672169764354566, 
0.675737566200023, 0.670084649463389, 0.684462718522576, 0.67805212531388, 
0.679633750020462, 0.684091650247341, 0.666510638963665, 0.682492481283382, 
0.667854217791409, 0.670072040100854, 0.685912680028174, 0.670736271896216, 
0.669327140237233, 0.675289144424472, 0.682288439622816, 0.674397136498032, 
0.671005207042015, 0.675998699412406, 0.653017998253799, 0.672685006537929, 
0.673940847203872, 0.671836946231446, 0.680429598930187, 0.670089636796564, 
0.685839240116475, 0.67576345541621, 0.678369904038962, 0.680130381806218, 
0.675613107488453, 0.672759742457373, 0.672693729669401, 0.663571482131897, 
0.666986119814906, 0.676241254580467, 0.675014356580572, 0.681618793387927, 
0.667390591496491, 0.673063815516299, 0.677878109167237, 0.667019313593615, 
0.678085771261691, 0.689787748681567, 0.674211529034761, 0.676105272440382, 
0.666772564751607, 0.669975532072024, 0.668878843662757, 0.669932238479528, 
0.679989727289808, 0.67502308655039, 0.66819553132128, 0.671978445935656, 
0.6749145708437, 0.679761985480679, 0.679400825519612, 0.673833231742325, 
0.680823502147895, 0.671984862568264, 0.662296109759046, 0.663512936126657, 
0.686492410862037, 0.663625194628446, 0.675948990062269, 0.675996323238701, 
0.690310796149454, 0.673362935265535, 0.661424597112564, 0.6838522150922, 
0.663911689426815, 0.687333909644606, 0.662762097923505, 0.681285661808397, 
0.670778238116114, 0.677755272858243, 0.678148109912818, 0.682896707582887, 
0.675027637054654, 0.681681801032599, 0.660275955821369, 0.676123208800738, 
0.680351235283947, 0.683505561303377, 0.677700229264881, 0.671350784446767, 
0.675579415795546, 0.668880673162534, 0.694947006202626, 0.687311822860442, 
0.679217701298748, 0.68177695634691, 0.683563724609069, 0.670969598433792, 
0.669076495036974, 0.673296113682482, 0.68020944659377, 0.681430961004998, 
0.658111527558762, 0.683600185095245, 0.684256909145174, 0.67085392962793, 
0.672167005205259, 0.669275126193117, 0.670125141961339, 0.671949183149353, 
0.680024806853257, 0.677276693105954, 0.686477196202122, 0.651214382124212, 
0.679856072541345, 0.660060013188263, 0.679701340917182, 0.666272929620904, 
0.666232809243768, 0.677052088461541, 0.672249917464869, 0.665253971895677, 
0.682657934357033, 0.695483695908404, 0.67185706078747, 0.672925937163294, 
0.671984658728517, 0.677898072780038, 0.673424288074899, 0.675552573312103, 
0.670641104720464, 0.66771933569182, 0.654669269476303, 0.682266034442057, 
0.6763654889727, 0.681385892800882, 0.678999139763565, 0.673633022991495, 
0.673154473224757, 0.677218840942205, 0.672037014686626, 0.680616294871443, 
0.678835678157776, 0.678402637711889, 0.68303906408014, 0.684363067598466, 
0.653216616812956, 0.670527278867405, 0.66174035467861, 0.678248729386454, 
0.680401735366594, 0.67215216759494, 0.674913354895328, 0.681851021398158, 
0.676847719858938, 0.680250633214308, 0.672721965383633, 0.687287410550598, 
0.662079197237466, 0.678324236325451, 0.674906981569196, 0.670992154353905, 
0.677878312782075, 0.679173186167772, 0.684830114026273, 0.685618423057897, 
0.680066194440798, 0.673435071505011, 0.674870632107116, 0.684071334960967, 
0.676662896398507, 0.668037514575796, 0.645112967661075, 0.69073974544262, 
0.680480414438813, 0.671005818062762, 0.678653812643578, 0.663403766736221, 
0.670498280435847, 0.661231258974602, 0.67052515928791, 0.672378759002218, 
0.66142178449588, 0.674376375006163, 0.680592152819309, 0.68071355847771, 
0.677285719607115, 0.666817901377478, 0.67383816310412, 0.677746365536017, 
0.670505163252029, 0.671515958852216, 0.666953587631433, 0.680200400228927, 
0.65410615849765, 0.674548736268906, 0.683389313697201, 0.682850872742621, 
0.689261053371152, 0.670847803815448, 0.675682983200979, 0.658911659037083, 
0.678511168722715, 0.680813386640039, 0.683552175317546, 0.679122590780235, 
0.680696752289583, 0.671753232917556, 0.663977622561422, 0.673041741312029, 
0.670146932815736, 0.678469402585527, 0.675259465868519, 0.667806168487898, 
0.680173227045964, 0.680657422827066, 0.681535883252584, 0.681350037874612, 
0.675403244816205, 0.682438849226691, 0.686984106308851, 0.678887020582249, 
0.662668096081694, 0.667530249467408, 0.672446126755842, 0.679436306432293, 
0.679347688067821, 0.669151466742272, 0.675170818841226, 0.652883905565582, 
0.679184940018884, 0.674814053723816, 0.678860621757349, 0.670882610929609, 
0.668656523870471, 0.657050920196562, 0.66451708386782, 0.684184141173147, 
0.676707487163055, 0.672096851812675, 0.672699588509667, 0.682134163330591, 
0.670783412451017, 0.677380683159884, 0.6664585250792, 0.679240429879243, 
0.678323659098367, 0.67111665176671, 0.682151993073821, 0.675325435553176, 
0.671692199734082, 0.682644624715119, 0.688811658262093, 0.678566373623448, 
0.676657307357812, 0.660719423372147, 0.685509403779906, 0.68695083553645, 
0.671102009756211, 0.670232011643115, 0.660763293674878, 0.684887500332514, 
0.672656255148892, 0.676300946132926, 0.679541078195734, 0.675693778449515, 
0.677125436450017, 0.666335842882526, 0.678663848566282, 0.679268805989302, 
0.673464872876735, 0.680592625718163, 0.675953318614711, 0.681325527504226, 
0.678026042637466, 0.67965785428968, 0.680392481418371, 0.673266253522441, 
0.668371268590744, 0.684902823758364, 0.68627688059901, 0.683111000964329, 
0.665097609227604, 0.671794266676226, 0.677002299485086, 0.674282023300146, 
0.683260332430386, 0.662419451114009, 0.673356910850383, 0.665708297197099, 
0.68070501262449, 0.675781751451587, 0.680589520829366, 0.68737967001731, 
0.67438271337612, 0.672696448089586, 0.668947951267166, 0.689618322693413, 
0.679958386433558, 0.67978619583461, 0.67460982182297, 0.677702642274726, 
0.683391567086556, 0.66131756791709, 0.670052837757728, 0.676932697006251, 
0.689008297163843, 0.671101230256446, 0.680156339240284, 0.680359225799167, 
0.676606364204452, 0.680412989864264, 0.669990469926953, 0.675820067045758, 
0.671905969493344, 0.667080209169932, 0.676231153640397, 0.672187648962633, 
0.680394468199169, 0.675602627041675, 0.675259827964721, 0.676318103938483, 
0.678595165664634, 0.674285476283849, 0.679848799440694, 0.675624934766904, 
0.676449072820622, 0.66397303519445, 0.674518895961357, 0.661540037270267, 
0.681490046733717, 0.680337450476642, 0.686619141891661, 0.662228068050554, 
0.661600377433637, 0.686748558600684, 0.684555964824907, 0.679376684538684, 
0.672908788483115, 0.685399193866386, 0.688042771476067, 0.680279570566419, 
0.676234653769383, 0.671191849892007, 0.666566176646613, 0.680649103091258, 
0.667989898453541, 0.667820865000541, 0.685147948250402, 0.677495018790381, 
0.676035642768835, 0.657052000768897, 0.679536057604069, 0.679150263246085, 
0.675984139375954, 0.671802442737391, 0.686930624670379, 0.674024878660554, 
0.680429798617382, 0.667932364033867, 0.668465013906338, 0.673487106156245, 
0.67689272705002, 0.651758301140915, 0.685831172248213, 0.665968414124766, 
0.672604813529886, 0.680135912001958, 0.66901064947273, 0.671734589217512, 
0.666057053043212, 0.685084714681824, 0.668779114696485, 0.684425386139741, 
0.670820649493963, 0.656832978535077, 0.680536667040221, 0.668226509462238, 
0.671713859937902, 0.671928667471304, 0.662364548228037, 0.663420512096064, 
0.670435072906596, 0.677379095995543, 0.678332971959681, 0.688684332586184, 
0.687901696866307, 0.682609236343122, 0.66214845814296, 0.681021398466256, 
0.679673980984304, 0.67158194242686, 0.659823821738791, 0.666300628399045, 
0.67141231953126, 0.684759594278882, 0.683055411186579, 0.67185877507784, 
0.678333858559404, 0.689871195548299, 0.664249660855547, 0.668696344194832, 
0.678401792742709, 0.680631129376113, 0.672967608841274, 0.662524347650939, 
0.64955927913288, 0.652666980533442, 0.671238475095115, 0.681780375505374, 
0.684655066794912, 0.679364968920336, 0.675901693190779, 0.694257927017237, 
0.682343318383123, 0.682236558033128, 0.68128756941213, 0.674740296284451, 
0.666873592055131, 0.669984120441855, 0.681620603789028, 0.669571782090041, 
0.663137872640443, 0.676118218084913, 0.65518284144109, 0.672349683260409, 
0.671923797726571, 0.68110390576373, 0.676394972471052, 0.675772957780214, 
0.670281956635442, 0.685042124268814, 0.67226892938967, 0.670792965684497, 
0.670489576042403, 0.680256758995747, 0.679678133748977, 0.679629665377852, 
0.65869425376571, 0.674086082824484, 0.678240089125502, 0.676972783681921, 
0.672899104304332, 0.672302070369678, 0.675897337780746, 0.677398428989859, 
0.678130261031411, 0.677092282895245, 0.672551191927513, 0.678135024413062, 
0.679479403941344, 0.658542297546608, 0.666693708859001, 0.67740264152448, 
0.681011226869052, 0.661444105091187, 0.665670241442337, 0.665409677539049, 
0.668423573166899, 0.65910612351192, 0.680685285169962, 0.668263427705835, 
0.665828164175815, 0.679485919242213, 0.671232638541197, 0.690214566648405, 
0.683163397413727, 0.682221677845343, 0.664051774674503, 0.672673705350678, 
0.672600870218047, 0.666651012379463, 0.688891146603223, 0.653767937161784, 
0.655854245162916, 0.675845737523654, 0.669097248665672, 0.660024551546384, 
0.654696700170552, 0.669259855542368, 0.669694291600815, 0.669114564304895, 
0.677367257035239, 0.684732523390922, 0.676665054020476, 0.681805459827648, 
0.665565687821072, 0.684055716136139, 0.690044696080716, 0.680192455333052, 
0.663367960095643, 0.670154414935653, 0.660886930954481, 0.679795008029363, 
0.674615179053074, 0.677093212401283, 0.676123388159422, 0.678021965253625, 
0.673545770738166, 0.670614648138946, 0.670021345900812, 0.661235529440981, 
0.677623761403481, 0.653501560325825, 0.679517960011055, 0.671436820020564, 
0.651477146917126, 0.673032868094449, 0.661605651292642, 0.690409313871714, 
0.654137064806246, 0.673220316433924, 0.692669887664739, 0.679902276500091, 
0.669171052452714, 0.670712776187869, 0.669538842076727, 0.670175850477574, 
0.6719529290697, 0.677780341322684, 0.663083202354891, 0.677925256455025, 
0.66700021613139, 0.670435105326677, 0.672944124174801, 0.675580127520092, 
0.687301110554203, 0.670850427634702, 0.679703148896769, 0.681949275832464, 
0.659322212664631, 0.667194039442128, 0.68184525216324, 0.667693750994961, 
0.672314405637157, 0.678066988140761, 0.670607768582561, 0.674478861613797, 
0.672349565678987, 0.677730522697893, 0.686524018796289, 0.668828336491631, 
0.685310717645647, 0.664483950143542, 0.677328499538169, 0.675706950199084, 
0.663777862606856, 0.667863461345124, 0.674002905682205, 0.670692755385194, 
0.682097762440019, 0.682956764699876, 0.684168742539567, 0.677922068521871, 
0.675253122003392, 0.676324200513424, 0.675533568686611, 0.664835628986403, 
0.687415885532697, 0.675046702117033, 0.68769319562334, 0.662049768605516, 
0.678273063289148, 0.673366615562155, 0.663619338615592, 0.669837079742321, 
0.682246428594479, 0.672084384379394, 0.677287911748546, 0.670576842067418, 
0.677385972987895, 0.675289827865526, 0.675953537441818, 0.676933361237649, 
0.676605781610264, 0.671410993969522, 0.68546089798215, 0.687228781260632, 
0.682150852007573, 0.678887447200798, 0.670348588723726, 0.6699555560627, 
0.675275956379678, 0.674120278243243, 0.686153855738521, 0.671292891052892, 
0.682555482461958, 0.679268282276249, 0.672819063935948, 0.686444141015482, 
0.659582603516721, 0.682036970070184, 0.67135198706114, 0.677413070874082, 
0.660038140179445, 0.667267654389639, 0.656540964524073, 0.678027538552285, 
0.676120133583341, 0.680441726392822, 0.681923498287166, 0.663839380865768, 
0.669566091250411, 0.682552768327543, 0.678182995331996, 0.677672348209598, 
0.681828332646625, 0.680577680883612, 0.673411694604242, 0.67972566321782, 
0.675086798048143, 0.677891565018772, 0.666763481749385, 0.665743244829471, 
0.686705895575881, 0.669241371025413, 0.67049859339155, 0.687625599451462, 
0.669163812617643, 0.668167117370776, 0.681604930230973, 0.679708150344351, 
0.666010553719609, 0.678312877179641, 0.686055371309817, 0.66702699600605, 
0.676586704734306, 0.67446144091899, 0.686279825801413, 0.6765627793027, 
0.67292968240014, 0.672460436369642, 0.678152355344401, 0.673141123101925, 
0.681551210826419, 0.671110590419185, 0.679555958214113, 0.669827026475048, 
0.663780338431486, 0.659024461981479, 0.675751789821918, 0.656871634073793, 
0.657859092461134, 0.684046844714333, 0.676076329315504, 0.673203154533535, 
0.672021428227854, 0.674928950921683, 0.676894935137144, 0.676529263530436, 
0.682885542464721, 0.661663342643959, 0.683515770759012, 0.67577546773859, 
0.67324631890603, 0.679872591603556, 0.661496170273214, 0.67595790821697, 
0.670921867660335, 0.681321633057859, 0.674960149448361, 0.660037820484893, 
0.675680265646739, 0.673774993505493, 0.671493908880315, 0.676114253598187, 
0.665283145476926, 0.670308266655631, 0.672356759293719, 0.658958438951422, 
0.663686699867775, 0.669621974396371, 0.6750360993426, 0.663817379829119, 
0.677205388244597, 0.675034674898509, 0.672896140786697, 0.666890048239589, 
0.659608101328398, 0.657834244925374, 0.671761449205525, 0.676245209911876, 
0.666869815834173, 0.686340199889865, 0.674827315879807, 0.678465604807923, 
0.669949425629764, 0.684216246864815, 0.664264594603961, 0.675503441360805, 
0.673798216644819, 0.675410016377151, 0.677979802203484, 0.673802440500704, 
0.675028506561228, 0.658301087331741, 0.679134758021391, 0.667721613835907, 
0.663291444324219, 0.680083921787675, 0.672079894044169, 0.680383227822053, 
0.67103860984831, 0.66893025432762, 0.669944981173599, 0.682192866038036, 
0.685116732624645, 0.678140572846906, 0.682310528323482, 0.667324655935467, 
0.680179175082402, 0.671737134942752, 0.674895355338594, 0.677196163848451, 
0.675031400049603, 0.672867427986646, 0.674336773870166, 0.690531119349085, 
0.668093650866218, 0.683709938804015, 0.668055034231751, 0.685503747733858, 
0.677182787399343, 0.667037822757079, 0.685304442206344, 0.672026768919837, 
0.673127219212914, 0.67717292185859, 0.676969610533454, 0.672149457640773, 
0.669685081716309, 0.67003856885707, 0.668371095223036, 0.675116914858294, 
0.693440443463271, 0.666238197383416, 0.683134039741992, 0.655336958722338, 
0.678162014473629, 0.674646336445679, 0.677100921824747, 0.684584961872589, 
0.685894789293461, 0.674899065611617, 0.68453933134681, 0.672709786701856, 
0.683030646614872, 0.68438833550651, 0.664418338896493, 0.681485295202305, 
0.68414641534739, 0.678663125757385, 0.661373643998726, 0.667296174104055, 
0.680287124339285, 0.663244289606634, 0.680763924956367, 0.667325519884186, 
0.683561442882014, 0.673543195356864, 0.675922717021339, 0.673226014692566, 
0.679547330122455, 0.66753906843499, 0.659362381329835, 0.670836855257747, 
0.678915114185306, 0.672657245755717, 0.684510858649037, 0.677464394202898, 
0.688382057302462, 0.6689269327465, 0.674887793131547, 0.681759546931124, 
0.668265386960144, 0.673998126146006, 0.678991985391896, 0.683550479226941, 
0.680035263017092, 0.682649962626507, 0.674632976683696, 0.681369598342892, 
0.671752548955032, 0.679637554367801, 0.677362166670065, 0.667552318293354, 
0.675314115692804, 0.665795536515708, 0.672882190912533, 0.674547284893302, 
0.667899290373515, 0.675613324656752, 0.678839980561939, 0.651375190687005, 
0.669673587209592, 0.682043251739633, 0.670810791039544, 0.674443543458414, 
0.675587585439644, 0.683157695631166, 0.672918674419915, 0.691230532351317, 
0.674782140686717, 0.678840470123439, 0.655766526806865, 0.665830914665376, 
0.675028326730311, 0.675073095990377, 0.665759378954125, 0.671593641127789, 
0.673011244389136, 0.675072455865942, 0.683053265211533, 0.670359194815763, 
0.682994757298928, 0.681603995641313, 0.679535169549484, 0.670348491619203, 
0.682139672629091, 0.672475311860113, 0.664960193598546, 0.666175865619308, 
0.666379309215723, 0.671959822204854, 0.669754999533536, 0.687374972797909, 
0.650662850309501, 0.663184420324434, 0.671134972647238, 0.67100493552071, 
0.684323894587418, 0.678083148435406, 0.681513056595204, 0.66768623082849, 
0.66775142242303, 0.674930896323809, 0.674370558091541, 0.674752592479546, 
0.672911744096236, 0.664100719093692, 0.668723659377161, 0.68194620245171, 
0.682729843470284, 0.660971561363849, 0.671999312412479, 0.674924572643186, 
0.67651030633533, 0.664135420847102, 0.674658512988878, 0.660012048415755, 
0.678078908242196, 0.6696660557484, 0.67300371515463, 0.679253381369702, 
0.668044699361322, 0.687504182095689, 0.676114399598314, 0.672195887754222, 
0.67167554589849, 0.670939475405581, 0.662353328284867, 0.670230781659371, 
0.677060601570209, 0.684975372231244, 0.672506316777883, 0.667532991275371, 
0.669428729608491, 0.673171033500548, 0.650067127790248, 0.68754380128777, 
0.687817458702254, 0.669861378620161, 0.671614344659029, 0.687837017854329, 
0.676245111386592, 0.679834259111852, 0.670175109257508, 0.673214416963869, 
0.67439639219118, 0.665915524818807, 0.69108380117295, 0.683575633311185, 
0.676080336974467, 0.682936153127262, 0.673085598829252, 0.684412770753263, 
0.684996461296771, 0.686969451476094, 0.682140835983758, 0.66995920858406, 
0.665466160325837, 0.67274943336223, 0.670712026177864, 0.671137836191692, 
0.672989662095022, 0.6714208485676, 0.679332417412739, 0.674848755820163, 
0.680922082122996, 0.678270946768412, 0.682516531052273, 0.674985003310704, 
0.675463852556369, 0.676326551931742, 0.665585163609698, 0.667294393337522, 
0.679589136724592, 0.680210215281049, 0.665283903652956, 0.681069179414705, 
0.689460502176963, 0.667856849413576, 0.667430310958223, 0.664394254256841, 
0.684864022241446, 0.685170913499294, 0.673163344701214, 0.682140804091315, 
0.660579735741691, 0.662681455583647, 0.682323629340569, 0.67081394389527, 
0.67216535503059, 0.676850323339238, 0.682066708405163, 0.661596565032652, 
0.680443392639376, 0.68465459092189, 0.660498470636281, 0.671258463706145, 
0.683719778711152, 0.668559083628216, 0.674022249332517, 0.669381471651696, 
0.675187047701303, 0.686659415078447, 0.658808584856617, 0.687125555080972, 
0.664534299546603, 0.68081273448476, 0.672592103452159, 0.677026820861519, 
0.671758182027126, 0.685082809926053, 0.679163797607633, 0.681395062361998, 
0.673335258867293, 0.683299568609135, 0.682773036509821, 0.678546554138198, 
0.67016032725442, 0.67163311067451, 0.658871593359528, 0.673044308590053, 
0.676296593848398, 0.688861459204959, 0.683310803982415, 0.675169414664353, 
0.67153304867369, 0.678880315487151, 0.666021652858836, 0.679092738081433, 
0.664953519417985, 0.677972885322742, 0.680861036632898, 0.678844821873491, 
0.684293099228826, 0.685785593501995, 0.680188427152819, 0.669296398055306, 
0.670300703833681, 0.674338783943355, 0.664310219727196, 0.668944964735568, 
0.684626060633501, 0.666815412585175, 0.671946191624527, 0.684539156939319, 
0.671845177642707, 0.666917057135869, 0.680427616726853, 0.672027511604042, 
0.676249359089936, 0.655916370916221, 0.675123367998315, 0.6689001096809, 
0.671666589996377, 0.671372801073775, 0.68761458340543, 0.675983224003113, 
0.683834790145114, 0.68751668927243, 0.684471045563263, 0.686523051745622, 
0.68214708148446, 0.672626843036124, 0.687140926363198, 0.686516087974205, 
0.663479657662103, 0.678938938619406, 0.665405237466516, 0.679299200146408, 
0.667741432277479, 0.668427059128594, 0.667900132212458, 0.673035192036149, 
0.666211978436151, 0.677610494929542, 0.67519414804815, 0.681583764617003, 
0.671280471240014, 0.677592271574816, 0.674267429362212, 0.67647051588451, 
0.679450338676622, 0.66113304771055, 0.659552087426909, 0.664493541461646, 
0.684612791763162, 0.690012222590289, 0.668708903402322, 0.681056410170504, 
0.671669183916891, 0.672900576896273, 0.660619026826319, 0.684629543915207, 
0.675661633867607, 0.675394840127503, 0.669374457527026, 0.658769635871712, 
0.670738249001846, 0.678038024056551, 0.677428016990386, 0.675636939176704, 
0.677748207076697, 0.673083202197897, 0.683531085627426, 0.671256889747266, 
0.667665961684319, 0.673764169170053, 0.677693578051523, 0.683538479836611, 
0.687257753989198, 0.671714264000085, 0.666135123686567, 0.668314360183344, 
0.669093105316405, 0.676512679944909, 0.68065226438514, 0.667990724357562, 
0.666263113366866, 0.6702782489959, 0.666375208752363, 0.678949123165597, 
0.669292999732995, 0.671889020941141, 0.679842468042615, 0.660740680336364, 
0.681729449996657, 0.676612830166522, 0.680027703430859, 0.662937429092606, 
0.682263892141633, 0.67180075133563, 0.663980627398552, 0.670644933922395, 
0.681058745877673, 0.670113363099407, 0.674792163199927, 0.662302750447154, 
0.66785658191862, 0.678613552767432, 0.679235441038091, 0.666371398029548, 
0.675952290225823, 0.672843514643164, 0.669342695917781, 0.677465985856624, 
0.679462387794276, 0.682978769152089, 0.683351358965944, 0.669817068287133, 
0.660187618826757, 0.674685672269613, 0.684715841042498, 0.660132038227218, 
0.66410983892642, 0.691028982216685, 0.651061512939266, 0.671730313421732, 
0.681515765098382, 0.67206444712653, 0.676317819685763, 0.667373046483309, 
0.665450703203826, 0.689200419125077, 0.663378786556192, 0.67732138083144, 
0.661264193245361, 0.660064911037356, 0.674541635173696, 0.675384368028965, 
0.671531213683171, 0.683059886899723, 0.675919772356622, 0.672490109252565, 
0.680041014511293, 0.6679209427025, 0.677854377088804, 0.680299061747352, 
0.670885979757121, 0.661107261896766, 0.679464010318949, 0.67152074267223, 
0.679268501406244, 0.671941449982925, 0.681670420579423, 0.675138108012028, 
0.684958056425639, 0.664842783691375, 0.680318828131864, 0.67711559124323, 
0.659499957561189, 0.667536777779084, 0.666535956142253, 0.678872271687663, 
0.670853312187918, 0.681449968884267, 0.683608703239105, 0.680505113629003, 
0.681951583634629, 0.667501091601425, 0.655395655092753, 0.673068520689569, 
0.677191480213895, 0.681333312136787, 0.675442216909793, 0.668149214647246, 
0.663868055576189, 0.674874242823862, 0.669362317249416, 0.672559270839657, 
0.673226992646431, 0.667363129543765, 0.663695286784024, 0.680793996505776, 
0.661940844540862, 0.683346899363763, 0.684313974449461, 0.663081132340748, 
0.657093730665324, 0.6658821914502, 0.667951086703606, 0.654702033975492, 
0.670830957857616, 0.669512869105928, 0.664444431682588, 0.679447336104652, 
0.672813971742732, 0.679029670921353, 0.66720718721905, 0.675334357989684, 
0.675070147848117, 0.671467502166143, 0.679038876946299, 0.670318090639005, 
0.678796467723665, 0.673504011960675, 0.680475159881892, 0.667126134144693, 
0.679863140386076, 0.686626229415106, 0.671740727813464, 0.667234576500069, 
0.676721030205108, 0.665740351681776, 0.664822099657362, 0.685125755361955, 
0.673225272951386, 0.672722416858374, 0.673639962211508, 0.661556893634976, 
0.679987347497163, 0.657787432662919, 0.66779145299991, 0.668257225328903, 
0.670047843699495, 0.671442605307603, 0.676264994637154, 0.673091921302178, 
0.668066666861818, 0.679750264365461, 0.671924898800937, 0.668178116111335, 
0.674494824835445, 0.672405064355475, 0.679939244691075, 0.67803299755236, 
0.678523773271429, 0.669278811335087, 0.678029906936081, 0.665704211142385, 
0.677239785585464, 0.679475540515624, 0.6635373017426, 0.673013738168405, 
0.668817100559577, 0.684782112722274, 0.688904962373309, 0.676711430101296, 
0.678593506576442, 0.683979190686939, 0.662392193277472, 0.679023317144643, 
0.672611523628859, 0.683630803728302, 0.667160160980837, 0.675859284514604, 
0.683744668358365, 0.673684214861136, 0.681193116875815, 0.683763087385725, 
0.67797397980403, 0.683463080638377, 0.673491072879309, 0.67144390987853, 
0.675771872233242, 0.690649038235298, 0.68304318511033, 0.679436262956827, 
0.669410308689755, 0.675649317534659, 0.680435293501535, 0.677157710422581, 
0.659769777089251, 0.68151650821066, 0.675926312184308, 0.681560750340686, 
0.678677629502462, 0.670158813991577, 0.680782489171064, 0.668430588899152, 
0.673006098465348, 0.663112756909831, 0.66256024777891, 0.676145337145998, 
0.682792677502856, 0.678121374713057, 0.676563875042048, 0.673747020743389, 
0.682763113154518, 0.662971172352351, 0.672878588255584, 0.680355124735774, 
0.680918905470945, 0.678951713379835, 0.678628942525669, 0.674605716755878, 
0.681173340070355, 0.669601958073118, 0.670292102879088, 0.663426536465453, 
0.673464805811795, 0.65993521544908, 0.682718405152992, 0.664473707491692, 
0.678358415812269, 0.675724786552859, 0.685012175626901, 0.669493146649523, 
0.684663550633804, 0.67965937725736, 0.680127483690563, 0.673121341033199, 
0.681507439843455, 0.659378233394522, 0.670550055614005, 0.688467974750221, 
0.667713820434148, 0.669180908893589, 0.677472538221209, 0.673406788360932, 
0.679517972328228, 0.68466956085323, 0.680706356549329, 0.67916867330915, 
0.667354752483916, 0.676901298180428, 0.683348141564305, 0.675532896786352, 
0.671270116840383, 0.672059825301641, 0.68173870745864, 0.658246130246032, 
0.6683210421581, 0.651716981401652, 0.668587542224152, 0.660057964025863, 
0.671025918074314, 0.676647415315051, 0.671156435925438, 0.674111339192105, 
0.656715631800842, 0.670238725900963, 0.678029624632148, 0.679136313875405, 
0.652833429108563, 0.677367540727772, 0.68486955702953, 0.675710483015012, 
0.678924445765691, 0.689841455196869, 0.66786979791666, 0.678435850050244, 
0.675114419407822, 0.680160732630487, 0.677297634648801, 0.672327576903234, 
0.675128529837307, 0.667585456490725, 0.669385060284303, 0.671388640842717, 
0.667695547983813, 0.669693783986782, 0.674429804160374, 0.682165487306084, 
0.673188847571582, 0.658925897520137, 0.687365371431663, 0.675757260262988, 
0.677965455457255, 0.674722924852067, 0.678517096074379, 0.681800881598394, 
0.67464394176314, 0.689069875384251, 0.672448001403779, 0.681718810854796, 
0.673581091998861, 0.679782336334514, 0.675574509615775, 0.680900326871372, 
0.678105889395481, 0.676286813398165, 0.656088175959923, 0.682905800222093, 
0.669809743249591, 0.671961522225986, 0.657650696017833, 0.69275014425312, 
0.663072786401525, 0.685427822855721, 0.676795851627911, 0.682399509645661, 
0.677448805571941, 0.672708236681695, 0.671580210471473, 0.673017988354581, 
0.670870781688118, 0.672035301783195, 0.661180515584474, 0.67285491587519, 
0.669231780357241, 0.688612856511825, 0.678406636067093, 0.683988951541033, 
0.670602538743914, 0.672962247452729, 0.683343572112918, 0.683684375635227, 
0.683974067199402, 0.667433223373873, 0.6811458104681, 0.668820398270229, 
0.680163075181838, 0.665528284909674, 0.683694032322938, 0.680886726382521, 
0.684748299729292, 0.671401900005339, 0.656315144500198, 0.682160966631544, 
0.680399480529507, 0.67366954077725, 0.651282267871805, 0.675391749604563, 
0.670930931881973, 0.67915681252736, 0.675905479546854, 0.672471244868609, 
0.681986735382378, 0.673848943504106, 0.679028460433521, 0.682420106800932, 
0.679503558384964, 0.67230698572011, 0.655789698853261, 0.674020726687599, 
0.68062193622725, 0.669556682662481, 0.669611665500912, 0.665315451156876, 
0.675824591159644, 0.673691038405085, 0.664865698691188, 0.672220087084765, 
0.67052973064323, 0.679653021514332, 0.67700673551843, 0.676342516042522, 
0.655027704156023, 0.669037699883913, 0.678504549707821, 0.679354806242431, 
0.668165092063147, 0.664406418318019, 0.659484596020693, 0.682100405965857, 
0.660563119695641, 0.653989531925868, 0.676479667738066, 0.661018445907268, 
0.672541650520631, 0.659469326416858, 0.669102239902708, 0.678892658129979, 
0.672845975387777, 0.667898989488803, 0.679610747492938, 0.669417314477156, 
0.663062058597951, 0.675373709787268, 0.668058285820413, 0.671461979163748, 
0.670846204802696, 0.669111554631767, 0.683954645627388, 0.669514229700705, 
0.676246932407446, 0.662733954440302, 0.660913589630341, 0.659963630267837, 
0.677715255790415, 0.666554284480142, 0.677248297087019, 0.676651917051216, 
0.675719245048495, 0.682197179378955, 0.681739948929741, 0.672501771544405, 
0.675875050533588, 0.655300729313634, 0.684890710869775, 0.6640307212773, 
0.680454135354953, 0.682462712359874, 0.666525744976127, 0.676845180631622, 
0.670986988049791, 0.667421350845167, 0.654287363285558, 0.665014577004687, 
0.677854550991794, 0.679138651661069, 0.674005741826178, 0.646451035233772, 
0.660316365851527, 0.668656966857812, 0.688647748047161, 0.665880335543514, 
0.664344702098251, 0.665851078629644, 0.660528711897012, 0.67782658870812, 
0.689206251223443, 0.680770953729784, 0.669031148172689, 0.66945371608948, 
0.682904511540297, 0.668188487547891, 0.679317225413146, 0.660495063799931, 
0.668131642539879, 0.66614296595661, 0.678596374843774, 0.671813649193102, 
0.669893826642509, 0.670572800333605, 0.670686297512506, 0.668455263498886, 
0.679463777448079, 0.67053645758413, 0.683294348108017, 0.66668536418159, 
0.681856322760951, 0.687763302975096, 0.677482958357856, 0.675241837631547, 
0.676118883784243, 0.673035321571757, 0.673468916356794, 0.662976331684423, 
0.664668337786344, 0.679652994181472, 0.666109768338743, 0.661991704119241, 
0.673532224468631, 0.671612445678386, 0.661721200085754, 0.665087795344724, 
0.676131946618587, 0.663953962888588, 0.67855125759578, 0.683069460497759, 
0.68289913081792, 0.677429473873309, 0.675750462009414, 0.676006557841443, 
0.67396616528631, 0.671451208561614, 0.684048660489655, 0.671727974337348, 
0.674079225885903, 0.679932200477767, 0.672657132279088, 0.689500856271408, 
0.679133058613758, 0.682309227339405, 0.686659555161024, 0.667106373717945, 
0.68102307542525, 0.662566514294161, 0.689397954575941, 0.675426241600185, 
0.683525688959436, 0.687862881840022, 0.674918063129003, 0.686896075668492, 
0.672316171028411, 0.677163074364066, 0.678215774757079, 0.664064413040906, 
0.666522100855611, 0.687247808387218, 0.667144700637975, 0.678618010876366, 
0.681012729657712, 0.677542300128713, 0.673195146346993, 0.68059473343698, 
0.687738426386015, 0.671985861881345, 0.666788175886125, 0.691291851041092, 
0.685615586487754, 0.665223427923506, 0.678410505648175, 0.681197149944638, 
0.6813215494774, 0.660855064980042, 0.675992456209096, 0.673410485340927, 
0.662273050338239, 0.673420718869004, 0.662603440723564, 0.664330135645476, 
0.677511257722614, 0.669898572154622, 0.678210937237048, 0.682485957847943, 
0.680972948492866, 0.682484439720574, 0.666185397083577, 0.671645239027045, 
0.672197743302829, 0.680836863915636, 0.664713293260781, 0.682718522253468, 
0.681758638720839, 0.648217966470762, 0.67761492896024, 0.66349222212076, 
0.659044243654196, 0.662374969318116, 0.66298687491754, 0.684581910515912, 
0.671124577407058, 0.657557694430908, 0.669713844884074, 0.682792276744506, 
0.682862640213269, 0.675574664683853, 0.674007176414147, 0.675967716374528, 
0.684054940001839, 0.671098159517223, 0.664947781027313, 0.688154580712801, 
0.672478345143422, 0.682916011313693, 0.677205760784817, 0.683510379768308, 
0.68260441860936, 0.679386856509873, 0.667934962278809, 0.681771196407858, 
0.675571362900129, 0.679567974021685, 0.677166538770564, 0.660644551495536, 
0.685657709714776, 0.664938957079779, 0.672569599098369, 0.678799322718655, 
0.686857971555195, 0.68524907298797, 0.68231638427168, 0.676390470023264, 
0.684274248638745, 0.655565573939176, 0.673585917407889, 0.666130149030592, 
0.678431292205601, 0.66706231113451, 0.667489409957061, 0.682007087377324, 
0.671815778228742, 0.668379154848853, 0.670416114570251, 0.669566964898027, 
0.677349662813505, 0.680260524813579, 0.681562724986004, 0.677256109620616, 
0.681168898862855, 0.675058631447051, 0.679387503393292, 0.685499372915428, 
0.690204702996463, 0.667750010179821, 0.662646872679925, 0.671440433754971, 
0.653916818967745, 0.670904051958835, 0.67380853197992, 0.672635922177526, 
0.672918508034379, 0.683125375164403, 0.68211835222292, 0.680986039246897, 
0.677898791660405, 0.659866562301814, 0.679725084643929, 0.679792006615502, 
0.674496414374319, 0.675212477977395, 0.67236336314011, 0.677813588996983, 
0.685582039672139, 0.690779036090632, 0.677591106115738, 0.667529999412163, 
0.661376669423388, 0.669981441974647, 0.682545629914082, 0.682747778977998, 
0.685153770605725, 0.673340267129467, 0.669216732461237, 0.674980026259737, 
0.672386629429319, 0.673113791173077, 0.667298650887247, 0.688811920730988, 
0.688517273734619, 0.675822332087614, 0.677535256179765, 0.681115096234917, 
0.685833012236471, 0.686264538526293, 0.680405538066944, 0.662620451672946, 
0.666125050345028, 0.678464181767397, 0.685836111403554, 0.678710763980297, 
0.663815978425274, 0.683283705893015, 0.675812600444172, 0.65696056485285, 
0.681730239822994, 0.668997891430771, 0.673234027141021, 0.667271067450848, 
0.676410422764946, 0.684761056474008, 0.674361430017353, 0.672911317536169, 
0.677355005346167, 0.677337813732493, 0.666461772610112, 0.673273817501348, 
0.659847001865933, 0.681684924662975, 0.67666804635503, 0.663154569347903, 
0.678859106967806, 0.669592186082794, 0.666505467650661, 0.665905539192892, 
0.674974337560396, 0.675991362413272, 0.668437908802731, 0.684365835240559, 
0.683537113083369, 0.668175051461939, 0.672167299975998, 0.679781646560537, 
0.671821775392776, 0.686929983709017, 0.686237562692453, 0.66929434468133, 
0.675280847195951, 0.67839609845987, 0.686753866220404, 0.660203255284942, 
0.67890487797203, 0.682798677954925, 0.675805949622247, 0.674376059370032, 
0.678175382456012, 0.676411421747284, 0.674094052414798, 0.67552890226757, 
0.68153944698591, 0.66581138455669, 0.683278923333292, 0.673522081376787, 
0.678545180223288, 0.659705081669001, 0.675973183669398, 0.683647988641668, 
0.673329585868397, 0.681545333453961, 0.667209223050035, 0.676420445974288, 
0.677682173587372, 0.667358989640739, 0.684140812180524, 0.674526848257589, 
0.683466054730863, 0.654707177491973, 0.68720146659238, 0.675756089773519, 
0.673936466994608, 0.677723227761825, 0.6614019073859, 0.673875265470854, 
0.664633766487953, 0.66709283222902, 0.692621859872292, 0.660493680408814, 
0.679455218062476, 0.676497735698726, 0.674458702581193, 0.655065335294316, 
0.685179511630688, 0.667676415167124, 0.663471806317323, 0.672542669407817, 
0.679057305000645, 0.656523789192659, 0.675588564924437, 0.667201616975846, 
0.669456631741077, 0.682698302100413, 0.683571340822685, 0.674506081139551, 
0.679364541413188, 0.686215808571033, 0.679269803432657, 0.680225259027649, 
0.671616036367653, 0.671244159319587, 0.682541198861556, 0.669602734342502, 
0.670758414452062, 0.664995125638997, 0.676627184756248, 0.686108665400511, 
0.676536192500899, 0.664849273790503, 0.68148104091941, 0.668193742019953, 
0.672216263898686, 0.674865699828717, 0.676452005658494, 0.671461293364923, 
0.661299885530165, 0.672090970513297, 0.670809764288946, 0.671478941517931, 
0.678848129633217, 0.667774450029375, 0.682201699609114, 0.677634398278571, 
0.672820487867829, 0.674704437865883, 0.672860774978743, 0.682327811158294, 
0.666580388829035, 0.670982371103271, 0.657658968891624, 0.686358469553988, 
0.680874299768069, 0.666887320424013, 0.674263588718325, 0.683227160034713, 
0.659070345052838, 0.673337971868126, 0.675421099935689, 0.667033068829674, 
0.669254217294748, 0.671732814054559, 0.686246761180002, 0.686495575200856, 
0.691653416196619, 0.651208817569959, 0.651697310881148, 0.659371149058612, 
0.67104833166177, 0.670896087544513, 0.658515542568389, 0.690223710156814, 
0.665854389105261, 0.681203861037815, 0.668209393007772, 0.682937102993189, 
0.658664131604948, 0.67869075665812, 0.676200299766577, 0.676300648414745, 
0.663206128364293, 0.671318093035117, 0.666036895111473, 0.664750133273998, 
0.677118144932711, 0.689306532427627, 0.684509577148026, 0.675284696645315, 
0.656253439148577, 0.660999240148975, 0.659160359641714, 0.670687194609802, 
0.682303218528859, 0.670450563056271, 0.676392759098152, 0.67011488782169, 
0.663195241274592, 0.687880008351579, 0.673389338214458, 0.682199200740196, 
0.667319293691169, 0.663672877366262, 0.666053201084003, 0.672870354695531, 
0.678939251986863, 0.668436122270031, 0.687437215431731, 0.663259815280447, 
0.674234437345557, 0.665833757054651, 0.673140875218796, 0.676784593611738, 
0.68516211744781, 0.669819875621435, 0.658386207252867, 0.673968315982841, 
0.675347729950794, 0.669755139991342, 0.665543420153008, 0.677291162245464, 
0.66068615505544, 0.674783484690304, 0.676233070857104, 0.664952001824744, 
0.681244697393672, 0.67343708207234, 0.672742392040486, 0.668945818582319, 
0.660896871447403, 0.658426108355618, 0.669803973657321, 0.677520048235989, 
0.663556525596856, 0.677622147549437, 0.674879210545868, 0.684625373002032, 
0.674013383444826, 0.667621472759086, 0.673981074606637, 0.673622885020361, 
0.682851452582369, 0.672385628927929, 0.680002400876743, 0.67250057402025, 
0.673059784746306, 0.661994355969114, 0.664124416555816, 0.683093801088453, 
0.668895072829149, 0.670170912084996, 0.672889682564126, 0.681250849630937, 
0.673066606753789, 0.688085406688946, 0.678537648281703, 0.672996279539131, 
0.668446225709424, 0.681801897013864, 0.691543801762082, 0.670759971332419, 
0.671895700359194, 0.662202303924333, 0.687598241246409, 0.658554569861309, 
0.679778667732869, 0.683461550211461, 0.679754925054432, 0.673715976394696, 
0.663218267107311, 0.677836120061652, 0.666877328334994, 0.655514241827335, 
0.675484076805843, 0.671867677965976, 0.674668383914387, 0.669228057835304, 
0.664534577588635, 0.670721529751237, 0.668575812515721, 0.660340789090495, 
0.680678934560027, 0.669816334397824, 0.68092550390224, 0.664652012644902, 
0.673560752342086, 0.673039635808042, 0.660353644195193, 0.673027613454527, 
0.684637711984781, 0.658988433955527, 0.683576371374972, 0.684091890171537, 
0.66832506781999, 0.684495143301073, 0.685517386719204, 0.682481972705086, 
0.666471963923144, 0.664957608953009, 0.668348879490327, 0.669033216613414, 
0.666847472490897, 0.668942503345613, 0.68283520335615, 0.667957684002031, 
0.652159855349482, 0.686911456414113, 0.669585590070018, 0.680144413591241, 
0.678114924947862, 0.678606063628385, 0.658277849968808, 0.687706687177278, 
0.681409172760118, 0.675767597477959, 0.680194899801672, 0.682266083188548, 
0.687394035734372, 0.668563231392245, 0.67218956040944, 0.673744850495609, 
0.674351718301151, 0.678089637276142, 0.667138580504127, 0.685453513806456, 
0.673364457651486, 0.669627557903007, 0.657241569459129, 0.683441282701888, 
0.679464315567013, 0.673423996800084, 0.669234314083147, 0.67622348229792, 
0.666039160249215, 0.67415172489536, 0.671787756670547, 0.677265769250024, 
0.66886931904524, 0.670636703961421, 0.688000885043046, 0.67417733549454, 
0.683973145685289, 0.680725836121979, 0.674962770735982, 0.672345125825632, 
0.673934246970323, 0.67999852825403, 0.679728328184774, 0.669615884801583, 
0.671969788091884, 0.67327832599909, 0.664143888796115, 0.671378227075688, 
0.68368680792759, 0.666937576698596, 0.680646838866319, 0.672284207755112, 
0.670277600558687, 0.671275616745139, 0.682929285722006, 0.66886082514753, 
0.686047032435864, 0.673436170643321, 0.676149295623411, 0.690669105750123, 
0.673623910745779, 0.688041441182582, 0.668982208459242, 0.672114786308071, 
0.672948082875348, 0.676819101865911, 0.678161523442689, 0.676389024137156, 
0.672342725084229, 0.672747915790044, 0.684591982471486, 0.69189571776649, 
0.674026761761727, 0.684164392499315, 0.676050931615354, 0.676254169145177, 
0.667729644051256, 0.677049107989854, 0.682126974604518, 0.677527266130982, 
0.660134525244427, 0.676503819987964, 0.673682542148734, 0.674778209599602, 
0.679013060183955, 0.683327028183908, 0.678140164827541, 0.671764330834177, 
0.6880379430282, 0.681597241985729, 0.664532193564333, 0.66156504046082, 
0.674388719658081, 0.659933426508418, 0.665412009578764, 0.680504403340355, 
0.674489585035548, 0.680961836054621, 0.667332473221555, 0.665458963648333, 
0.673654063845289, 0.666475544492706, 0.689150590039492, 0.674011485993052, 
0.666776760154862, 0.682588986924657, 0.679987265764162, 0.68492367585524, 
0.658052759532995, 0.683433667781095, 0.672488578848597, 0.658662828242911, 
0.68101119773526, 0.672998801785712, 0.662851644281387, 0.6706083817484, 
0.66735366462052, 0.664584643431028, 0.676419911173022, 0.677737508939248, 
0.679047993663473, 0.666914504149492, 0.672885240824089, 0.686242687308662, 
0.674947917723348, 0.673602513724274, 0.682287567197911, 0.663367411868788, 
0.670829052004955, 0.665485607061742, 0.681782623252641, 0.6818293963603, 
0.676980655529398, 0.666745495884007, 0.668760206577417, 0.683366442279655, 
0.676644125725964, 0.675600344688906, 0.669383071649249, 0.671295955967363, 
0.664348397640631, 0.68317245849842, 0.659769988754314, 0.667749684365928, 
0.672215893665076, 0.681093931404606, 0.674032353325072, 0.66894776435376, 
0.676742400517455, 0.685382084907599, 0.680978252287561, 0.66947949956756, 
0.683180569313099, 0.680976072790009, 0.685709434499776, 0.665796771252772, 
0.673203554781974, 0.676620459345429, 0.674554165566966, 0.680961194511179, 
0.66635675854754, 0.656825384164185, 0.674493058703175, 0.672855452581311, 
0.657819114402431, 0.67727159445316, 0.661743792424285, 0.667609035233459, 
0.674554770785775, 0.668522024272604, 0.684946262037213, 0.658551345474354, 
0.656960087159722, 0.670647197900263, 0.670728263786987, 0.689824016457328, 
0.680384224372797, 0.672708915711853, 0.666887099569051, 0.681041475193943, 
0.672158041191522, 0.663105762815689, 0.664643434825453, 0.674873192671127, 
0.674593150354628, 0.684532518656699, 0.687273530405776, 0.670309287030234, 
0.674588208062426, 0.669557072000841, 0.670105212757856, 0.678069860851234, 
0.675642478933432, 0.686166691637269, 0.661227092724093, 0.677438100467627, 
0.689362532625825, 0.697044575206706, 0.680161775437304, 0.659467571292751, 
0.680382693177006, 0.67007526799982, 0.675227597402797, 0.673523127186534, 
0.678677244968001, 0.675095514185085, 0.66771676687014, 0.66924853307234, 
0.661766740450699, 0.681220957539544, 0.671282263479446, 0.668621327105437, 
0.677985059860755, 0.680417756946848, 0.674580206591747, 0.680817659980423, 
0.681103920839023, 0.680419989559219, 0.682498805257171, 0.653379820808428, 
0.671089688104518, 0.664068140654343, 0.647255827654865, 0.672607901466215, 
0.668634832857795, 0.672035197421222, 0.674973573258644, 0.669922942294185, 
0.671109698408962, 0.676228389580016, 0.666692289827506, 0.687270454212234, 
0.677379119192946, 0.681139724228393, 0.662884217305235, 0.665226892519681, 
0.675851725417104, 0.673228937603887, 0.668650906853643, 0.666339595748413, 
0.687940270381021, 0.679278117758414, 0.677382631641628, 0.675552415275236, 
0.670338492256251, 0.689039256234046, 0.677792796616416, 0.670459533166447, 
0.684552002780244, 0.656347463856533, 0.661288777593869, 0.680380994095907, 
0.675021059314013, 0.667318411471111, 0.682840227977894, 0.685910150163937, 
0.689457825627156, 0.666247349500085, 0.670732734920643, 0.657894082123502, 
0.662279162981982, 0.664604293284039, 0.665078086422591, 0.670157831743125, 
0.677991765654836, 0.655101005757724, 0.680963111576376, 0.674202573020914, 
0.67609417431408, 0.678673130424153, 0.67070111013106, 0.657745518499548, 
0.68384760033384, 0.661150921819649, 0.659278177679853, 0.684600364039389, 
0.683666348714538, 0.677411201202885, 0.663996592730903, 0.663133476193984, 
0.666811878204572, 0.664388035333089, 0.684462267466942, 0.672093560149561, 
0.660721455441368, 0.668076420378428, 0.673389686974434, 0.666875528686011, 
0.695900998507285, 0.678176908094893, 0.665550651490286, 0.675460516118536, 
0.674263133634752, 0.67831414329357, 0.671924999776106, 0.67119551373814, 
0.673080171919158, 0.66083896486486, 0.681111095895506, 0.67391962299483, 
0.680880702390807, 0.669397970573414, 0.687604221334982, 0.686141152859525, 
0.669101611465284, 0.672296711729554, 0.672771183604292, 0.678450686057089, 
0.677446242323087, 0.669806670108851, 0.671402904733545, 0.684388315260805, 
0.66765307150419, 0.674967757848259, 0.671072048498942, 0.63998368764545, 
0.676926727658244, 0.665257907866814, 0.666259203376292, 0.681259261022706, 
0.678591550329184, 0.672517948428646, 0.66862997043844, 0.679384834701338, 
0.67098495644645, 0.671430859770695, 0.676915836907275, 0.687069190670696, 
0.693004920631269, 0.686403070243656, 0.674330750434121, 0.681646911994356, 
0.652180722037752, 0.675539699738379, 0.67009500711708, 0.679990490569625, 
0.672278306199291, 0.664061421763834, 0.683135007039052, 0.683282493963997, 
0.675760517859148, 0.666485914570679, 0.671084375027171, 0.681610969365284, 
0.684565375842137, 0.676418201956707, 0.685513412530407, 0.665601889851839, 
0.654684608934856, 0.669116464543562, 0.678922109193342, 0.685895115499424, 
0.681943589572192, 0.668082336518388, 0.677715692534577, 0.670606023673132, 
0.667929822242885, 0.670607842667303, 0.674327227176914, 0.680987122443113, 
0.689695030902986, 0.677775865758174, 0.672813378284851, 0.674327015434964, 
0.680630680809097, 0.668308123774774, 0.646640385244396, 0.668984442934183, 
0.669921511029585, 0.662498716024162, 0.684255889218648, 0.677587674768369, 
0.684400145913569, 0.668439373127995, 0.672177854139834, 0.672173714526206, 
0.669430149453057, 0.683636268826323, 0.673425786117696, 0.67979858483533, 
0.671239550901578, 0.668799453353517, 0.67785227875708, 0.673638092587212, 
0.66958799861502, 0.682392965955244, 0.6777139464273, 0.668175736764249, 
0.688568156189711, 0.672334168994903, 0.655394030399817, 0.668115230397446, 
0.67618731332571, 0.67714678293628, 0.670529216162925, 0.659598213460676, 
0.657520765860303, 0.677660564699308, 0.676192590732277, 0.683057145485966, 
0.66894199968762, 0.679337413060221, 0.673581700770567, 0.676044706642894, 
0.680894167987478, 0.669110810225171, 0.675882853941434, 0.679524552767422, 
0.677451061987412, 0.658093060704822, 0.673376803569418, 0.662047969961672, 
0.66815475534155, 0.684845873334412, 0.683116467692212, 0.674500365064367, 
0.674102894881878, 0.671355294317385, 0.688799978549568, 0.675474061229772, 
0.682202672854497, 0.676079120854289, 0.677818968272075, 0.676997963976635, 
0.685205095236448, 0.678931069511685, 0.679299995622573, 0.67072429109308, 
0.682848306491278, 0.666559133462934, 0.666978245496503, 0.668420307479097, 
0.675210883206445, 0.680289316465226, 0.673538019954334, 0.672629293953476, 
0.67918679838278, 0.666310825329141, 0.685450185836878, 0.677445072643938, 
0.683154019532175, 0.669356141236085, 0.667515353044321, 0.678552790237353, 
0.684289174848268, 0.670356361340323, 0.672879288991158, 0.678354153159072, 
0.664286017024046, 0.668014165760543, 0.675433313025359, 0.668176441557927, 
0.669089804799256, 0.676385683360786, 0.662556508480893, 0.68470886798618, 
0.682322655993629, 0.676443167569156, 0.671337022351163, 0.666244542757799, 
0.679730271412864, 0.667220691459703, 0.682019295300003, 0.645499821040366, 
0.662885969996883, 0.664722171357833, 0.68046265062652, 0.67566013979944, 
0.668344738689507, 0.686235226479594, 0.669622674251732, 0.679091756909237, 
0.67615670934917, 0.669743603721417, 0.683174995530789, 0.664195543871839, 
0.675041462455815, 0.676302446626982, 0.671480406622085, 0.683006627163935, 
0.683959793220482, 0.672325625887171, 0.659045269505903, 0.66319953745987, 
0.684473113564137, 0.678234619107086, 0.669460453258777, 0.672491654885814, 
0.668392390515709, 0.677189351682159, 0.67023702781397, 0.676775234348853, 
0.678174195706258, 0.662640849213764, 0.685358997300863, 0.663461468937115, 
0.670122160130928, 0.683427121132239, 0.682451785245553, 0.673899922110959, 
0.68000192824368, 0.681096327143877, 0.673922200644753, 0.660704410492354, 
0.658633006792151, 0.679632260243683, 0.686417938909789, 0.659512358422971, 
0.680453530887193, 0.669232137105485, 0.678549598052921, 0.680689559692464, 
0.676194210071807, 0.677501245466446, 0.673146023330412, 0.672505208901305, 
0.667708629562991, 0.678163258199451, 0.66961865857538, 0.655193264156334, 
0.669640151833756, 0.682051069309377, 0.670090739609219, 0.656707461485482, 
0.676236843021548, 0.663696081016475, 0.67673243455503, 0.681088216023863, 
0.661323628062499, 0.683395918265757, 0.676308139060304, 0.658834208271046, 
0.662280838377033, 0.674971203377787, 0.674910774708882, 0.678934945874361, 
0.659641382446632, 0.664129672991732, 0.671790278045551, 0.668308920232183, 
0.6663397826151, 0.66128511447078, 0.664247037367027, 0.67105281346563, 
0.667875988103927, 0.669291499841038, 0.678639033974951, 0.679889807107424, 
0.657144228765096, 0.687115959805671, 0.688791206839581, 0.672617824672118, 
0.67946898721744, 0.678970286880649, 0.674869841598795, 0.682170878055018, 
0.680859770086853, 0.675767909997378, 0.670887786971726, 0.683350806839217, 
0.678301377895656, 0.671420289175778, 0.680962585331005, 0.675875913623772, 
0.671970695790423, 0.682781993679744, 0.664282310113974, 0.680412415761339, 
0.679059776874202, 0.676777020166619, 0.679671400706487, 0.686727991846161, 
0.676475148112331, 0.679629639154796, 0.677738353995178, 0.661430311845835, 
0.680281071575759, 0.678006752421803, 0.672414302520859, 0.66004107542638, 
0.693745059156297, 0.688625071462927, 0.681870270144999, 0.677218316413925, 
0.676541707492994, 0.659944330894889, 0.675110378158186, 0.680363582827783, 
0.67509571172094, 0.685423094547856, 0.677041910170091, 0.677846008620482, 
0.662474141089184, 0.665418424435041, 0.683902571544144, 0.68388615479843, 
0.658838300675649, 0.668332460231408, 0.684996133552941, 0.670610354182561, 
0.686867789733998, 0.689753001062153, 0.686077589018433, 0.68482748073877, 
0.664831440652501, 0.685883129351871, 0.6714554637875, 0.667727813252284, 
0.677344813959236, 0.687741753642651, 0.664287693469331, 0.67044061222259, 
0.677212318288091, 0.667940531149344, 0.672168515857585, 0.672467459134976, 
0.667266884935753, 0.676205106982679, 0.65919352732945, 0.664686028855938, 
0.6541614419768, 0.67194346129779, 0.675258617006759, 0.682831443488149, 
0.671469987491832, 0.661879846061884, 0.668665639432705, 0.663422352950644, 
0.661559244833628, 0.680392986414531, 0.669227041528715, 0.678540067501196, 
0.686487068219755, 0.659905362327234, 0.668274303650225, 0.673600212060402, 
0.668156535461208, 0.668842356714515, 0.675440073628981, 0.65890798715159, 
0.667348524680983, 0.68622492852291, 0.668947742601344, 0.672085208318153, 
0.666512218299477, 0.672005510499457, 0.673674523297382, 0.672262740864398, 
0.684762062956022, 0.680391850102458, 0.682760989077219, 0.675368462384832, 
0.672857182076281, 0.679818600729017, 0.693720229031082, 0.673189266793181, 
0.671946172542139, 0.680405601330472, 0.67613317074761, 0.664907982007635, 
0.681969236708482, 0.673103859797826, 0.675621582032909, 0.67621521664803, 
0.679640344543261, 0.670008161163628, 0.683635276788453, 0.683489004826024, 
0.685621717382365, 0.676059680856555, 0.679014443431792, 0.664690730300558, 
0.667795890286138, 0.675250522471319, 0.673210305938455, 0.675508061570702, 
0.687022535123503, 0.668538394993972, 0.666612830045034, 0.676230986265797, 
0.69163846862613, 0.682826904068656, 0.663590439788427, 0.674490014755884, 
0.667145007083942, 0.667537513080923, 0.68033432833366, 0.663758157144748, 
0.680630981352066, 0.677527209552859, 0.684544081033741, 0.670070402866516, 
0.665990674582308, 0.672488643906625, 0.678356177191588, 0.670590183252897, 
0.689740846358787, 0.676519254364514, 0.684400259641843, 0.691572145244781, 
0.675848743652468, 0.672122589478285, 0.677762842790062, 0.668494520032967, 
0.680482103732552, 0.679676263418864, 0.684814305499857, 0.680772464017675, 
0.666706355058129, 0.675105519357623, 0.648091261723346, 0.669634251905968, 
0.653999745835873, 0.681270538296298, 0.666395163049781, 0.673932378632677, 
0.679818621646931, 0.670609197181778, 0.67903139203902, 0.683828847098526, 
0.674783115748494, 0.688336866250057, 0.679241537364336, 0.676188685431898, 
0.672719040872074, 0.680721330786726, 0.676041431251394, 0.685864581452397, 
0.662467666194988, 0.675415135585681, 0.662992283970114, 0.67992939132809, 
0.663301108068993, 0.683552603765704, 0.685523155857704, 0.681188813453365, 
0.682351914424771, 0.665444961662868, 0.665639641442723, 0.668549809450789, 
0.668380743095359, 0.673866842410158, 0.673918793154777, 0.674110133789727, 
0.652868215661823, 0.662892268269182, 0.683758242441794, 0.669823102990829, 
0.6746770784416, 0.675489765556008, 0.668055185607104, 0.663415957012585, 
0.666827145013712, 0.67108396439912, 0.666769736792996, 0.663118918223742, 
0.678056183931157, 0.665552859493446, 0.669095867860156, 0.668361444434846, 
0.670352790902887, 0.685955407206826, 0.675481010367294, 0.663241852141264, 
0.662968037378992, 0.665465312466084, 0.672428769021512, 0.671598369941628, 
0.668357470415736, 0.672237265030112, 0.671813020662923, 0.664277160526412, 
0.663713006378899, 0.681975879074956, 0.680290505720895, 0.678254185083356, 
0.666699121613922, 0.688884240010365, 0.666214826234262, 0.663085960201877, 
0.685221376302743, 0.674253998773669, 0.66492442565124, 0.665286581880408, 
0.675888184614108, 0.668661896400088, 0.66902245200501, 0.676694500091684, 
0.678683290348234, 0.677925252329544, 0.677219154571979, 0.68041447441491, 
0.668982209902392, 0.688211695592493, 0.684992623986806, 0.683714617405746, 
0.68442865527848, 0.684826755346636, 0.679344930047854, 0.67072236086436, 
0.682127894315421, 0.670381269026868, 0.674745564525762, 0.659950057137592, 
0.67629170400786, 0.657784051306879, 0.684121357956177, 0.679868851262424, 
0.675789164375812, 0.679425552535504, 0.637892414508218, 0.682968411819018, 
0.668225440968222, 0.662948098500189, 0.6531094906799, 0.677689905669098, 
0.679725016787626, 0.670306964662487, 0.68381943002757, 0.667581783920608, 
0.685971767726797, 0.67972929008143, 0.683191379371196, 0.690089482162848, 
0.678484551872329, 0.682144224877149, 0.681536966450884, 0.674086343754807, 
0.672327944906433, 0.666951318263117, 0.673569720362749, 0.664132319072514, 
0.664733382782402, 0.666116037266643, 0.658166083150388, 0.673937136097896, 
0.67227140445261, 0.676641814252582, 0.675021367741086, 0.678967744617568, 
0.684643363365378, 0.679087664431885, 0.677846772355165, 0.681141543019347, 
0.685818604672291, 0.685518475860315, 0.673197855852247, 0.673629438706739, 
0.670575767175807, 0.669265225997663, 0.681748962693306, 0.65869659081465, 
0.679291702314379, 0.674233353808816, 0.675730921509998, 0.660844609076752, 
0.667045531260897, 0.664828948105872, 0.677004208285917, 0.671324611537044, 
0.673519062537674, 0.672358929005456, 0.66856771458529, 0.689379561470249, 
0.684538002924341, 0.676157164514238, 0.669615931319173, 0.677870669237314, 
0.671068771884329, 0.678754785881269, 0.685190838719881, 0.670436718717837, 
0.666289409802239, 0.665176686980073, 0.661755747730369, 0.683569276851635, 
0.676243036051986, 0.679216670440327, 0.670287299987129, 0.678711573924614, 
0.662752338864936, 0.681424117743878, 0.683466036130182, 0.671388923509665, 
0.669174405003632, 0.651685576642937, 0.669178855306955, 0.680531208483372, 
0.681600506085619, 0.675224536630464, 0.675811812584143, 0.680325045337714, 
0.678457864662265, 0.680268168510165, 0.678453079269327, 0.671155540300739, 
0.676728975192402, 0.676572847704548, 0.679461797647986, 0.678768431702864, 
0.677853359877368, 0.680024900311645, 0.659071105628838, 0.663773170197401, 
0.673497427006638, 0.664715519609837, 0.683193481204655, 0.666145403470666, 
0.675969444521525, 0.682368785257568, 0.673658790536481, 0.679848370398422, 
0.668086173907206, 0.668959916016926, 0.679128167063064, 0.658794442391655, 
0.672776595585055, 0.678729430327702, 0.68436056586618, 0.654380138652241, 
0.675601595223756, 0.674838117145275, 0.681160367102849, 0.685873639174894, 
0.675836953501591, 0.664646178785478, 0.688166462900566, 0.667705343724753, 
0.683112573077369, 0.676679055398967, 0.673120153956936, 0.68618174195623, 
0.678957456821062, 0.671546800629045, 0.687735804787128, 0.683557268615309, 
0.675982008063404, 0.681396460676827, 0.6782855640013, 0.65900715286759, 
0.682273161663434, 0.672214048888728, 0.669569714153994, 0.67794980935575, 
0.674535954014911, 0.681417145920816, 0.676150568604155, 0.689712365872425, 
0.670216485312998, 0.668900930888327, 0.659961059002746, 0.675826758340561, 
0.678543711872049, 0.675664627056181, 0.67071859673951, 0.655697544385131, 
0.685606274813936, 0.681086557946451, 0.676022769537521, 0.673630964560954, 
0.679478819104637, 0.674925055529386, 0.677671162379108, 0.691716692710907, 
0.672969278492109, 0.68272688534704, 0.669540142649962, 0.692161903480572, 
0.659358192481938, 0.675306278304761, 0.67571952034042, 0.676073809838956, 
0.685016878101185, 0.675944432439731, 0.667617289344716, 0.677287476704778, 
0.67144291806508, 0.676899807317797, 0.687497829037635, 0.678243285814989, 
0.66462941865138, 0.67694858725378, 0.661398885807696, 0.667346655721632, 
0.669378727843958, 0.676703407651014, 0.663494665306271, 0.680158275922894, 
0.674335826458281, 0.671651968856626, 0.674710020658147, 0.682741942572111, 
0.668593770457204, 0.670283848629423, 0.675209831631391, 0.691179329024828, 
0.673290816631649, 0.666487637152932, 0.67108395155841, 0.673565057415137, 
0.672964166402408, 0.672948993812028, 0.684860870986383, 0.661224844460582, 
0.685200793004915, 0.675173105559754, 0.664238891320321, 0.676284749487112, 
0.678761961339422, 0.669341889175319, 0.674360631507778, 0.652554619282949, 
0.677702261698171, 0.683743343886525, 0.672272103678668, 0.672178283299442, 
0.670317067963314, 0.68011395411196, 0.673295818005627, 0.678256030824196, 
0.68253234581015, 0.660658869827574, 0.674701451560806, 0.684003337256823, 
0.678444027912784, 0.665994332028888, 0.680889017252411, 0.677796247161508, 
0.668891270019811, 0.678941767362735, 0.681492208031935, 0.681814532672613, 
0.682475578514836, 0.677200998039872, 0.670813039829844, 0.679410209003462, 
0.675699635444769, 0.665073246166415, 0.676872898628424, 0.658190776207764, 
0.689004109601897, 0.673588274650598, 0.67750963184928, 0.676003597423421, 
0.670134535370723, 0.666387851486104, 0.668089062750196, 0.67369127883629, 
0.670505509031679, 0.664377035967777, 0.681121278045931, 0.673525178715154, 
0.674074813316235, 0.684411987711813, 0.671259245727861, 0.669087026592782, 
0.656447223237553, 0.671579076847681, 0.674389214191049, 0.681650880973018, 
0.679752216686683, 0.678792475441999, 0.685249590510799, 0.666401205929369, 
0.678307532024404, 0.686041048807754, 0.677245903398223, 0.685142038375538, 
0.669893538632228, 0.662401538330123, 0.66025344761117, 0.672898458256242, 
0.678406456662316, 0.676142098697865, 0.666958480652577, 0.669770008299016, 
0.673079797676112, 0.669317197611823, 0.678036240988442, 0.686614661718775, 
0.673699438796559, 0.667048603457203, 0.683264326999111, 0.670351670807483, 
0.679736964647779, 0.669704281360875, 0.688532023359138, 0.674300515614593, 
0.679182301682029, 0.672320971968674, 0.684554364250572, 0.668445958529121, 
0.679255991173993, 0.672277140944942, 0.670373692019137, 0.672504226570191, 
0.674901125735112, 0.662435754991062, 0.678009330052109, 0.667305954605005, 
0.669512868981776, 0.679876034452529, 0.672527349934796, 0.669073549451348, 
0.665493744450939, 0.686630825655844, 0.677852303393659, 0.668909524700434, 
0.672241892496469, 0.690026391795117, 0.689389100647437, 0.680129923341168, 
0.683007584479977, 0.687431252278793, 0.684888696048271, 0.665675501194905, 
0.673318880236808, 0.682300260482474, 0.685423927480355, 0.672348477998498, 
0.665074202243267, 0.681688597407093, 0.676625850536956, 0.675325902470238, 
0.682392873250493, 0.667434147182381, 0.668303174461605, 0.680923452371169, 
0.670617103664577, 0.675389060030861, 0.679485573257403, 0.683518404589906, 
0.669072332292352, 0.683963832652918, 0.670536189975552, 0.67798699357078, 
0.676998942147343, 0.676503138953206, 0.672436586539989, 0.673934071190532, 
0.670216829953472, 0.675943822992166, 0.67954025188663, 0.678666734520724, 
0.685724528253361, 0.679345398578351, 0.666148345746229, 0.670951866511975, 
0.682131456221728, 0.66912316471295, 0.682446841152085, 0.687509111137874, 
0.664917437616235, 0.668581756091298, 0.671060563502306, 0.661982282700806, 
0.665876506294125, 0.669420101100616, 0.678660890054805, 0.669189916287138, 
0.671033932139674, 0.664200605658199, 0.683618589159798, 0.681762633230446, 
0.673627909585979, 0.665944713012726, 0.686536798148257, 0.672902147511908, 
0.671814121159603, 0.673294124045821, 0.678676317286945, 0.679957263452868, 
0.686514752727392, 0.666858973472275, 0.680900107748918, 0.669261435442113, 
0.672152466284479, 0.679173686517311, 0.676570763377687, 0.672906004320866, 
0.690134917679375, 0.654205104256783, 0.671602211747967, 0.671754191046235, 
0.67682506714058, 0.669569698051469, 0.661629076065953, 0.668022220191814, 
0.683862561125927, 0.664741167038776, 0.687440806516296, 0.67487381650617, 
0.672428403867073, 0.671804278405687, 0.673335731694062, 0.672209211791854, 
0.677027296976858, 0.677077928887784, 0.682507300579147, 0.66535925379071, 
0.67069878829984, 0.665569510432059, 0.686085103779474, 0.670617783313907, 
0.67992542407354, 0.682130927433728, 0.672973909308194, 0.675218704075311, 
0.671365842709264, 0.678531298226403, 0.665286021121845, 0.680068093297906, 
0.67437323476224, 0.676487089006338, 0.68145458712898, 0.684042860429328, 
0.666531567378754, 0.675186053957279, 0.673543591248674, 0.67411467612565, 
0.683289671005399, 0.677944879681701, 0.659273606896177, 0.665498477674038, 
0.67293723777553, 0.688103641137499, 0.668018424904843, 0.669834203752681, 
0.675792681884331, 0.674172684506607, 0.665484269997945, 0.673086941204235, 
0.652832401901661, 0.677719992310427, 0.680446148248941, 0.675322173150509, 
0.672324119465801, 0.663789161902963, 0.666234285793171, 0.67617098901925, 
0.657962341540283, 0.680101256637819, 0.663045594166469, 0.671310750978725, 
0.662738370469657, 0.671470287061346, 0.682698551875328, 0.67270590106931, 
0.663339831266615, 0.67283280906064, 0.678722259954135, 0.659711284454261, 
0.675654783292278, 0.680573384813641, 0.673001044041642, 0.667798838238329, 
0.666422665507264, 0.683208996547988, 0.682934214605058, 0.668435238962612, 
0.675041248249156, 0.674493523630293, 0.686613525808784, 0.661253499315894, 
0.669320555779467, 0.654616035336251, 0.676782497927824, 0.666587573444056, 
0.663360340996119, 0.684174527097929, 0.673961875162395, 0.683931806526701, 
0.668635401606962, 0.66308931959083, 0.670188274495923, 0.673487100258516, 
0.670251264686952, 0.662767199536244, 0.673817190617818, 0.679163336356551, 
0.662451942265273, 0.66158594259512, 0.65884173255562, 0.671368149825933, 
0.682106138967362, 0.681104586455242, 0.686318191694818, 0.668408508262261, 
0.683322481692022, 0.668124431710403, 0.668826255908486, 0.670043703573111, 
0.675196419178548, 0.678906551793444, 0.668953564389268, 0.666140096690328, 
0.677150552724247, 0.682781116231061, 0.674498294133526, 0.673156775912703, 
0.676298147000947, 0.675885883924131, 0.686879960346818, 0.691718383452126, 
0.679234479753119, 0.673232927223182, 0.660132783601067, 0.658214011283609, 
0.683448423512735, 0.67886315343334, 0.664873099516356, 0.671313679402498, 
0.668112112976026, 0.684415960634876, 0.67032191477766, 0.673904344183172, 
0.661412367768149, 0.67569760258253, 0.677960510180393, 0.680186782614061, 
0.678287004976704, 0.681648715742829, 0.678006887124913, 0.670585979463344, 
0.681006870135506, 0.683985103415549, 0.679319424778858, 0.675746161055259, 
0.673021959711036, 0.685524822034569, 0.660758394000968, 0.678940758306271, 
0.671832636347144, 0.683902760830161, 0.664297592953433, 0.666252576215929, 
0.674141859535131, 0.661400928541244, 0.661699882070241, 0.683717657326891, 
0.667859684187499, 0.684215616209288, 0.671424002504218, 0.657228629099083, 
0.676861273133447, 0.687151336665326, 0.679951103335161, 0.668687096321435, 
0.682725124800593, 0.679138379748282, 0.674013467071477, 0.684327641895208, 
0.68043637532978, 0.673572327742218, 0.685844566412737, 0.673794191664402, 
0.677920092821237, 0.684948233853838, 0.66354883228244, 0.680659225935183, 
0.675068340201134, 0.677771987368191, 0.668734448704921, 0.657153823153196, 
0.672066725357427, 0.67821301298827, 0.684804084149887, 0.674003863878689, 
0.657982690836026, 0.678225135978344, 0.661296412403438, 0.665045562941701, 
0.67857404334338, 0.675637170125321, 0.669938802133013, 0.669143323206755, 
0.661003004927854, 0.682656652876887, 0.673462909425918, 0.668968029645484, 
0.672938701150759, 0.673761784036675, 0.658137875528639, 0.671777035278075, 
0.67331451319101, 0.678794283857961, 0.673561677948472, 0.667781795936751, 
0.681254360798699, 0.654760380130329, 0.683423547905693, 0.672805307637822, 
0.655272959656291, 0.674633677099804, 0.673614183183134, 0.675421548986772, 
0.673339851034378, 0.678460805562484, 0.660008342600028, 0.679113414358146, 
0.676890833503896, 0.670307882888876, 0.666720496276777, 0.675528708587189, 
0.690368578044378, 0.667999486739221, 0.66785704721025, 0.685409877919191, 
0.692505328807291, 0.681218288237557, 0.693038771046965, 0.670116831608971, 
0.659691278386375, 0.662164043209338, 0.681929457210108, 0.673590919282791, 
0.658710978447213, 0.678459053167251, 0.679857831635723, 0.675980963130308, 
0.665700833775572, 0.676363698760226, 0.66879694057315, 0.674377127543652, 
0.667853270742817, 0.673637364616995, 0.672108907123381, 0.67314781851772, 
0.672157913302453, 0.685966038212209, 0.680565373060042, 0.687166575037009, 
0.680022296784795, 0.67394094229786, 0.689621404364816, 0.678893985693979, 
0.671754698764809, 0.677740682914635, 0.684844299164324, 0.689339262040317, 
0.656902227170538, 0.679350291764373, 0.647021518949286, 0.684635546559992, 
0.689992349680961, 0.677540413979033, 0.675838326853256, 0.661631356466117, 
0.676529718799003, 0.666209785110063, 0.656753964801103, 0.661252351511168, 
0.672664146175241, 0.676138842110792, 0.683739212318466, 0.669490059398068, 
0.669142577315855, 0.685205314552909, 0.673528821488654, 0.659960166941346, 
0.681569768681321, 0.684199345454295, 0.685157739066265, 0.669312550395429, 
0.675315176771923, 0.68193219236979, 0.683004002242451, 0.675289273388404, 
0.675458932163736, 0.677938597743127, 0.659250748070639, 0.683813694502362, 
0.658163212260713, 0.672079349325376, 0.682955187932254, 0.676531998382004, 
0.679016919301558, 0.676393993105647, 0.678443635736265, 0.673257416445941, 
0.679154118834312, 0.671664482690493, 0.655459446107655, 0.674414025033778, 
0.683185179092903, 0.681726219754303, 0.690274623102136, 0.674620610754534, 
0.679581968075236, 0.670316148897283, 0.675879887670782, 0.679238055247427, 
0.661488750216137, 0.674331460183033, 0.671352845303759, 0.652107337675682, 
0.671406794989974, 0.668639653144305, 0.661191090621356, 0.671648585357342, 
0.675287178965436, 0.670997517569725, 0.672664500148252, 0.677640119141782, 
0.673823750057277, 0.666279822639968, 0.657307342538477, 0.667018153576624, 
0.676282156978413, 0.676152506769814, 0.674897380822981, 0.681999722482469, 
0.681877174666854, 0.664531134869626, 0.675024415197365, 0.672036066058784, 
0.670754905774477, 0.65390601160901, 0.677235356401768, 0.688599300439117, 
0.677170589756913, 0.661453573570712, 0.673422545068778, 0.68034899846912, 
0.664501980291891, 0.675989575229646, 0.668787465410329, 0.675087737055678, 
0.674298507436381, 0.690120753574852, 0.668159482814599, 0.669442893091667, 
0.669505367478829, 0.671230021364899, 0.687320360160291, 0.68711843834638, 
0.6812637771513, 0.677045364876777, 0.683280890364421, 0.681333349103415, 
0.678413992362497, 0.664146672307566, 0.684270017476997, 0.678393121304929, 
0.680029842048466, 0.669560495008537, 0.673612330309817, 0.678023027642779, 
0.658002965512783, 0.669774016201007, 0.680278272957225, 0.679688450843348, 
0.683453250970941, 0.657714512001939, 0.673797775940486, 0.681431385376416, 
0.687803987075438, 0.679132214745528, 0.681885760475492, 0.677179770101638, 
0.690847171803104, 0.665605621432763, 0.672465761800525, 0.67855503386606, 
0.676841977290685, 0.672330373167269, 0.671302995717661, 0.671726069299345, 
0.673927678786363, 0.673515977783417, 0.676996135263074, 0.653323735339344, 
0.663082900806303, 0.671975758664319, 0.683454336273454, 0.650927058743609, 
0.675651514368798, 0.658942460734937, 0.665007316879417, 0.675726171906226, 
0.677788916603477, 0.655125245688542, 0.677709346991499, 0.677217581105596, 
0.679703994941975, 0.678329983469995, 0.679180206868902, 0.677610212650084, 
0.685909210557215, 0.675816848820073, 0.674859838334353, 0.661232518552778, 
0.676233843022362, 0.669893858559651, 0.688604210087616, 0.688259907998827, 
0.679966987915138, 0.670542249341339, 0.669136852427634, 0.677370892387541, 
0.669721025632956, 0.679312389456293, 0.673574108308818, 0.676108963667903, 
0.681748405618346, 0.687172230185503, 0.682273404998255, 0.67202625383033, 
0.663446566397331, 0.677292905352916, 0.665704328237475, 0.673637065445338, 
0.67781352732426, 0.660246829681896, 0.678440572257655, 0.677773829619744, 
0.673477819856126, 0.670115287008991, 0.674704648348249, 0.675938485330173, 
0.662025265057179, 0.675002299657354, 0.681868355295904, 0.674565141223618, 
0.666846145984952, 0.659674859979074, 0.674061408082819, 0.681719743808325, 
0.690358508515931, 0.671284896644536, 0.684665106575873, 0.688543063714982, 
0.660584458015699, 0.685426955927838, 0.676325668266122, 0.649657523670085, 
0.679563416028998, 0.676352901618703, 0.673767873986245, 0.677900065862164, 
0.675142586197898, 0.68226943732387, 0.665551822523352, 0.673171704295623, 
0.67659592623189, 0.683271981168004, 0.685561937163737, 0.662182983259193, 
0.682394336398303, 0.678465542396447, 0.677311801674797, 0.682608186399408, 
0.675794218194217, 0.670932425066258, 0.664857341318754, 0.648905169997022, 
0.678839677908794, 0.685734421104196, 0.674055227441916, 0.685430465684756, 
0.66307721748984, 0.666472348517449, 0.685728862511293, 0.665966632846455, 
0.677748795277024, 0.676275995229453, 0.679952456629933, 0.661458580428787, 
0.679235784846574, 0.672060026851152, 0.670489814624501, 0.68129752353817, 
0.678499982107812, 0.682057637701265, 0.664695655030907, 0.677601343219926, 
0.676940353814449, 0.670692630788781, 0.678104124283769, 0.654333075083285, 
0.673783916447744, 0.662427076606488, 0.672074256477447, 0.671713906746882, 
0.66445157420533, 0.677074004502124, 0.668382106095049, 0.670458770399517, 
0.674350037639907, 0.684182597624306, 0.675078395927621, 0.682433125501273, 
0.676551692198954, 0.68046574927639, 0.671519748644879, 0.671006066830599, 
0.68036146328658, 0.682075150892775, 0.676174673685804, 0.67129401853123, 
0.673105804589597, 0.6839041058732, 0.674189442372861, 0.669029455308111, 
0.689545208490247, 0.677065585591594, 0.672571949849455, 0.680675620951324, 
0.657792370504252, 0.681069358339352, 0.679390369561591, 0.682224046395378, 
0.675052032351116, 0.65164613917173, 0.672863074548594, 0.670412966176881, 
0.667279121461672, 0.672524574368772, 0.668935624977418, 0.668639329043537, 
0.663020209819038, 0.672932985258126, 0.670392773338715, 0.666732808308834, 
0.670367675448671, 0.661759189400802, 0.679589765419834, 0.672876013640534, 
0.668414742017732, 0.685653987543209, 0.658591137974159, 0.674127976535715, 
0.682393213729183, 0.668159837756457, 0.688730285012559, 0.681202427235653, 
0.674021014911132, 0.667177669935079, 0.667757162728645, 0.678832891363064, 
0.679152735620347, 0.684639298651256, 0.663596700528002, 0.666631616027138, 
0.665356709321202, 0.652599802885987, 0.673381706121346, 0.660621850538513, 
0.670806007437135, 0.672750811091305, 0.674295893665778, 0.677434480876003, 
0.676651170799592, 0.671769416249742, 0.689872288897868, 0.681493382655399, 
0.680503218311088, 0.683795410794245, 0.681337569354624, 0.679293751009613, 
0.679076511700426, 0.6740195387356, 0.664438422709503, 0.6759550137329, 
0.675900445291429, 0.668083828084601, 0.665505206811923, 0.680899523627336, 
0.676192562980562, 0.67032707065114, 0.673306195216305, 0.651696178870329, 
0.68089134388245, 0.686801198779477, 0.671431782672592, 0.683134227353525, 
0.675640424970957, 0.682022962226145, 0.658743025514162, 0.654239891841451, 
0.674790535836609, 0.667432833737003, 0.666534004087184, 0.682671166648222, 
0.687734836089147, 0.661106703486532, 0.68095601335249, 0.667086106692884, 
0.664137276574902, 0.668366219491443, 0.662358372111383, 0.657296653170171, 
0.677187535325912, 0.686673620892563, 0.673289355293867, 0.674284944242446, 
0.661556995021044, 0.670476063776163, 0.681637397644683, 0.693762792010037, 
0.672218845311612, 0.674674818569889, 0.682741224869258, 0.676641695114218, 
0.683928017211048, 0.680113048581293, 0.682262520481276, 0.656161098343785, 
0.664552383008669, 0.684430847796319, 0.677573837389341, 0.645043896571702, 
0.68490045037646, 0.661299038070913, 0.674387385842117, 0.676419638152255, 
0.64934089703165, 0.663776247612713, 0.674370897944517, 0.685143981837675, 
0.681718953780746, 0.667983479166957, 0.680314424491894, 0.669156116195885, 
0.671844559695203, 0.681949917992381, 0.666886153409444, 0.66945400292154, 
0.664339404662549, 0.66516837893188, 0.681013794747724, 0.666633909244745, 
0.67380674399878, 0.665949652575245, 0.674706720029683, 0.669233224158144, 
0.676864022918698, 0.68109190384867, 0.682266202750139, 0.679010759072912, 
0.664526727679063, 0.681616292554148, 0.685983530010901, 0.665030930232252, 
0.673463035642622, 0.678181833823365, 0.656750056583231, 0.675167993070275, 
0.67057007270454, 0.66751491054382, 0.667787114544708, 0.671879425801441, 
0.686047500366343, 0.678412342315606, 0.672422946910178, 0.674678472564304, 
0.661903285878914, 0.675085700373044, 0.684023833719945, 0.66763922825936, 
0.671279674286427, 0.663575842467825, 0.67486087392423, 0.667310638185958, 
0.673945923745848, 0.67352765700602, 0.657062425710505, 0.676273280128563, 
0.661068646243391, 0.678084728505214, 0.689159437470795, 0.67245695170635, 
0.658515635502749, 0.677624274597251, 0.683024516338482, 0.671097160328424, 
0.665010115101976, 0.672606021018687, 0.680577565660413, 0.680339498707888, 
0.679506684714518, 0.685458807854733, 0.679978886703403, 0.672930971669958, 
0.668237091601492, 0.677652319313176, 0.685184720731379, 0.683795928181719, 
0.675514644614193, 0.66353308523506, 0.670452929070912, 0.679799338404949, 
0.666581498091689, 0.674985226885775, 0.678136189529892, 0.679669014079556, 
0.669253681865951, 0.673920149887749, 0.663085493779453, 0.670114933676105, 
0.669098956641939, 0.671227396822304, 0.673549891717599, 0.659523499724957, 
0.661228808487008, 0.668461874437786, 0.679645505856531, 0.675978927083059, 
0.669158477882306, 0.674960887442678, 0.680130105787431, 0.678685354962233, 
0.662905528969125, 0.671281512531488, 0.665064119906155, 0.684737593635378, 
0.664738920562928, 0.676947865587415, 0.677276037501528, 0.675452170414216, 
0.682451266347689, 0.672166986854372, 0.669610801486852, 0.660843218344929, 
0.673420233108267, 0.686226988607331, 0.674305307941978, 0.67243476342885, 
0.680577502359431, 0.675602003427226, 0.650613263305426, 0.674535431338306, 
0.682782180651293, 0.665502405439794, 0.669610955145572, 0.677451491422547, 
0.66539921269125, 0.667166894055463, 0.649177156787697, 0.677571887724053, 
0.66436126521661, 0.690915845152829, 0.68041750446505, 0.664549440387029, 
0.680965571092696, 0.674151897246148, 0.67313032315771, 0.682685108842474, 
0.678630433801644, 0.654731820327675, 0.673762512008973, 0.682466203674934, 
0.672504692002459, 0.676097390384791, 0.680053913835275, 0.681849133954963, 
0.692102018490586, 0.66997805583814, 0.666031848626783, 0.674197596758989, 
0.671746405448595, 0.676506909044595, 0.662643966882902, 0.679541030830242, 
0.675620462009801, 0.681089720974723, 0.660434665908617, 0.680505526446403, 
0.667230944292052, 0.670885136612857, 0.670293514080746, 0.655647212111336, 
0.672544494617216, 0.664989882970729, 0.668767437757251, 0.671552524303162, 
0.672705377328103, 0.683583043865099, 0.684458601598411, 0.661969437312606, 
0.665083539526759, 0.663852886114633, 0.671211667300737, 0.678768976838453, 
0.666838808342577, 0.681275814649758, 0.673213876086065, 0.669319074188799, 
0.681103154543575, 0.688631076622034, 0.672064454335455, 0.664864369610372, 
0.671561932067568, 0.666268214739333, 0.681812879183229, 0.684873996253931, 
0.665221513708669, 0.68598405237284, 0.680017349753736, 0.681999113892241, 
0.672932804897842, 0.6701969620469, 0.666481175370701, 0.651215142491552, 
0.679608916131418, 0.678401079989877, 0.672010149567288, 0.660795954434589, 
0.671122396127367, 0.6699185230819, 0.663559045128663, 0.67572682606828, 
0.677685645109505, 0.676621169688976, 0.678396409293206, 0.674877615819598, 
0.677644790093976, 0.675350160395225, 0.658927827526428, 0.667319861557602, 
0.665893387935512, 0.690265232406297, 0.668546801215528, 0.687120956169397, 
0.672720618683969, 0.673010424763992, 0.682999087924344, 0.677378693487918, 
0.677959570510424, 0.671486913756475, 0.662852652805794, 0.669622605417716, 
0.686361260067377, 0.666693139541413, 0.677296994079056, 0.680752605524433, 
0.681682969618741, 0.691772208499827, 0.663002539975613, 0.669047660038672, 
0.684932482322623, 0.678005821469602, 0.666111845088554, 0.654339512986334, 
0.669145345336414, 0.672200519648048, 0.669737649911298, 0.678751711247925, 
0.673047754763917, 0.661165792301095, 0.669604518643814, 0.675868469986368, 
0.678143095108027, 0.680127143405223, 0.659600091708602, 0.669831557729152, 
0.675383479748112, 0.671288453157034, 0.669389801073551, 0.674425769466822, 
0.671235076438242, 0.681264733673412, 0.681142703409426, 0.661105623011732, 
0.682417046514536, 0.668989639708247, 0.673449503265152, 0.685461884938915, 
0.676483438080907, 0.672199169832942, 0.676971632505051, 0.666538029512538, 
0.674967407061173, 0.666311543183912, 0.678149562787797, 0.685130779793341, 
0.669963133025108, 0.669670498368595, 0.661274269698428, 0.676326863669918, 
0.666199422860032, 0.671806512186969, 0.674761747459071, 0.670952756978206, 
0.665841071679213, 0.667624783336558, 0.6757261647273, 0.676588946573867, 
0.660857270814206, 0.659135788284654, 0.661908498050369, 0.688297676723324, 
0.677870783527924, 0.687708232018684, 0.669450620588889, 0.671841609327314, 
0.683118138252883, 0.677780985433548, 0.680333187556272, 0.68530646086868, 
0.692327656283445, 0.669461189044518, 0.669531791017878, 0.677760204922528, 
0.665761878384904, 0.668360787767463, 0.675938674802417, 0.666437036107096, 
0.676494170783344, 0.674623174609593, 0.684751836472542, 0.679186634172005, 
0.673051007251826, 0.679329558448301, 0.675040070415116, 0.669304882065521, 
0.663915837712284, 0.680848567402396, 0.66394593240604, 0.677397999926716, 
0.663432692862357, 0.677333988599788, 0.682162327476284, 0.662731459575658, 
0.67762633161377, 0.670729950654018, 0.675890827134252, 0.659407897592052, 
0.679553751420039, 0.677729817827415, 0.687614723826568, 0.660291218827755, 
0.681234401996422, 0.685410398459183, 0.683599606422733, 0.671377781082371, 
0.664532283180432, 0.666904140012421, 0.677912871430937, 0.65772285256946, 
0.676298975091424, 0.677046166553556, 0.677860281100192, 0.68059969454064, 
0.677594674861142, 0.664782941136187, 0.674571599793003, 0.684646922695076, 
0.670976830128579, 0.679865891437506, 0.668508311886752, 0.673458065316067, 
0.670342123915545, 0.679498839910032, 0.671354237675667, 0.675828457268277, 
0.681170664914126, 0.671152927966161, 0.682803672892535, 0.667918144813084, 
0.664761734513526, 0.667348104184489, 0.67354517725518, 0.666214849640293, 
0.662114631398758, 0.673924019593929, 0.673030854662512, 0.678654607335994, 
0.684629019671887, 0.67062994022801, 0.681961092023926, 0.656797942167269, 
0.67864691113547, 0.671274566448939, 0.672770532062233, 0.667910779882385, 
0.680661593602692, 0.674079148404629, 0.665137614460594, 0.677874986924891, 
0.675967805390992, 0.675738902760889, 0.662815133831682, 0.672989150093353, 
0.672759159890443, 0.677751334416363, 0.670901501579026, 0.682145497265158, 
0.66595786294499, 0.687184453469615, 0.687556404355163, 0.676831459303388, 
0.678502938474301, 0.681874536020206, 0.670547600957446, 0.665035152853873, 
0.67629526588602, 0.668321567171408, 0.673403221913511, 0.673027818454096, 
0.656456206195735, 0.680845144830979, 0.680227702526688, 0.665881475190859, 
0.688214534423986, 0.663016339224772), cat = structure(c(0.689367275019154, 
0.674014068991741, 0.0081650070892425, 1.8803665275002, 0.0182
), .Names = c("obs", "mu", "sd", "SES", "p.val"))), .Names = c("sim", 
"cat"))
