structure(list(sim = c(0.663573320242285, 0.66655811856909, 0.663777471862207, 
0.660823736769872, 0.672249787618167, 0.674297375531729, 0.670517687964589, 
0.669479700297941, 0.671718250797748, 0.664643617362495, 0.66361126400095, 
0.672339942540905, 0.668824126294226, 0.669511731414502, 0.670374250794117, 
0.669956926646999, 0.67671459744641, 0.672596255431448, 0.673592848709494, 
0.659885255053169, 0.668449048107408, 0.667212173706293, 0.670156896962842, 
0.670505611687663, 0.673650096986038, 0.675354758569717, 0.669433581766022, 
0.665719347341883, 0.668833474904706, 0.671116442810137, 0.655027949302007, 
0.6654990381111, 0.666280056662702, 0.670473165776022, 0.670575776880269, 
0.669296106938062, 0.677945277799009, 0.668508678316462, 0.675847337426369, 
0.66442851221052, 0.669517694655328, 0.674522030682525, 0.666790542131323, 
0.668027318747974, 0.669846775570472, 0.665717668048108, 0.677063079693536, 
0.679353779292183, 0.671865329357929, 0.661515455779288, 0.675321349950829, 
0.666352672744069, 0.672995087618347, 0.672127293863891, 0.67022794521044, 
0.673241594154691, 0.676120513680364, 0.66756629530891, 0.6736810249621, 
0.673791435056095, 0.669726494966283, 0.669125842245296, 0.660615927626417, 
0.670541530912733, 0.670591771749168, 0.664992245906928, 0.669783927527111, 
0.667077094452806, 0.668171251721538, 0.667198057651374, 0.667841090803695, 
0.669031529594726, 0.673121789105248, 0.665880874831279, 0.673280913039019, 
0.669136068016289, 0.673677261481673, 0.668296508796541, 0.663843126298804, 
0.671442235065177, 0.66733079663712, 0.66861527326546, 0.669248464474575, 
0.670810375531538, 0.669310559922268, 0.672050512852698, 0.670991828247874, 
0.664298061847444, 0.665680916453083, 0.66361209675082, 0.667417474727315, 
0.67048754351638, 0.674381520366303, 0.666428653405369, 0.669696344036294, 
0.666007981459949, 0.668349585369659, 0.667530941574115, 0.655431629629481, 
0.66888244900517, 0.673606669560453, 0.662440968198792, 0.662095413980978, 
0.665479858567133, 0.665608204587004, 0.668569452173223, 0.671378724109291, 
0.675570669239268, 0.670549535461094, 0.66633261393669, 0.661114867549921, 
0.671566946486435, 0.669677961841045, 0.66961283011795, 0.669288158247114, 
0.673179536764555, 0.672438882116006, 0.670430233590686, 0.669095801555449, 
0.665552923857594, 0.670811704258191, 0.671072223955825, 0.675291073954031, 
0.669892849168969, 0.667994478255285, 0.673018801928378, 0.674765601074062, 
0.669922398383207, 0.670040162641357, 0.667100444056001, 0.666524165662143, 
0.670157534196834, 0.671552714546736, 0.672224346074307, 0.672772551034348, 
0.67299371117838, 0.669903566565386, 0.675236066196498, 0.668123266609578, 
0.665569325915664, 0.670870262727336, 0.670910195318961, 0.655825024407681, 
0.670430381838825, 0.672722879398359, 0.668614818802913, 0.672578058199936, 
0.678080977460482, 0.670047649652759, 0.664821151318297, 0.670404868238601, 
0.671847854400879, 0.673332752102058, 0.663929762586917, 0.659832633214544, 
0.667510324155174, 0.673470323758938, 0.666357551358011, 0.670887592234044, 
0.664840154829079, 0.673211131266953, 0.662144285275103, 0.671661067527067, 
0.668451016339632, 0.663589744176961, 0.664123477034769, 0.667930953136289, 
0.670603889710865, 0.665497140778199, 0.672942324203462, 0.671519189888867, 
0.672910114069202, 0.675910337341847, 0.664792010311232, 0.670161160533455, 
0.668278705639141, 0.675058268986655, 0.671227351045505, 0.668369674708404, 
0.669785442983841, 0.667591633263586, 0.672288146545736, 0.666653757283075, 
0.671732794817307, 0.674436208580421, 0.662775325698527, 0.671353438596904, 
0.671611940034514, 0.666270212501012, 0.669018883851094, 0.663039156860904, 
0.668349165292234, 0.661830939152089, 0.670670760870146, 0.670785804874035, 
0.671209292419673, 0.670750973952746, 0.6712358763608, 0.669943191183125, 
0.66292212657583, 0.671521339606152, 0.668274232396923, 0.670780459232359, 
0.674496011895804, 0.673076835152553, 0.677270702829833, 0.665910919908985, 
0.663549149195084, 0.669573505358159, 0.668878157507426, 0.666329197809912, 
0.669895602564259, 0.666497532312711, 0.668506484679202, 0.674231264051042, 
0.665084102464908, 0.669339282127339, 0.661574591045728, 0.668506798168696, 
0.676672050130623, 0.673430767360564, 0.673170329714238, 0.667409646052227, 
0.678978767132036, 0.668615209292856, 0.66780646881985, 0.669614132170754, 
0.6696411998281, 0.67239872279347, 0.678777578696269, 0.675150516193339, 
0.669393265347945, 0.672999483079498, 0.674727282821904, 0.672116593908597, 
0.669123874062344, 0.667337012381228, 0.671915027186448, 0.670433500267511, 
0.668964227851257, 0.671650405847834, 0.665093272933886, 0.676253038843418, 
0.672293054526656, 0.673987252680713, 0.668904713097943, 0.671678757069262, 
0.671067007370574, 0.657136087232437, 0.667041439164924, 0.663516948285267, 
0.672706188772448, 0.663234138495783, 0.666971253614954, 0.667502272448386, 
0.663618486143004, 0.663047628711579, 0.673753129040833, 0.677143737762342, 
0.673759996370225, 0.671847715861239, 0.665615753038574, 0.672620237700696, 
0.671934524277023, 0.668510174998199, 0.675729221377669, 0.675105534575512, 
0.672526641445199, 0.662353172628268, 0.665483693103727, 0.669614811517598, 
0.663084551723796, 0.664814223437376, 0.667554384238765, 0.663435982158537, 
0.673135261521714, 0.663656129706292, 0.66922074658071, 0.667566928979524, 
0.675766039338049, 0.660579036752021, 0.66873232452142, 0.669393260982446, 
0.66590459362574, 0.668317798643272, 0.665834200510773, 0.672345796093242, 
0.669794090179414, 0.669629488709525, 0.674554501338544, 0.664103007626623, 
0.671216182568245, 0.670933379264582, 0.670607274122866, 0.66459053644775, 
0.671406863807713, 0.672104570079744, 0.673317609346585, 0.673928062875654, 
0.673037128508841, 0.671399423595522, 0.673675460436565, 0.671582104027329, 
0.675576197076743, 0.669149968429328, 0.67462200193634, 0.667344228649763, 
0.670950662338415, 0.666110552604904, 0.667334282554566, 0.67483369036902, 
0.668177857905996, 0.675207913529479, 0.666579250693503, 0.670887759892578, 
0.67186446351494, 0.668511695272968, 0.664396123231643, 0.663747076739726, 
0.674004141497421, 0.664509200994468, 0.668746633640667, 0.672668715073939, 
0.671092835403113, 0.666897456492267, 0.670098334605709, 0.670080625717905, 
0.67410737630403, 0.671564875563849, 0.672624359612743, 0.67333314276223, 
0.669047843943128, 0.661314098642343, 0.673665968550945, 0.679738443749295, 
0.660314585375462, 0.663650132963731, 0.667290157334162, 0.667792396229746, 
0.665190926186674, 0.673911917071702, 0.673657303612952, 0.667269327839934, 
0.664531856773173, 0.670586926931744, 0.665411542261843, 0.67845399536102, 
0.668367775700854, 0.667080982259729, 0.671219102994922, 0.664800394539885, 
0.670806197783254, 0.669198832663232, 0.670114175404809, 0.672377769007711, 
0.665618789756187, 0.664291178369427, 0.663811809744012, 0.669331382280293, 
0.671905849964853, 0.667314814749602, 0.673776729921231, 0.672420811043471, 
0.66661979468521, 0.669746952918935, 0.677759397052855, 0.674196729400012, 
0.672343701006877, 0.667955469022941, 0.673824197208239, 0.672548733815369, 
0.660442894911201, 0.667732341978369, 0.669375774361503, 0.670454342330021, 
0.666699876635299, 0.664763849295986, 0.667308308847815, 0.670049553529133, 
0.665393283648898, 0.671221244763015, 0.671830624960117, 0.67539596000114, 
0.673441277877856, 0.668293529212458, 0.671568509103378, 0.670830582534541, 
0.670007058635346, 0.670032393526528, 0.671423653163325, 0.669009207906318, 
0.665915534947911, 0.670568011464323, 0.667291565653651, 0.665957141503286, 
0.665522233609179, 0.664902635147421, 0.665708414179659, 0.667273933267076, 
0.665995097120989, 0.673914292844742, 0.670341739354512, 0.66806384917429, 
0.671488906870618, 0.669496056995061, 0.6699278922397, 0.676596861171646, 
0.66849870713291, 0.670961479655835, 0.66695011017329, 0.67456669965918, 
0.67277196824855, 0.657911290152694, 0.663783686424986, 0.672506778027968, 
0.668057639688583, 0.670551858742257, 0.664782677902145, 0.672916034065511, 
0.677528252751433, 0.665242126885765, 0.672165294549844, 0.670572041449182, 
0.670527885066687, 0.66642541542297, 0.670115044989371, 0.665455820623652, 
0.664049804070981, 0.671011458303328, 0.670439389513631, 0.673831937351112, 
0.664961119376937, 0.673848407260108, 0.667123858336287, 0.670513018460426, 
0.671323241654463, 0.671171135351108, 0.668501590733935, 0.672993623991899, 
0.673001260561043, 0.674051229066672, 0.667080106631244, 0.664012032053975, 
0.668902061349448, 0.671090371176605, 0.671616516135946, 0.668980887279195, 
0.662477236555097, 0.666519897597297, 0.669675927871335, 0.670678409956602, 
0.662746403810412, 0.657256681524183, 0.668512481810221, 0.671322175746215, 
0.666480602984686, 0.665158777726542, 0.666611571517765, 0.664800149578207, 
0.674957305267816, 0.669600053864277, 0.671739380693912, 0.665598691018001, 
0.665324962740195, 0.66966755343365, 0.664893173734205, 0.669097162799121, 
0.675407085740792, 0.669527551206046, 0.667374463980219, 0.671211960906702, 
0.663517696492768, 0.674771802320832, 0.676366311211988, 0.672088127240799, 
0.665181951497228, 0.667597786549313, 0.665452443753071, 0.673884915605099, 
0.665283388017579, 0.665591900004875, 0.665562114087012, 0.672581434606988, 
0.671274352863848, 0.673442188424455, 0.665177715451877, 0.671257139814505, 
0.668512441630649, 0.67252594992721, 0.665502347233083, 0.671581327363289, 
0.666779096755248, 0.670983280643141, 0.672301213529537, 0.677362380977148, 
0.668188817363989, 0.668886448876863, 0.661998175964944, 0.664580852142445, 
0.665892805211656, 0.668157062946375, 0.668555750043503, 0.667913721805854, 
0.669768291074469, 0.66534276442101, 0.66922454476615, 0.664801627960973, 
0.66581944471087, 0.666757152555514, 0.666216060018483, 0.661344365698716, 
0.664216917525242, 0.67174963850855, 0.675572741912307, 0.666956130468732, 
0.675150558151919, 0.666610977066643, 0.674407011673455, 0.673831704064779, 
0.670821210510671, 0.678069260910934, 0.668448244870988, 0.670293032499098, 
0.669687882821503, 0.669533917873058, 0.667533270443783, 0.670934830598925, 
0.665832699370992, 0.659196164587883, 0.664610058995222, 0.675301110408167, 
0.671960598876956, 0.662550567088354, 0.670230839169923, 0.668285348998896, 
0.659772094395821, 0.669694034348576, 0.675087874019324, 0.672684391545749, 
0.668175364042022, 0.674880676784325, 0.673166070389624, 0.656769456876382, 
0.67806472183427, 0.672184338902932, 0.67195729208812, 0.673407890901535, 
0.666501329172487, 0.66936135897223, 0.661031623173418, 0.673418290359218, 
0.676154375698523, 0.672628278441759, 0.669170845218371, 0.67285138733858, 
0.671409837660371, 0.66655218941798, 0.669435229119907, 0.674212345482471, 
0.665443693946058, 0.674506195085867, 0.673359894746592, 0.674474801210288, 
0.667782482574016, 0.669931634492913, 0.671304901501642, 0.679522622883264, 
0.663532167682525, 0.668715915837933, 0.671372314036097, 0.66441769845755, 
0.660771060656733, 0.663531241781079, 0.673387664616754, 0.672818113732217, 
0.667688067655113, 0.662850923112147, 0.6695017496589, 0.668941685333821, 
0.668054737751867, 0.672906785993504, 0.673369807240539, 0.669336789964683, 
0.662707448077701, 0.670337513872091, 0.667847648615932, 0.672665839133439, 
0.673933802486958, 0.665505597172076, 0.665728960271802, 0.666228870255186, 
0.667690659518557, 0.666542110846336, 0.668408096316186, 0.665198347821715, 
0.66982944843, 0.664103603042765, 0.678326418611526, 0.673319920075861, 
0.669556364889202, 0.669575685394969, 0.658855739168558, 0.661654458545506, 
0.675303724495008, 0.672334588974961, 0.667454977670162, 0.67579360328132, 
0.667358476454658, 0.669873730364478, 0.674567546109589, 0.663225958981581, 
0.663639905277853, 0.668884357211823, 0.670961214404538, 0.666136747772678, 
0.67549678175463, 0.663932521389794, 0.667000945556399, 0.671265182868709, 
0.670006757668317, 0.670153263586013, 0.666435068773488, 0.671915134311853, 
0.665845978117057, 0.673393117078714, 0.677700752485332, 0.666876878726623, 
0.661954997366944, 0.668630288879276, 0.671312110461879, 0.667832789693865, 
0.66727931257057, 0.664034194127519, 0.671254329340117, 0.666396487843175, 
0.671144290053254, 0.665795185849418, 0.669354162676057, 0.664529377970997, 
0.671172982144013, 0.672741452403123, 0.668261519587005, 0.671658401220707, 
0.662601387883949, 0.666139451511909, 0.671943299360502, 0.668365965094309, 
0.667818619155705, 0.671344652017235, 0.667271282052285, 0.661065508940641, 
0.67446078541206, 0.672261587083042, 0.673030085414787, 0.665939484664912, 
0.662142092839338, 0.662807766693914, 0.6770139635387, 0.664785632414031, 
0.668414003113922, 0.670849540237667, 0.664845750286616, 0.662199032227794, 
0.669307174641917, 0.670994259959389, 0.66450666898181, 0.676426304317093, 
0.677826272582958, 0.666944613224668, 0.664591400193182, 0.665532504743193, 
0.664427910280266, 0.658337630361978, 0.674669254644529, 0.66576252485287, 
0.673976556420536, 0.663818797526966, 0.672731616791742, 0.671853758111894, 
0.666439249863336, 0.671096147206805, 0.66943197568908, 0.671412694630767, 
0.667139062331246, 0.667309035513219, 0.67180112113787, 0.669061019642758, 
0.669034898147473, 0.670111123813979, 0.674214645275304, 0.66809298519289, 
0.664811845073396, 0.668567702228873, 0.664832449219813, 0.669010922351055, 
0.671304805302828, 0.676381948932899, 0.67573544253377, 0.670920340814962, 
0.669680359421266, 0.669520923422434, 0.669955148076904, 0.672727012376567, 
0.669512849822481, 0.669813088529863, 0.667450574694337, 0.66978600351012, 
0.672229688320183, 0.678219335043649, 0.669925739200837, 0.666632905720223, 
0.674401188424758, 0.660019768922347, 0.667627217545665, 0.675528958766963, 
0.670873097185952, 0.672349700740693, 0.666837142886877, 0.671653955909707, 
0.673597833081167, 0.67122838252507, 0.661806154848565, 0.668020173712515, 
0.669262019009615, 0.674441911272464, 0.66359620402902, 0.669865190632789, 
0.671923112064632, 0.671641351585564, 0.673578488333537, 0.662417612710521, 
0.671463084235897, 0.667769588318795, 0.668669703276937, 0.663774192281584, 
0.667781580555424, 0.66964042385549, 0.66417681263713, 0.671730273963627, 
0.664086058144714, 0.667704485141786, 0.672700970316887, 0.667914448448277, 
0.671826159722182, 0.679496760844782, 0.66934878459111, 0.666647854927906, 
0.665477499822806, 0.674126488869486, 0.673432885972714, 0.670341692509416, 
0.66869210439603, 0.663246085894515, 0.667198122571682, 0.674609462972569, 
0.661830366428899, 0.66502321910947, 0.667772655802952, 0.665831843681534, 
0.672262178466801, 0.667894854400799, 0.680831318755193, 0.66763148527103, 
0.667274058139814, 0.67011000462893, 0.667606130683278, 0.668662270691475, 
0.664872353179055, 0.677173815412578, 0.674329039173535, 0.662944033780294, 
0.671228215973922, 0.669932990266891, 0.677924486326291, 0.671580474343176, 
0.669624070112897, 0.667083723475866, 0.663086110927382, 0.668592966448838, 
0.666455383391763, 0.666588314269458, 0.665901273558359, 0.670024175710885, 
0.670996652150794, 0.665660055910438, 0.665700973024546, 0.667573565460869, 
0.67047024241204, 0.667985809796333, 0.665057025221972, 0.670996420014229, 
0.663314942793405, 0.673459123613798, 0.666382899793532, 0.668989516515605, 
0.669357539895467, 0.668511504432601, 0.676104490112015, 0.670096417170244, 
0.670832048092036, 0.673715285768249, 0.669149817857576, 0.666693958064649, 
0.667448088674914, 0.669661504557364, 0.673067788354765, 0.670021643507148, 
0.669405817423776, 0.670110042375628, 0.674642346145767, 0.667464014358925, 
0.671632070553728, 0.668898063245764, 0.665127858374631, 0.660885545942103, 
0.667098376519042, 0.663483887199849, 0.668283440151952, 0.668131443324781, 
0.675769181843681, 0.669425744921655, 0.667661034648694, 0.674388140544149, 
0.661152610339118, 0.674467773645696, 0.673584282175932, 0.672204460850914, 
0.664324559207396, 0.670244065029942, 0.673578216149895, 0.67334007520389, 
0.668295158572346, 0.6691127244351, 0.66787547726036, 0.669068069957948, 
0.674303341624684, 0.668732313478034, 0.674732559394232, 0.668879983013829, 
0.672382683690906, 0.675341905957847, 0.665984445351999, 0.674024448128293, 
0.673295409750299, 0.670111025022728, 0.67249406992997, 0.668243033344099, 
0.670979067298404, 0.67490861931982, 0.66698634700628, 0.67324976684228, 
0.677257487154786, 0.671218003899385, 0.663409938009719, 0.669439045527707, 
0.672013002278579, 0.673074265465198, 0.659309820846062, 0.674021500631872, 
0.66527461796211, 0.66906954731273, 0.670652662773968, 0.669761263811985, 
0.665515759056867, 0.673557304510251, 0.661740961942981, 0.66892589960841, 
0.661961073327003, 0.676964541140488, 0.676540071416478, 0.665087452963532, 
0.664017446940835, 0.676905762557496, 0.670431809015804, 0.67028568700839, 
0.66922152013452, 0.664896335590106, 0.672220817105359, 0.670064021421865, 
0.67479147886038, 0.673828229855955, 0.672559604620797, 0.656695310429689, 
0.675678939132792, 0.672985200485615, 0.667375793049134, 0.674878138861975, 
0.671448229085877, 0.667170936614632, 0.675581181753407, 0.668424910646878, 
0.665832818963108, 0.656712380008014, 0.669325100960907, 0.674649388403546, 
0.671734992726308, 0.668593259635092, 0.669573012768789, 0.663968099796158, 
0.670664652282392, 0.662017293217871, 0.66796915708004, 0.673607061705027, 
0.669280476095275, 0.674228861658058, 0.668690324571642, 0.670201626059447, 
0.665453140559817, 0.667548370410969, 0.665089603581191, 0.671255041495563, 
0.667428987444199, 0.666658604111828, 0.671655245066819, 0.670611125661148, 
0.662248150133598, 0.661735939928843, 0.673424891646359, 0.673740682839653, 
0.673546134802241, 0.664047233985065, 0.669372217436631, 0.674934792903131, 
0.659942648343552, 0.664591897757923, 0.675325786790698, 0.673452764627229, 
0.670043953457726, 0.67503575077549, 0.665829428864536, 0.668506002585094, 
0.663183972652192, 0.672069799993184, 0.672909170605676, 0.668942373934503, 
0.671750551751192, 0.665563281541427, 0.662496454417553, 0.671801167959362, 
0.669202499090961, 0.668445868521398, 0.673143737431895, 0.669288318784151, 
0.668173933765532, 0.673587155621039, 0.666410791338119, 0.671121759468297, 
0.671089257514115, 0.67621260731503, 0.667214887068172, 0.664548351174873, 
0.672311207594261, 0.663916012897507, 0.670544519029467, 0.672354577166109, 
0.667867273541985, 0.661924221238155, 0.671227174657566, 0.667672574681211, 
0.676221247843611, 0.668651339557605, 0.670446281098564, 0.668700269454285, 
0.665222452817575, 0.666230512799415, 0.671750353245904, 0.673388375007047, 
0.671173180688205, 0.672573363500814, 0.66910069344269, 0.668214347162, 
0.665361738286948, 0.671069964000232, 0.677747113940107, 0.671165097547695, 
0.673406203878952, 0.664517619292834, 0.667646812826151, 0.663197484901313, 
0.667285591596045, 0.675632331735238, 0.673446129298222, 0.671862573850764, 
0.673281236859383, 0.668731348027555, 0.677148057501949, 0.668133987396203, 
0.668775927584911, 0.663418266168777, 0.671775189209319, 0.671385834460885, 
0.671045742811886, 0.670460145806908, 0.662992774856097, 0.655385349006453, 
0.672643603486117, 0.665972892538933, 0.667817683224676, 0.668839321485833, 
0.673403589792381, 0.673736247229185, 0.668317366325124, 0.668507688881554, 
0.665453227030589, 0.672732529161436, 0.669589141983375, 0.671616187381914, 
0.666678292954333, 0.674038642426406, 0.665760477737027, 0.669880920098347, 
0.664394343505941, 0.670608731966503, 0.670831541034864, 0.668557816476241, 
0.671796711382473, 0.670157744163834, 0.67494226755714, 0.671225852477156, 
0.676746706033049, 0.673846295460803, 0.668368610156518, 0.67025341875383, 
0.671162404257477, 0.679226991704234, 0.674752370874097, 0.673872454132174, 
0.668944191236833, 0.659493101804363, 0.671707301703899, 0.669653868425511, 
0.669371747001885, 0.667068688577792, 0.667397930838702, 0.665492002300666, 
0.6683629551436, 0.666585484761935, 0.666650206803488, 0.666254038624554, 
0.66814406464959, 0.661056830541368, 0.675189006923856, 0.674673697420193, 
0.662268491181618, 0.67437606863817, 0.668311298751508, 0.665799671131255, 
0.662339681694472, 0.674626919063092, 0.672512340520483, 0.671023366075495, 
0.666543177234096, 0.675053413482187, 0.671504504960279, 0.670356469414597, 
0.672774010765525, 0.672411685888849, 0.669450253307046, 0.675323332251766, 
0.669673954641212, 0.666852899821542, 0.674836105691761, 0.663701598399368, 
0.674043000844375, 0.666851052973731, 0.668873918443485, 0.67356579883594, 
0.673156652449838, 0.669354726613695, 0.676716130108115, 0.669078747800314, 
0.669221331292695, 0.664674308224187, 0.67534606300714, 0.669604006796211, 
0.671499992870844, 0.669968243168004, 0.674077432198786, 0.672746268727528, 
0.67387190034684, 0.677745164758458, 0.669282461367997, 0.673514980572353, 
0.673168095287891, 0.665717299810813, 0.674907168924488, 0.657028189202323, 
0.671436354489711, 0.669570654815907, 0.675507485510821, 0.672481055761342, 
0.675213341206673, 0.665352872253022, 0.662206967629427, 0.670922120687871, 
0.673080450011263, 0.667858535421092, 0.675703084734577, 0.668024386149538, 
0.671092927255835, 0.675583615253973, 0.670755257418731, 0.671688352658294, 
0.673284794031102, 0.667892828755899, 0.671982264221815, 0.664983599199606, 
0.664727684235229, 0.670432351525419, 0.666657736235073, 0.671276760974271, 
0.672969350749478, 0.67170520057741, 0.667321287182219, 0.67255422815827, 
0.672139605865451, 0.671573482829434, 0.669175228232134, 0.664859014058858, 
0.670833489233716, 0.675762563992891, 0.66708877165602, 0.667398399737553, 
0.670903759138199, 0.663035613201537, 0.671089705469156, 0.669847294686924, 
0.664933043889939, 0.668494355420806, 0.66798401874795, 0.672301264384981, 
0.675905334778777, 0.666275188982447, 0.666895382693422, 0.669897558078345, 
0.668332391689544, 0.671052238595106, 0.672226736077533, 0.673833767954767, 
0.668256857780843, 0.668043067867668, 0.667588485400788, 0.67127192121336, 
0.667262614288343, 0.666033679468449, 0.663878824796363, 0.672031377406112, 
0.675590909024998, 0.668260513848249, 0.670918461021057, 0.672650550065517, 
0.666463142263564, 0.675034798793415, 0.661603481035612, 0.675572655119585, 
0.673288577403696, 0.675145055650118, 0.668467526632304, 0.671192477270794, 
0.668772946854133, 0.662298072194958, 0.658761091486576, 0.672405165737021, 
0.664419355009271, 0.669965089658468, 0.670128951585997, 0.665578954347946, 
0.670958523357881, 0.670013646402389, 0.669034608156873, 0.671907106825416, 
0.67092043795642, 0.666853307998592, 0.66638033425784, 0.67342293605175, 
0.656549154915691, 0.677486245929648, 0.665724435785247, 0.666309006187609, 
0.675046476624464, 0.673837647248938, 0.667150520840964, 0.670104096422269, 
0.664987094069792, 0.668323894679282, 0.670464123003335, 0.672172837225317, 
0.670649928911838, 0.671775845433686, 0.670139131623886, 0.674395545778848, 
0.668064729704025, 0.676005421642245, 0.663710892908542, 0.671419657809978, 
0.670038639375884, 0.673605863924493, 0.670996596528638, 0.666520629932039, 
0.669112857313075, 0.667916939933614, 0.666501658939265, 0.663508646220654, 
0.676029723396999, 0.664431325321577, 0.66964533235528, 0.673836890462605, 
0.674929286745398, 0.671513893522067, 0.671946907434026, 0.672761361183227, 
0.676296699122554, 0.672936998505878, 0.66494076720363, 0.665803233698008, 
0.667501531320112, 0.668539427910739, 0.667273634654967, 0.669325458678663, 
0.66851605771764, 0.668813441550091, 0.668598529904229, 0.668037296001147, 
0.657406310930136, 0.673546220941152, 0.668197649025243, 0.667445250784793, 
0.670193561992212, 0.665576607768549, 0.661959368249834, 0.672658365579499, 
0.673879956018866, 0.666134374220462, 0.670886295514163, 0.670900056522487, 
0.672896375272808, 0.666766263534325, 0.665181139612248, 0.66379090405716, 
0.668446510015251, 0.657641715077839, 0.676413173889846, 0.672405323248219, 
0.668144802599343, 0.673726436006614, 0.66507190270961, 0.675262243153338, 
0.66473495746073, 0.664296821135512, 0.672237677741092, 0.67108514749918, 
0.669947154936531, 0.665229330711897, 0.675024499149021, 0.664093106022715, 
0.673310311680993, 0.667259981038712, 0.663987245583733, 0.668319463103556, 
0.672975403969775, 0.669631486098087, 0.664501968891289, 0.665653520388606, 
0.668068610470584, 0.666765358887587, 0.664693091658411, 0.671182176239736, 
0.674424916643548, 0.673577005595236, 0.66935733365788, 0.670721417676952, 
0.66959974468805, 0.67113635938108, 0.672846783139749, 0.672822858325925, 
0.662170498210461, 0.670068508519323, 0.667111817316477, 0.672835879052289, 
0.668340370289174, 0.667768142062175, 0.666760580107291, 0.677525356091595, 
0.662660815637203, 0.673893154806881, 0.672146945555821, 0.665970066869777, 
0.665164455453595, 0.664976675516411, 0.658996962884307, 0.67535456308973, 
0.666841935288407, 0.662853425954044, 0.671875106477244, 0.670035611535446, 
0.674006452504967, 0.665734472255537, 0.665979423403142, 0.668217781901695, 
0.661957092114594, 0.671196412930261, 0.673658272703777, 0.664275816024629, 
0.674493580141522, 0.670351704484559, 0.671347893010287, 0.667608984823758, 
0.67271183153356, 0.669640535838757, 0.670506721077611, 0.665616824812164, 
0.669017110330117, 0.667269040165207, 0.673272569639111, 0.668217740008353, 
0.666740464214838, 0.672468749518232, 0.671100570812213, 0.670543095899363, 
0.665948366355061, 0.66437265169167, 0.66630449757638, 0.67131774046189, 
0.661575246358157, 0.671400169793895, 0.67406775857307, 0.671741154799361, 
0.671085162112371, 0.668330085174304, 0.671779062305741, 0.660611668678909, 
0.671883178990472, 0.676435869779211, 0.665877886698577, 0.672679731700708, 
0.671277232792209, 0.670544207045297, 0.669659764377146, 0.669946682664268, 
0.670887213811707, 0.670561780402379, 0.662588134341673, 0.677272261033225, 
0.679036317073221, 0.66621100075788, 0.666774480468792, 0.666506170309121, 
0.668603844551388, 0.664834266403691, 0.671386555741947, 0.663667658248906, 
0.673019723955736, 0.670058237981071, 0.672570471149905, 0.67001580434614, 
0.673787649996837, 0.671971451732532, 0.674829759936046, 0.672084930376507, 
0.66653859864764, 0.668192300779156, 0.671113639200051, 0.676045096269889, 
0.668328067191151, 0.669940243554425, 0.665970894431071, 0.675238172677874, 
0.666876164448437, 0.667392018453392, 0.672798326848479, 0.675769467059852, 
0.672054053526029, 0.660945400044931, 0.670260380499151, 0.671045298431481, 
0.672363592826286, 0.670410593745256, 0.667234182318594, 0.675773080417082, 
0.67444968938291, 0.678593355791642, 0.669581933539068, 0.6700576586367, 
0.665128986472338, 0.674575068079009, 0.662062128781066, 0.672937156197725, 
0.671796509283315, 0.667383563738673, 0.670043110082506, 0.67077776584655, 
0.674763650474471, 0.665346420062642, 0.67838760724109, 0.660036312710775, 
0.669488144710359, 0.66405226783153, 0.67040874935553, 0.675588841150815, 
0.673626622107425, 0.668244616394314, 0.673518474762543, 0.668752992700669, 
0.669542086134293, 0.662902160672298, 0.66197796680507, 0.665958381252717, 
0.670584456245976, 0.665813790649486, 0.665305479799445, 0.661963663245782, 
0.675373609423801, 0.671217237028565, 0.668364978649543, 0.679583550101342, 
0.672929304267181, 0.671123393013004, 0.674403943568971, 0.666077766453956, 
0.660745605134612, 0.667431839485522, 0.666431793187572, 0.669515261718586, 
0.668554575378333, 0.673791950499342, 0.667418277845283, 0.672938981492092, 
0.669515717273365, 0.661948055367078, 0.670417654559443, 0.662492066857553, 
0.669234251909315, 0.668636418416088, 0.673117669603666, 0.666822358187896, 
0.671821516099015, 0.67752682984122, 0.668711393406294, 0.67474920073928, 
0.664505279481462, 0.672336636482085, 0.665550715610267, 0.674757772263771, 
0.671918397670419, 0.671882266952391, 0.667172321338862, 0.675151387379349, 
0.660608647252418, 0.670187797720346, 0.670657143635435, 0.670016140468021, 
0.673756959899916, 0.663471909868363, 0.673369159011304, 0.674036700033701, 
0.664151943363119, 0.670387027417186, 0.659810998206564, 0.671793742325674, 
0.672387014042943, 0.670502919888415, 0.661032412754182, 0.665444049847438, 
0.662392086288457, 0.664329253173026, 0.668010254889712, 0.676253351524321, 
0.664426348884445, 0.66024378047124, 0.675608039681366, 0.666413120979508, 
0.665185435122318, 0.669979097502197, 0.667253867210177, 0.673806829980241, 
0.666275839003994, 0.671828524941957, 0.675776961838936, 0.668799235022568, 
0.668123358644616, 0.665179899928538, 0.670211214207114, 0.669990525953406, 
0.669509095639449, 0.669711645717337, 0.665400203879059, 0.678386433668958, 
0.670949001690155, 0.66876144834786, 0.664500574638363, 0.673714507064056, 
0.663562767202856, 0.672065119810973, 0.667822607032736, 0.669140612286334, 
0.666484450863202, 0.668251815733191, 0.667194519856216, 0.67203329361194, 
0.666188393822553, 0.664249926115862, 0.668013987102469, 0.668048727674479, 
0.672009693942673, 0.669162536111416, 0.665867924157606, 0.669362407233467, 
0.667722346660368, 0.677081710177849, 0.665445531211361, 0.663899278454869, 
0.668300254410821, 0.666468195469618, 0.668059226504379, 0.669195754218815, 
0.668334285763903, 0.668799201055553, 0.672453356307705, 0.670798824647713, 
0.664046115676159, 0.671144714909389, 0.671977259260174, 0.669035411004697, 
0.671905205564247, 0.665823558426795, 0.666951391408031, 0.669688541904909, 
0.664918394492593, 0.674246209513454, 0.665377498894718, 0.672108439012726, 
0.675561295349527, 0.669332948965413, 0.671016697409055, 0.671495081533302, 
0.667782486560476, 0.673761956121314, 0.672043805201493, 0.668419407900162, 
0.678211728824111, 0.671401375962877, 0.67146485276491, 0.668964288401446, 
0.675745191235585, 0.669647937534783, 0.674019958925175, 0.668805769219966, 
0.673546643320276, 0.667447717775113, 0.670009345750972, 0.669954211058716, 
0.664126855074739, 0.667566668846295, 0.674575010265078, 0.662065434807233, 
0.662217613421718, 0.667409644156478, 0.676019289583346, 0.664827732287982, 
0.672813651628088, 0.671183993446584, 0.671182611893228, 0.673325500740969, 
0.661161324888821, 0.670059974389655, 0.673981186205503, 0.676332121988521, 
0.664794890085136, 0.668490893558562, 0.664899256624122, 0.663293531253337, 
0.662088241817066, 0.668168370742501, 0.665852706092816, 0.667803860193269, 
0.669541419235663, 0.676062300892987, 0.668398414939184, 0.6672877887033, 
0.666902223604701, 0.669275258697688, 0.671630553448629, 0.666816178885112, 
0.673065120823519, 0.66190867277322, 0.656346135481227, 0.667157561576649, 
0.674094711439845, 0.669206154004514, 0.670180037899546, 0.675431042509696, 
0.667867315316052, 0.671257390485305, 0.671329155919746, 0.656633123516042, 
0.66752273335942, 0.666094972246204, 0.670142475283766, 0.67337275670784, 
0.665310694645178, 0.666652970086736, 0.673231586310742, 0.670883923018062, 
0.67196099905187, 0.671034484085062, 0.66450731186957, 0.664987794212179, 
0.666136612328995, 0.668703543492436, 0.668661326184564, 0.666938183958401, 
0.663765674837411, 0.673154963612016, 0.671476164252905, 0.66835073448802, 
0.666664676963267, 0.678229815915796, 0.671674538564974, 0.666038116820143, 
0.663837647002209, 0.676677505299952, 0.665549307240343, 0.67199344864961, 
0.664738406761604, 0.671445013120606, 0.670172520804709, 0.664764987180237, 
0.672889594702483, 0.659784063293135, 0.67410141660938, 0.668028302627603, 
0.669241815016263, 0.668560444803706, 0.666713464306131, 0.671250526547732, 
0.674050598481896, 0.67044160484347, 0.674782854417124, 0.66775998067702, 
0.667077516334131, 0.668893084367607, 0.667829606139295, 0.672163553305074, 
0.665234895726618, 0.663793638535221, 0.669077266017202, 0.665530036230329, 
0.662205834844378, 0.671011325887558, 0.675527589857024, 0.680351330138444, 
0.673570085984562, 0.668876964329919, 0.665869141778452, 0.671896038052411, 
0.668039514277364, 0.66912260579502, 0.664203501193977, 0.658022980327858, 
0.679214049771797, 0.662491713065273, 0.662373079825366, 0.668018290558737, 
0.668740011051806, 0.673293723979552, 0.672577893430958, 0.6667602551054, 
0.669312186438658, 0.665297145784673, 0.670104523240712, 0.66672311646701, 
0.660285008950715, 0.669591673243163, 0.668031613391099, 0.671562336862191, 
0.675193326946539, 0.663918154259735, 0.66720983713561, 0.671625306412304, 
0.671308173547688, 0.664115291347389, 0.666289071562006, 0.663359933685644, 
0.66940538402229, 0.674752738112368, 0.674521766805501, 0.66992262584864, 
0.674378234497509, 0.662994298500751, 0.672914993845404, 0.671001191220135, 
0.668557809140009, 0.666319396869822, 0.668803755523314, 0.670717353475206, 
0.667178112467098, 0.666339314001809, 0.664050762559457, 0.670011148393359, 
0.671181185056054, 0.665960777180607, 0.673031318701828, 0.662180164571533, 
0.671055528558276, 0.672398004918174, 0.673867608404698, 0.674507504920899, 
0.670745058803374, 0.671152065196205, 0.65924630740704, 0.664357191272841, 
0.673039083228209, 0.670456795398445, 0.662078337306729, 0.671418094518491, 
0.659428758060836, 0.664823380885974, 0.663239413292614, 0.67015336757458, 
0.671607938293583, 0.67941482209491, 0.668972045848297, 0.6729080584984, 
0.667342014811982, 0.669001566138176, 0.6727830004198, 0.658032940002017, 
0.676220748100522, 0.671492692954636, 0.673889330736632, 0.669644459748485, 
0.677906425462236, 0.666819819367289, 0.671168863890371, 0.668258053411188, 
0.666735503250521, 0.668302730206527, 0.672834673369285, 0.672833249798523, 
0.668782111863061, 0.669680633441051, 0.663233141154834, 0.675748961414966, 
0.677177361854346, 0.671033927020698, 0.67220749291829, 0.672978696138591, 
0.661938090128959, 0.667320404170986, 0.676011853924882, 0.663562876021591, 
0.671610729201635, 0.675325107093221, 0.673392331619534, 0.670889969567038, 
0.667308513672881, 0.670539515020045, 0.667829422754111, 0.663223851724235, 
0.673355147208512, 0.653410248229107, 0.66458175847719, 0.668458766858803, 
0.668436304284905, 0.669226280322173, 0.664770063580424, 0.667866557815726, 
0.659445415611359, 0.671869954277812, 0.675349020321271, 0.67384913894035, 
0.662819399062557, 0.669448423817598, 0.668111312588484, 0.672625181579026, 
0.672000357147109, 0.666288261493531, 0.66968805153029, 0.67770195749221, 
0.668496038084992, 0.673309270754283, 0.666453691432916, 0.665856498858137, 
0.672400654059404, 0.666648348804479, 0.674300943690256, 0.672095253843014, 
0.662496184800942, 0.668888659114141, 0.67220056175493, 0.669673681434814, 
0.668750562242345, 0.67437165501867, 0.665156718628813, 0.671138857331213, 
0.668840780721107, 0.670979852632657, 0.671473977318763, 0.672209302380275, 
0.671734133861117, 0.674503166229783, 0.672835470720682, 0.669922814920095, 
0.664245116347728, 0.670456229155492, 0.664603592486642, 0.670828301109069, 
0.671068796983776, 0.667713098261157, 0.674178548380138, 0.674390579323522, 
0.678982262762563, 0.669506804150456, 0.669106995071847, 0.670741063328939, 
0.669372406054891, 0.665954878357949, 0.672374196536599, 0.672984019336468, 
0.673628818709667, 0.66701812235079, 0.662668782135987, 0.673464859784607, 
0.667606170148397, 0.671567998476975, 0.668590699938956, 0.666889728750054, 
0.671521917342521, 0.674015073980368, 0.671455494194548, 0.672540761929377, 
0.668483147801824, 0.665536234106233, 0.671863885593624, 0.670771329831664, 
0.671887232334995, 0.674251234703466, 0.667059135688947, 0.67152403971882, 
0.670431266340669, 0.669077707865423, 0.671964736194065, 0.669158810059905, 
0.666144757377651, 0.67234097755214, 0.668954152590442, 0.674975807473204, 
0.674551400340123, 0.665409994663012, 0.673077551067203, 0.673593951828885, 
0.670769084486181, 0.674285257265018, 0.667866966034037, 0.671555214807837, 
0.667957031645818, 0.666901493340864, 0.670530867571956, 0.672305124643099, 
0.669923104708154, 0.677810080722267, 0.669219435960098, 0.66750839281024, 
0.664853924329757, 0.669404488869592, 0.66935759818824, 0.664823879166089, 
0.669504893901112, 0.672467544746348, 0.660955598366004, 0.670422747159815, 
0.670104196687521, 0.668244622594437, 0.672424531967011, 0.673000334741733, 
0.668404247917598, 0.670657158150199, 0.667903253894813, 0.672905400263469, 
0.669951017900921, 0.668698208625819, 0.671295029051059, 0.669804054144348, 
0.669476115726542, 0.666191181500749, 0.666792692677489, 0.666908108033107, 
0.662299436650784, 0.667174277558631, 0.676739206397461, 0.671340405724212, 
0.671815815103941, 0.676831252871422, 0.668393914275745, 0.66957395444906, 
0.669314303657789, 0.668285296097291, 0.669970628875965, 0.666041825995535, 
0.668456742493444, 0.664515109276773, 0.670066589713333, 0.666162652089927, 
0.67042268506348, 0.669623173834265, 0.664583301135226, 0.667949736641361, 
0.664563082344869, 0.674254301685262, 0.670070201208187, 0.67086410018023, 
0.671726521742023, 0.669485704452978, 0.669641005108149, 0.66994884940996, 
0.664504762870305, 0.668732126878853, 0.669971874352419, 0.671815887022356, 
0.662203653561474, 0.675197098924311, 0.669505532907561, 0.671307955355331, 
0.662394479590865, 0.665879875830535, 0.669557198688319, 0.672930374262236, 
0.670092264935584, 0.672655785215881, 0.669688097500796, 0.672241838296737, 
0.670125016674585, 0.666364310922222, 0.669644167986918, 0.664728366151479, 
0.664456856556956, 0.671227823064392, 0.665449670659381, 0.671438277722046, 
0.668678867119237, 0.667545828142887, 0.658926336571108, 0.676406892028459, 
0.672932157292129, 0.663741063724564, 0.667140751061105, 0.674919292417688, 
0.671822461988421, 0.670705594152374, 0.667128773631786, 0.674785285872552, 
0.671852233144014, 0.661194653560785, 0.667778642551366, 0.667594941113897, 
0.665106622940222, 0.668401467802881, 0.671189420702832, 0.666141655730366, 
0.671259572839257, 0.671983633700157, 0.672512343764819, 0.671503077417314, 
0.671263397409784, 0.663082197195725, 0.665896024365261, 0.677011597025396, 
0.669136740754999, 0.677943585352345, 0.670579333426521, 0.67146689446955, 
0.668500194458398, 0.674570668323147, 0.676142276697441, 0.66447522109196, 
0.671319323465576, 0.665727556135874, 0.670525927463728, 0.665997065153531, 
0.663492756419335, 0.670999218171041, 0.671872606094046, 0.669216954601565, 
0.668618090202068, 0.67300126903685, 0.671362021499274, 0.673710876317237, 
0.671372840540329, 0.670271829419039, 0.668446940762415, 0.66388452962405, 
0.670144302878421, 0.668776719927393, 0.666159968838154, 0.666511151552058, 
0.666476134961583, 0.668358617600297, 0.668188319203609, 0.671383843426494, 
0.677188340536259, 0.672253744036811, 0.66920572935403, 0.660493564497718, 
0.664456095081501, 0.674885606907234, 0.664637176979265, 0.669649773692869, 
0.66897569711677, 0.674354150509911, 0.664477827565853, 0.671550540429086, 
0.674152023624553, 0.673554836827726, 0.667281784289757, 0.671990706598847, 
0.670477641595672, 0.676704658234924, 0.665449348053784, 0.671003264957612, 
0.671096624836107, 0.675320738656449, 0.668075753306586, 0.671783172952443, 
0.668109296349716, 0.671784687239062, 0.667198080957126, 0.667909769499574, 
0.668898478148312, 0.66026767383568, 0.673230585513494, 0.664671568098668, 
0.674737288725292, 0.669702587636058, 0.665064427940792, 0.673523523259235, 
0.669223019343492, 0.664696996193087, 0.673321711845275, 0.673204516881412, 
0.665910346533901, 0.667946562535381, 0.672858535985118, 0.669638893341249, 
0.678692581367503, 0.670229315270787, 0.670521350855967, 0.667648608365416, 
0.668028728005335, 0.671068672331723, 0.68006185202906, 0.667587424202277, 
0.670402033679338, 0.665863284092894, 0.667683501290092, 0.670864518131203, 
0.658257486299588, 0.667472700687881, 0.668948864943193, 0.667211722259286, 
0.67262038768606, 0.675739624944605, 0.665362629665102, 0.67371438641033, 
0.670859188722131, 0.676928378243018, 0.666424937513914, 0.675299330357038, 
0.663487832193659, 0.668036420711778, 0.666293406357098, 0.671437333264331, 
0.671575321161768, 0.6688190925811, 0.673851977317889, 0.664870814746803, 
0.66474816041347, 0.664323915225254, 0.660051284888582, 0.669388652539315, 
0.664897297477224, 0.671533996892502, 0.669991588931014, 0.674886608940185, 
0.666218033723321, 0.673819244761678, 0.664296442002393, 0.669009451192283, 
0.668009605864875, 0.67582902467472, 0.673252812153905, 0.665297031964508, 
0.676844773042037, 0.667770257750713, 0.668079327214811, 0.66999418240636, 
0.661872876629018, 0.67122037724035, 0.6724794212154, 0.67441752356351, 
0.658418875666726, 0.669915098197951, 0.668636216880306, 0.670430354330749, 
0.67118133705565, 0.668676830016824, 0.675801073027072, 0.670834383022504, 
0.66725132423577, 0.672407669531171, 0.671622293174323, 0.673549952447068, 
0.667187900555684, 0.668672510108366, 0.659211329646821, 0.67113818891723, 
0.670496430279702, 0.66901602551638, 0.66964673167263, 0.66929593824353, 
0.666815845909815, 0.667003126445573, 0.667957461160763, 0.673548485465442, 
0.661181794302568, 0.670659570452292, 0.662617920487173, 0.667662151103251, 
0.665743219155174, 0.661243768832957, 0.669441337786233, 0.670055935472854, 
0.666098388636498, 0.668954656297147, 0.666172714655841, 0.672425992540067, 
0.67420017861257, 0.668668563846497, 0.6629821082489, 0.674584151940889, 
0.67794638511996, 0.67687923707178, 0.659134536945403, 0.666802299259984, 
0.669637708037201, 0.666405952758848, 0.675205253555429, 0.668320891252833, 
0.665121577340627, 0.670106282866815, 0.67736293579978, 0.672393874968663, 
0.666332983686921, 0.667943968536977, 0.663199633485188, 0.659509282784409, 
0.672260638484053, 0.66073494574803, 0.668835113105202, 0.670129978508874, 
0.667544815106112, 0.665400820866003, 0.666763130909553, 0.673615875716894, 
0.66903751517835, 0.66559126704507, 0.663889271355678, 0.663154079387862, 
0.660689532595172, 0.673207912635545, 0.660519860502682, 0.662156993536169, 
0.67516871416617, 0.66764552082155, 0.671862383091978, 0.670288098429197, 
0.660586382135233, 0.673089493452282, 0.679849947062741, 0.67214434109189, 
0.668205433479042, 0.667289658513507, 0.673691137278892, 0.67353888434909, 
0.665358863589533, 0.671310131285714, 0.666724625385356, 0.668956097613308, 
0.672830429850546, 0.670732244861904, 0.671905510425855, 0.667012193172469, 
0.672938144765581, 0.665766906225316, 0.672299648031302, 0.674214433638709, 
0.665755685528247, 0.67418231141222, 0.671053462404173, 0.672963247876747, 
0.673452303557234, 0.67164588647791, 0.67185455555904, 0.670035776079304, 
0.671499942603125, 0.671664084376926, 0.670067387693951, 0.670316726701838, 
0.663475597936228, 0.663778961796551, 0.676109910395057, 0.670806446314532, 
0.66916948526001, 0.672714252860226, 0.669249882842046, 0.671362455553824, 
0.672463389578134, 0.669651076726826, 0.677057213302732, 0.668792121510788, 
0.665037996346043, 0.671938817444939, 0.672814488616311, 0.670029239736801, 
0.668815421257768, 0.678276316539835, 0.671482152454969, 0.675392663858094, 
0.67411553267001, 0.673691223698681, 0.669412046759272, 0.670787334459545, 
0.670547083965925, 0.671963879783482, 0.676059402989036, 0.668801730596738, 
0.667981633269255, 0.666872023254426, 0.677752383285535, 0.673301259364498, 
0.67436101064966, 0.675583401080208, 0.673520658306447, 0.671605218943258, 
0.660017893569305, 0.669641424797324, 0.660296131589329, 0.660889338407076, 
0.671415891451133, 0.674745921082681, 0.66617284355771, 0.658030019209297, 
0.66494775170579, 0.668838679832317, 0.670555835421627, 0.669575321866678, 
0.676144245130608, 0.670709708552271, 0.669791789669362, 0.670685682194592, 
0.669559978107732, 0.663935500516053, 0.673442695493715, 0.662232213074689, 
0.668556965888381, 0.675794300065492, 0.663762206015514, 0.674438764008763, 
0.669163247666984, 0.663020139605193, 0.667902590105018, 0.678766721898946, 
0.667390038127104, 0.654091993988905, 0.669426748897585, 0.66945099868207, 
0.668935292184962, 0.671928122586086, 0.669387573732035, 0.662969840783434, 
0.669253935825421, 0.672969124022405, 0.670299052654229, 0.66915401353605, 
0.667249768764116, 0.675328352102096, 0.664445412846658, 0.668083090118191, 
0.66308954203012, 0.667540626242389, 0.669708264229322, 0.67590267257935, 
0.664929788898997, 0.662788061810016, 0.671294421624305, 0.667501784979164, 
0.676290518943453, 0.674230186464407, 0.670923874279394, 0.673446229909286, 
0.674517780672638, 0.675500290647968, 0.664929423567293, 0.673166285038529, 
0.661588599366736, 0.67269349769581, 0.668546230239715, 0.666315530920914, 
0.673189843958056, 0.673075919976431, 0.672029839056972, 0.66314793457594, 
0.670129275787617, 0.670482162864272, 0.666284656652477, 0.666418899001233, 
0.669187443223089, 0.66367761355384, 0.673177361308675, 0.677122645190975, 
0.669579841640561, 0.66732402307369, 0.669965048603995, 0.667925595522657, 
0.675645658126963, 0.674148542211348, 0.664458577152823, 0.667759791606655, 
0.670185153283313, 0.6684960723892, 0.668889705826617, 0.669633315802774, 
0.670221311905687, 0.670763562058262, 0.668484199964745, 0.667176003238532, 
0.664909023736923, 0.664525417491153, 0.674922742218499, 0.664187969692409, 
0.667140856587844, 0.67012785096334, 0.669385845191317, 0.671270224444962, 
0.676073233563983, 0.669643382177166, 0.66680614906381, 0.666356155084758, 
0.678112104081127, 0.662689747233467, 0.672210632401503, 0.669200672446373, 
0.672204021988841, 0.669188519414391, 0.669117101140932, 0.66862857857725, 
0.67043017955192, 0.668849209909098, 0.665733419534788, 0.670944518627421, 
0.669510671354287, 0.669626492488787, 0.673355875384368, 0.67036493585865, 
0.673788903006035, 0.67323530471583, 0.669444553920987, 0.673038019554491, 
0.66702292583847, 0.662619063289662, 0.670250224826213, 0.668196592654492, 
0.669082160241116, 0.668155429363973, 0.670428066907167, 0.668857767269099, 
0.663353378549037, 0.663337049267603, 0.662789107888875, 0.674140954070776, 
0.672324187747582, 0.669273052703152, 0.665343535395803, 0.670436872700576, 
0.669815138246993, 0.669375113352835, 0.674872879463493, 0.675974967037958, 
0.665978085866553, 0.663321608474131, 0.671307377780065, 0.670055263310388, 
0.662244320663655, 0.670905483643878, 0.66514804697181, 0.67411715425819, 
0.670255278922547, 0.666174607150354, 0.664936581105225, 0.667345346734859, 
0.66833577085557, 0.667956473086188, 0.670321267736053, 0.672070960672115, 
0.679079226454948, 0.667862687043777, 0.664019281996346, 0.67226326130822, 
0.671176764900596, 0.670992684551892, 0.674725572166172, 0.671707871666504, 
0.672575725180161, 0.671521719277662, 0.667838027231363, 0.675613937700248, 
0.671381991550448, 0.669913265986557, 0.667077477322607, 0.667594878170535, 
0.67118226432769, 0.664908780880585, 0.673854283912602, 0.661872304218719, 
0.668947549963859, 0.671776500916392, 0.670520896161856, 0.663781700893557, 
0.662947292847488, 0.670866432218125, 0.672657617089022, 0.675738524583212, 
0.670096195554427, 0.673421136528571, 0.669611501061025, 0.669356254345362, 
0.662940938044306, 0.667176920296849, 0.671401871539802, 0.66818102039075, 
0.663124736168302, 0.675811345093476, 0.671324850892793, 0.668191572715455, 
0.674773515087966, 0.67133752563362, 0.666513833826634, 0.669486089905412, 
0.675375932625221, 0.660875745911383, 0.670570655329622, 0.674976123906851, 
0.658947882374713, 0.664165133994735, 0.66948781464068, 0.672176075548564, 
0.674920716662938, 0.663487936098174, 0.675743845698488, 0.673307757104818, 
0.673006520933778, 0.664897571318475, 0.670453860666946, 0.673850005842862, 
0.676276650913862, 0.668448599797783, 0.671245481878587, 0.674885381656664, 
0.673960293573003, 0.664568448357688, 0.672777919404582, 0.671131404586412, 
0.671687987788515, 0.674768762448759, 0.672187699788439, 0.670399320054899, 
0.668265940667359, 0.671691664757801, 0.666040193468446, 0.673060149042832, 
0.671442613820437, 0.664908438837091, 0.667070114644779, 0.663264192214519, 
0.671991963707572, 0.66692624277313, 0.666332255513992, 0.672052204842647, 
0.672004982874513, 0.66860436344846, 0.671280097157594, 0.669530728644688, 
0.664758813566246, 0.671839027212729, 0.669439194154308, 0.664563689036125, 
0.66736771744514, 0.66741079254314, 0.657822172647656, 0.673244607731374, 
0.665946217945324, 0.670553083352815, 0.676332577017849, 0.678546588254221, 
0.662068278219964, 0.667393013564473, 0.671603302496471, 0.667625953758226, 
0.668280479110862, 0.667816447113614, 0.661084345267355, 0.670841089920441, 
0.667490113344643, 0.67186233312585, 0.66749341523983, 0.669702896860201, 
0.665153449527031, 0.670633243621029, 0.665871618647865, 0.674915177213052, 
0.674448043039269, 0.671983397473072, 0.66813338368416, 0.670511276529916, 
0.670829542638621, 0.667678624339365, 0.666808446515802, 0.66724971293992, 
0.672650103472806, 0.663199298233735, 0.674027525972501, 0.66564212451206, 
0.668214865134778, 0.676527654034542, 0.679537662630458, 0.667270633027887, 
0.669683838072578, 0.672325682867324, 0.671574794787087, 0.667311055135418, 
0.674518846036131, 0.669158763570438, 0.677409065736565, 0.663131725183419, 
0.676909494562115, 0.656546627018229, 0.666787158226399, 0.672211584690055, 
0.677611374340704, 0.672665168412857, 0.675942549449693, 0.665943315685327, 
0.663530841202866, 0.669821635576833, 0.666118139871886, 0.671117030109163, 
0.668358669595484, 0.668796921110593, 0.668336522683087, 0.665393609131417, 
0.665463017391261, 0.667237596984221, 0.667819248097936, 0.669631711749752, 
0.666125401971522, 0.673689803155375, 0.670091966214711, 0.67184507419609, 
0.664223663128046, 0.665081991313402, 0.666302109367793, 0.662944573995918, 
0.670271013698572, 0.669199005189371, 0.672563104599688, 0.67624773412822, 
0.666065767374474, 0.672322491947711, 0.670605620069622, 0.670532498317289, 
0.668898602556414, 0.671058314148669, 0.667508444531241, 0.666378919032618, 
0.67019177574062, 0.669484907943472, 0.673862343505697, 0.671833503415195, 
0.66926110012349, 0.662707765041893, 0.674851063955421, 0.670870434913434, 
0.671928351228533, 0.660083077446573, 0.67418672811664, 0.677898820262904, 
0.671019642353351, 0.672710524582173, 0.668005635489156, 0.666703754296422, 
0.65928266057102, 0.662987267193633, 0.671398176914089, 0.669916911393305, 
0.67416128192122, 0.666835613530055, 0.669158839136642, 0.672968782024776, 
0.667426227348957, 0.665829444108912, 0.667443711856809, 0.668192015400502, 
0.669877348748738, 0.666954136691331, 0.66564915674028, 0.671504569783802, 
0.671090453478999, 0.669422012390087, 0.672668412644759, 0.676313566040568, 
0.67495758728478, 0.672359375150743, 0.671436593879584, 0.669607351847376, 
0.669234743346733, 0.664784863874533, 0.660350755827098, 0.669899447281856, 
0.666708354338517, 0.667899331237184, 0.666679161085783, 0.673813450394399, 
0.67626357972346, 0.6769807825537, 0.666441028438057, 0.66693987008412, 
0.667704533811955, 0.670019633154036, 0.674715128203163, 0.671102904653772, 
0.669338328964762, 0.673197157932444, 0.669313033123291, 0.677203591655094, 
0.663819447674539, 0.661232786554215, 0.670350438588259, 0.667025240551161, 
0.66722322956351, 0.667678181646181, 0.661391311862157, 0.664480501478423, 
0.667738057941824, 0.664210140771876, 0.67217584494331, 0.665581766838911, 
0.671302485100095, 0.673414528219628, 0.67018458039254, 0.681261552901014, 
0.674750036346497, 0.666447248488888, 0.670687880132631, 0.671294642641073, 
0.669643790311746, 0.677292880421541, 0.665702706461029, 0.672372864374045, 
0.667402313285612, 0.671956672253786, 0.673603078072832, 0.673799962774826, 
0.671318522619637, 0.672307873563407, 0.669366367289951, 0.672162036328099, 
0.668326944382683, 0.675040855089038, 0.665961869346072, 0.672630644364361, 
0.670539938964428, 0.673577649258539, 0.671684086007487, 0.666317084472674, 
0.677221921095832, 0.666766558274726, 0.669457977649574, 0.669932437276827, 
0.673391500912314, 0.673062368248966, 0.675743625227173, 0.663465241695455, 
0.670563083013062, 0.676437312206139, 0.667512730153284, 0.672517475433134, 
0.669381761472188, 0.667302602234308, 0.660661879952939, 0.672133236485325, 
0.668681261975004, 0.679942277406126, 0.666187739579187, 0.669816050766094, 
0.670621970748765, 0.667724041621716, 0.664758589884552, 0.673804131181214, 
0.667892696768314, 0.663728628556004, 0.666129407384435, 0.669591285028047, 
0.67546181909695, 0.669757782636014, 0.670908551221414, 0.675517331617985, 
0.677807447152491, 0.667610563440855, 0.659294084034189, 0.66712561503115, 
0.670434508339366, 0.672806090340849, 0.670369827030203, 0.672815738806585, 
0.669297916885255, 0.667331674427431, 0.665620961943793, 0.666430908995007, 
0.672486750275877, 0.669865332450077, 0.668315937304081, 0.665459313165127, 
0.67711825568479, 0.670122114672757, 0.675988522807384, 0.67786763852174, 
0.666916104152637, 0.666717964696166, 0.6701159101436, 0.672724203174058, 
0.667175703686338, 0.67365863435512, 0.67250994292512, 0.67148667741002, 
0.669481089318965, 0.670359960632579, 0.6746382030626, 0.668448429404743, 
0.659917624409925, 0.669275572401866, 0.673807845197931, 0.672807867799407, 
0.676145610405877, 0.675309611895206, 0.670588379710671, 0.674062054450277, 
0.674678448844347, 0.670732268658699, 0.66888260799666, 0.677841295439817, 
0.666885272914704, 0.671794149412771, 0.668482335829377, 0.676732382467347, 
0.665954659107538, 0.668039522668889, 0.668922463763493, 0.670628220434983, 
0.668925962765593, 0.668513724855214, 0.673440966213579, 0.671133054134863, 
0.669157941732518, 0.670800471567984, 0.667377792250958, 0.666987572424275, 
0.667591189386832, 0.675390556751408, 0.668285955095705, 0.669341913727346, 
0.672528949303483, 0.66966045713999, 0.666160226947186, 0.67249936422025, 
0.669511760567511, 0.662096107608718, 0.671579024313837, 0.669798074484477, 
0.67019245941682, 0.673430701986867, 0.67286282343964, 0.665719370258745, 
0.676428362567856, 0.671017219517129, 0.672036589962522, 0.67379891433204, 
0.671685724055459, 0.666888337055668, 0.670310233689957, 0.669700144419398, 
0.666772686652522, 0.668737030202464, 0.670866917212977, 0.6649573195913, 
0.662292015393124, 0.669236640973489, 0.670128726097208, 0.673393648255941, 
0.673599233191002, 0.677555403593954, 0.670548464842818, 0.668609303371016, 
0.667572536340243, 0.6746833746602, 0.671519010159275, 0.666364653331747, 
0.671932988857494, 0.669823525993847, 0.668522125250845, 0.667125261628474, 
0.670888792946947, 0.665125507582885, 0.669133841521164, 0.663451866438114, 
0.66890182127996, 0.669210786248877, 0.672743880861234, 0.672075271932177, 
0.67323925659902, 0.673291104838756, 0.671547423230436, 0.666358042893151, 
0.656002422481863, 0.668204672488783, 0.662645159422449, 0.668308071608876, 
0.657849441677292, 0.672550624392944, 0.668564312820478, 0.673691877575098, 
0.668657349925104, 0.672290060736189, 0.664085948687001, 0.669127685284163, 
0.665393562885717, 0.673338100816845, 0.67047996582665, 0.668217696353903, 
0.669397605252908, 0.662983078712677, 0.670219712648732, 0.66859403573119, 
0.670218835619166, 0.663733837539779, 0.672821094411236, 0.669752363409863, 
0.675577916463368, 0.66212083027403, 0.67168274607047, 0.677784868277164, 
0.66777085032416, 0.664626160153584, 0.667765078862297, 0.669588773996578, 
0.669050494455064, 0.669840200113583, 0.662105988082615, 0.675441296231063, 
0.667112047916825, 0.670466626349629, 0.667825965950481, 0.67084671104654, 
0.670958914646325, 0.663820297004892, 0.664870204605698, 0.66956325097827, 
0.675607935815784, 0.670900782402031, 0.668767622621161, 0.660842054411051, 
0.6682297436449, 0.670480172564174, 0.673369336074789, 0.674204632560314, 
0.665958887957181, 0.667711986507713, 0.66675144820853, 0.667966666533733, 
0.677140754688181, 0.672180589270655, 0.671507046749877, 0.662117766620456, 
0.66695786584264, 0.673589927379528, 0.67513621534179, 0.671801975332798, 
0.675946790507244, 0.662096970659654, 0.672757890411912, 0.67325217344769, 
0.66939829944227, 0.674511720553764, 0.665359126922986, 0.672029202312203, 
0.670502823922804, 0.673797237596622, 0.669255159199388, 0.676964184066736, 
0.667844850366692, 0.663134980039599, 0.665461734613589, 0.67006897424237, 
0.676221891542157, 0.670993655212867, 0.671132213188142, 0.668621036700953, 
0.669079508873997, 0.671220318000533, 0.669546480380223, 0.663488254955724, 
0.671601183965022, 0.67359252462025, 0.663735942683908, 0.667638676154265, 
0.665456824323596, 0.673281840162762, 0.667238157406863, 0.670211553971407, 
0.675235868721559, 0.666437971913337, 0.67194528335736, 0.671382853432009, 
0.665980858107026, 0.668285073436878, 0.664048396816108, 0.669746003898549, 
0.672187881154973, 0.667771649605759, 0.674378649192019, 0.668956243858784, 
0.669840888958396, 0.665477675523076, 0.673942061377946, 0.675924986353315, 
0.66805162590788, 0.670884397176611, 0.673128634385881, 0.666964973573016, 
0.669033130932467, 0.674127257496048, 0.670817573424606, 0.673559531551947, 
0.668883899148053, 0.665242686059705, 0.663674523620381, 0.67372490948429, 
0.663070030953306, 0.672014445344194, 0.664936924247045, 0.668528243830857, 
0.664682712090238, 0.674194703325847, 0.664517571826649, 0.672751948102334, 
0.670965227126361, 0.671046458574062, 0.667510550986261, 0.65643620579572, 
0.674290389412051, 0.665140086974142, 0.669851796788394, 0.673206314845104, 
0.671980468775674, 0.673349916629983, 0.67396886008674, 0.672898384623952, 
0.674425206534616, 0.665886260742408, 0.667331194455247, 0.675008145092396, 
0.674804590081165, 0.662511214745356, 0.666797190849183, 0.672185770535921, 
0.674843121237145, 0.670922264351203, 0.673103352270043, 0.660372522265738, 
0.660515202765235, 0.668772227849138, 0.658020864697928, 0.674073660186381, 
0.67558344788204, 0.674299509115802, 0.668262747880514, 0.669571620201734, 
0.669742311958332, 0.674891334067887, 0.670915617373855, 0.668723914198691, 
0.658050824908326, 0.672229683933016, 0.670078930945488, 0.661745793905338, 
0.677732352086141, 0.676598055911908, 0.675704241669806, 0.670399599758959, 
0.66093054002286, 0.673626874591223, 0.655704212184443, 0.665481309651428, 
0.671249573878275, 0.6668847556176, 0.659974527629792, 0.672563481293079, 
0.671715099513392, 0.668266042907704, 0.667977483478445, 0.6700373216012, 
0.671073030211422, 0.674730236263292, 0.67452783647275, 0.660235765431628, 
0.675426885559978, 0.667289032425889, 0.673973942649544, 0.66613051902403, 
0.673257342344307, 0.664989103770634, 0.668799852996897, 0.676705851754198, 
0.668778318195265, 0.67211521343426, 0.673339666783642, 0.672497852668952, 
0.663695948683596, 0.660853893166252, 0.66115993119158, 0.659555925277989, 
0.669975180193853, 0.674589271296292, 0.659839417678956, 0.670676439510312, 
0.669734237522875, 0.671579794817342, 0.678027166542343, 0.665680739032744, 
0.665649219522904, 0.662548471890904, 0.665382416091979, 0.674426207497989, 
0.66058072220863, 0.672515591737611, 0.669360168806163, 0.674429693328503, 
0.670075756546203, 0.669855356538519, 0.663051846889675, 0.665775284653916, 
0.671197856119894, 0.661454019147536, 0.666049946284687, 0.666177646026023, 
0.672561047531619, 0.670916218241848, 0.67222048289846, 0.66938364443913, 
0.669266432843915, 0.669305319618239, 0.671312142539188, 0.665272574156308, 
0.666530882614101, 0.67695994893096, 0.672502026601108, 0.672928578742742, 
0.669352249508882, 0.667186717648684, 0.669786287919324, 0.67071011535673, 
0.665299037198086, 0.668039402103616, 0.672233804252563, 0.66452312951268, 
0.67810959135107, 0.666300210097915, 0.665710475541347, 0.671673161087024, 
0.674318586530832, 0.675828225624425, 0.670860106818917, 0.666144749966452, 
0.671086864130443, 0.662697598942542, 0.673793715681359, 0.665881799164278, 
0.666634181634712, 0.666585908978102, 0.66381248566972, 0.665409060597866, 
0.672668641532349, 0.670301916550027, 0.669346103006865, 0.673376853049603, 
0.66872771762128, 0.668906208846301, 0.674561966518058, 0.673580071973809, 
0.673234551259243, 0.668573658368385, 0.670479679529889, 0.666952473189213, 
0.673224745881731, 0.664830325871498, 0.675781706657577, 0.66946859275523, 
0.677988193341236, 0.669527036628847, 0.669414433472624, 0.673596705927872, 
0.67544922568782, 0.678118726774428, 0.659614712360766, 0.672269039244838, 
0.663766173953309, 0.668348796203042, 0.667025262455206, 0.672232479619725, 
0.667271949229084, 0.677672465236366, 0.67065278601391, 0.665929641824453, 
0.671713378321919, 0.673876518461494, 0.671708053271487, 0.662541204975075, 
0.662718021673878, 0.67248911445235, 0.667732983734601, 0.664517961101515, 
0.668667133618352, 0.666909910705163, 0.666564235946941, 0.675493026082747, 
0.674991627401962, 0.678872025850433, 0.668930550827616, 0.667109359764445, 
0.673615244914281, 0.660025181093047, 0.679947439482752, 0.674528519057164, 
0.663875706578286, 0.671347307331273, 0.673510268170608, 0.671335298537209, 
0.670042762534115, 0.665281611644347, 0.671411537163296, 0.661852609225512, 
0.670250562046785, 0.674176948067183, 0.670329006816358, 0.673024640373504, 
0.664582409606408, 0.667643394711756, 0.668218761179921, 0.664123708157782, 
0.657202828031723, 0.666005148533042, 0.670238592223315, 0.67064449264635, 
0.671516928910951, 0.674261930798714, 0.666857844207657, 0.67666686061704, 
0.66713155003244, 0.664720801146845, 0.670011861327869, 0.67008105549976, 
0.669021262988321, 0.673942267794688, 0.672090681980679, 0.675575699547309, 
0.67169181355306, 0.672025677865249, 0.670739567554032, 0.672055000620436, 
0.665948284087984, 0.670735302118526, 0.666655402664866, 0.677322165391809, 
0.659667333826727, 0.670412896534842, 0.675839118125388, 0.665861622032889, 
0.669446120108638, 0.666939217171762, 0.674438252254818, 0.669924926734807, 
0.672227716505123, 0.668728452847011, 0.667818661906761, 0.66788240151501, 
0.675828288200216, 0.66747594790949, 0.671524391831576, 0.675736253117135, 
0.669326006837176, 0.672914213074909, 0.666716188493384, 0.668905834605346, 
0.66475760266386, 0.675323215482864, 0.670409208712076, 0.668554935335801, 
0.66502705463704, 0.677090136302043, 0.674188190143893, 0.665793394995626, 
0.662812727874703, 0.672835248558341, 0.6680565776405, 0.669232005500287, 
0.673115328390271, 0.670862118124163, 0.667070454432715, 0.671134645640868, 
0.670160825491682, 0.667957141539269, 0.672209891871014, 0.668013112857662, 
0.664900862037468, 0.673316360331846, 0.677583282334958, 0.671792619560606, 
0.674613736866166, 0.668630067831696, 0.674090160460273, 0.671385037175711, 
0.67801476118794, 0.660991124384465, 0.667300115572752, 0.662245024835882, 
0.661156332567523, 0.670139983152401, 0.67036923528182, 0.6689456621841, 
0.668511850570575, 0.665412277189424, 0.669055401356077, 0.656740933420787, 
0.651040777286393, 0.666377109378471, 0.674901354597053, 0.674545701253825, 
0.6642244139521, 0.666923004759519, 0.667740300749595, 0.670820685067721, 
0.668800528572756, 0.67067119756583, 0.666586911406959, 0.672730284623584, 
0.667138450377321, 0.668085080362793, 0.675864223979626, 0.666870752828398, 
0.67735446759641, 0.668946747182983, 0.670633471402863, 0.666653329328653, 
0.678210514172784, 0.670688997871385, 0.666110545662923, 0.670584834845243, 
0.673087533857832, 0.665448009964266, 0.664803448917535, 0.66924652739763, 
0.665021989958946, 0.670460241324386, 0.672802764284722, 0.667792481331464, 
0.667688994062615, 0.668533769000857, 0.666753260860051, 0.672519228676888, 
0.66079550244141, 0.664076526899327, 0.66712765934053, 0.65272105416208, 
0.672362252210055, 0.672543233691816, 0.665900361664251, 0.666924511660662, 
0.661943559340308, 0.672368012093354, 0.669799954675505, 0.66727070304368, 
0.665791986601589, 0.671058695091616, 0.673717284055366, 0.671644011609222, 
0.675610237771506, 0.670517908962973, 0.66657286845413, 0.675851231032462, 
0.667177252067221, 0.672256085061359, 0.67523549504493, 0.670203730142994, 
0.663846379534866, 0.670029549959979, 0.666069199966955, 0.667093919232322, 
0.661523411180703, 0.674510177530464, 0.673270072998282, 0.666195214784397, 
0.661013231323597, 0.665431328185647, 0.666356112876569, 0.666122678545459, 
0.67295173202583, 0.672118574552762, 0.668361515171369, 0.668521522394444, 
0.669468088051101, 0.674028543771215, 0.671018706827946, 0.671344474474128, 
0.667741524936399, 0.666856786708948, 0.665921679424166, 0.677290061684218, 
0.673517237457055, 0.671796883098802, 0.67316788243887, 0.675389247080472, 
0.665502147539521, 0.661868057418479, 0.668999109992187, 0.670082420392517, 
0.672684838639544, 0.664974410651128, 0.662009651188012, 0.662945739952508, 
0.679149683986919, 0.668580294988983, 0.671357862859251, 0.66924311375506, 
0.665489976232855, 0.668888163909641, 0.667451041356011, 0.664372553870618, 
0.668974753790556, 0.678411126667656, 0.664910341245064, 0.6665321627195, 
0.665633027555539, 0.664022536051567, 0.671810814149316, 0.673256891186891, 
0.66951294008583, 0.662095407007454, 0.667897045395238, 0.665526302835715, 
0.671518093665447, 0.669484978827094, 0.671803961847125, 0.672905525435679, 
0.668841803165157, 0.66710414999744, 0.674149990875557, 0.667575869013042, 
0.672664297637069, 0.671629667099918, 0.668631798957022, 0.670352341977364, 
0.67148077777663, 0.675015239483474, 0.678674272446682, 0.672118463041942, 
0.673105530616761, 0.67132771131276, 0.668415174210341, 0.668100460579758, 
0.668191308706996, 0.665996180551499, 0.672653698754382, 0.669382448539723, 
0.669234047577149, 0.672228193327827, 0.665775993855964, 0.667520622146801, 
0.671008484649638, 0.672084281139572, 0.667787292057577, 0.672207369871641, 
0.672742609034724, 0.664466866244203, 0.672193557432678, 0.660043203763714, 
0.669800996074246, 0.669190264479666, 0.674197538783131, 0.679482115797087, 
0.666210682828608, 0.675645632313119, 0.67058175731307, 0.661525916728147, 
0.672542475793568, 0.670183073053741, 0.668442619706643, 0.666264250703776, 
0.673775908611591, 0.676517909979169, 0.675116696304257, 0.671963020333725, 
0.670397389928912, 0.67618085015626, 0.675634344009993, 0.665050688687641, 
0.672593605777378, 0.666830868621426, 0.668119029159061, 0.671135451330362, 
0.659485467622167, 0.669210962634598, 0.665101550272109, 0.677914136061735, 
0.676731689923595, 0.662683442256136, 0.669313222783455, 0.676400605887294, 
0.666917786013631, 0.669014804167888, 0.667217734264, 0.67609189268902, 
0.673135635902036, 0.669250405562024, 0.676769390338139, 0.670560946195832, 
0.66716060641364, 0.662797913530239, 0.667613572378962, 0.673992174817745, 
0.668573385485639, 0.662847807133478, 0.666959867845679, 0.667922420073301, 
0.672625969923713, 0.672724105810817, 0.671484609846052, 0.67097198984727, 
0.673135181689951, 0.676778013160556, 0.669961134000787, 0.665258483978926, 
0.666002117544953, 0.661008413353473, 0.669951474077645, 0.663989090876455, 
0.66706459935018, 0.667738172410615, 0.66550188210829, 0.676646644804614, 
0.674388246591505, 0.668312597499429, 0.675643370065763, 0.664082966501297, 
0.668214988954923, 0.67112581517396, 0.669209903325474, 0.670733888114299, 
0.669398986178817, 0.667702721403818, 0.660901472431957, 0.673673950559698, 
0.67397804309168, 0.675639919044632, 0.675322904205379, 0.677315961015781, 
0.671702633466451, 0.664817563377279, 0.663243104455236, 0.672467801496031, 
0.673466696621962, 0.672667278132362, 0.668394519628416, 0.675143547111882, 
0.671054744141809, 0.65679474117627, 0.674851609592515, 0.676953353107435, 
0.66902512164107, 0.671701027483391, 0.669583422561848, 0.674830211671972, 
0.664466551189394, 0.670909771224756, 0.670054215434849, 0.671798950588124, 
0.66749397153323, 0.680173947702039, 0.662491441155567, 0.66382235613662, 
0.670344234420921, 0.670702340659826, 0.667496932019408, 0.666655281308152, 
0.667484517003025, 0.669685432122534, 0.671193939050356, 0.661548597854367, 
0.674984823540391, 0.670989912893866, 0.672846649128428, 0.668692440791672, 
0.670223580568986, 0.668724527714033, 0.674032148534455, 0.675440488935626, 
0.669634851456842, 0.669369248051478, 0.67427039913031, 0.668688873834992, 
0.666450588422358, 0.668148559354045, 0.671164661832767, 0.670595961478799, 
0.674575480846847, 0.66511163603539, 0.664017141896436, 0.664276382549675, 
0.674177260332547, 0.674168886499203, 0.672817063599857, 0.671113078526004, 
0.672966006658204, 0.674583227924963, 0.66201771943203, 0.664445390446353, 
0.666257713022772, 0.674112136908158, 0.659999225272524, 0.671110439354044, 
0.666496908513782, 0.670324029069099, 0.665931214963671, 0.667450014588357, 
0.670702949650358, 0.663012717543366, 0.669496073931865, 0.669703809922618, 
0.665123285433669, 0.670194450008835, 0.666432259248048, 0.672503619342282, 
0.672528218276201, 0.662815226158183, 0.670626430002917, 0.671073774163257, 
0.670626129146926, 0.662182867875542, 0.674469207266364, 0.672545169743305, 
0.655975366565361, 0.667873883763589, 0.675476017390463, 0.670351356138302, 
0.674187153298619, 0.672881721459523, 0.669853904705557, 0.670439961532166, 
0.675779025682139, 0.673848274422234, 0.665154537127463, 0.668306404531797, 
0.673968243595574, 0.666048615186237, 0.671119313395898, 0.674582774824776, 
0.668976776025274, 0.675611862683324, 0.669819514690874, 0.67400525615567, 
0.667728387469426, 0.671730791402883, 0.670112187571849, 0.669851479654897, 
0.670127135866213, 0.668853409940191, 0.670042227766373, 0.66356709669795, 
0.668339543527786, 0.666883957524322, 0.672775755727726, 0.672913264375096, 
0.673833809710807, 0.66686622469032, 0.666887465443883, 0.673842091318933, 
0.674649904004188, 0.672743583085973, 0.669708548472028, 0.671545031696841, 
0.669684560589576, 0.672046479927818, 0.670143761407276, 0.668559070160177, 
0.673125895245382, 0.673638599285943, 0.662838329760307, 0.672965761133504, 
0.665959793537825, 0.66883670361538, 0.674226273925526, 0.668276786605864, 
0.678281518368545, 0.668275324765244, 0.674351884670353, 0.673815251697297, 
0.670847040008829, 0.670233409430142, 0.672144629165422, 0.672669234377481, 
0.672580136506489, 0.680489210200697, 0.669507325944857, 0.676649885078501, 
0.672595602613608, 0.664440584153328, 0.664924678649359, 0.671114009698284, 
0.671841355172226, 0.654463034845995, 0.673050771840378, 0.670912213975445, 
0.669409368863752, 0.668362429262148, 0.671380919862914, 0.673900073445494, 
0.668304066495623, 0.670616429343024, 0.670821193990572, 0.672187518677681, 
0.666232793343255, 0.666399224937385, 0.666826061453555, 0.667419314650802, 
0.676150545425693, 0.668163082441429, 0.673081240079596, 0.674014494600136, 
0.670593258083033, 0.6724833312556, 0.673068378695831, 0.669522184219533, 
0.667267326622099, 0.667060599434093, 0.665018482549884, 0.675788710385473, 
0.674765284093079, 0.664525312087098, 0.670507198465516, 0.674943756552241, 
0.666059988368276, 0.663251160576331, 0.659931931640892, 0.670315650257327, 
0.667803463238862, 0.665909707030206, 0.673938469806507, 0.671965943789828, 
0.670307048312196, 0.66959805220573, 0.66785038529237, 0.666188961735785, 
0.670898353419727, 0.665169477980654, 0.670774716263089, 0.6685700447058, 
0.670528930196721, 0.670485758991355, 0.669815792713371, 0.673053383406524, 
0.662838099050241, 0.66875462463998, 0.666294774735829, 0.657603696666753, 
0.664243969391955, 0.665794551863841, 0.675198494407688, 0.673873060095211, 
0.657438907758248, 0.6672105398687, 0.666070926102711, 0.668773988640958, 
0.668607134012267, 0.670585583746496, 0.671760472431482, 0.665789335330086, 
0.669622247166995, 0.664513570688575, 0.676564811599403, 0.669828626855382, 
0.664638751681517, 0.66839994880663, 0.670574912075152, 0.672022329387324, 
0.668489813682191, 0.667695759127815, 0.666478990336595, 0.668688214102522, 
0.668063681676057, 0.670953239352041, 0.669291578304248, 0.668627741455803, 
0.673513783392712, 0.657414697612655, 0.66939466818512, 0.670271601152187, 
0.671063959635419, 0.668295841708777, 0.677173180455165, 0.66916933966778, 
0.673942221067725, 0.666256749537349, 0.679039885744279, 0.670880141669909, 
0.665304782285915, 0.670111264722231, 0.67089969029595, 0.669263570061127, 
0.675536353755388, 0.669967952175918, 0.675052632866197, 0.665674125787196, 
0.666858418735381, 0.663893102125412, 0.668024289323332, 0.673325441721894, 
0.670469136187078, 0.66950080141538, 0.671505114546203, 0.67168696943366, 
0.663804987301822, 0.664617147364533, 0.667581367785717, 0.658401660693261, 
0.671795553325708, 0.67347450771652, 0.67009796184586, 0.666738807813803, 
0.671557989872413, 0.66777912144189, 0.675396235429045, 0.663576778558972, 
0.671240967719199, 0.666697980375016, 0.671775292906255, 0.672191580414504, 
0.673525197279035, 0.664061023393774, 0.668717234771148, 0.670013457765518, 
0.666902784177993, 0.673330154503455, 0.666751501839526, 0.668402249885747, 
0.664257808374389, 0.673777354593527, 0.671347087633432, 0.668230613192448, 
0.667386991168043, 0.674826546350218, 0.668620148971034, 0.664125551728522, 
0.664754862722704, 0.665374358432402, 0.667863703412227, 0.675380015930081, 
0.672611897327687, 0.675475713181017, 0.678010083227, 0.672427533664572, 
0.667136435496094, 0.676649111909181, 0.67169708690392, 0.664065518274412, 
0.669969023130721, 0.664490499726071, 0.669878089098352, 0.664656462444949, 
0.660686563619115, 0.665048330671609, 0.667485035756435, 0.665927829769746, 
0.677580870218737, 0.670815123903166, 0.664966758879696, 0.671028062293276, 
0.668260481006387, 0.672296885425724, 0.66518308395388, 0.666522151195188, 
0.668134734029596, 0.669094764551347, 0.665197253898981, 0.676397577864289, 
0.656140116363699, 0.67506648867714, 0.672592334509557, 0.669352060817373, 
0.677163159322956, 0.667677719189015, 0.669328070388192, 0.670434986577584, 
0.668873761712811, 0.66902726564372, 0.673299075713051, 0.666002990389197, 
0.662907762009297, 0.672954596686593, 0.669133588027434, 0.66587776342452, 
0.671295145519789, 0.674155099406969, 0.668287751070525, 0.662212523296586, 
0.671636941706568, 0.675978005732303, 0.66919223613853, 0.663716727142595, 
0.670995024433034, 0.66987670459412, 0.672697570913602, 0.671673911687503, 
0.668162735207379, 0.669632483051201, 0.668462933970245, 0.677141478909616, 
0.674049159039039, 0.675987881196781, 0.66841007754575, 0.671295872491658, 
0.670900453529856, 0.673411122402097, 0.670170216778623, 0.672678932264805, 
0.670145589682314, 0.661678695881698, 0.673221317141996, 0.666605138054046, 
0.675290513153651, 0.66610236687822, 0.668086530132604, 0.666223959556734, 
0.67395901487488, 0.677053770194041, 0.6679334749289, 0.670395449937196, 
0.670000892428178, 0.664641643444129, 0.670241608305645, 0.668251524981632, 
0.673407901511771, 0.666293328907535, 0.674028677280708, 0.677388827600917, 
0.678035755659898, 0.66886592764339, 0.670249800209447, 0.665915653154624, 
0.670764840339077, 0.675784419886466, 0.664620598582462, 0.672901382341355, 
0.66219562040308, 0.673885649371743, 0.66867227382178, 0.675240058525417, 
0.66720323848488, 0.67531211318287, 0.666988691959896, 0.662215566444079, 
0.669283272555511, 0.670662052647265, 0.67056090675002, 0.672086689490935, 
0.672380017827424, 0.666044396383862, 0.670764584917861, 0.670252321256746, 
0.666842544159126, 0.668762038108312, 0.662696882857436, 0.676724550588957, 
0.673952320112945, 0.666474837017102, 0.673081646110728, 0.666637569669827, 
0.674405428320711, 0.665221290375881, 0.672083347417657, 0.67254110371037, 
0.673837274076369, 0.671275813139443, 0.671645483426931, 0.66941178728661, 
0.672217586004513, 0.668303120789275, 0.670811184370056, 0.674900115108172, 
0.668717955858889, 0.672535567651722, 0.674726121247276, 0.67165881822424, 
0.665146171704193, 0.669916834932529, 0.664959836326629, 0.673304553722426, 
0.671609139018068, 0.665761871210861, 0.664759320843463, 0.673867463660769, 
0.668093332236432, 0.668071703140063, 0.671853197512985, 0.673730342244154, 
0.660468955578017, 0.672032233942381, 0.672155322018941, 0.668259846186257, 
0.660071377155404, 0.673166702957788, 0.669175513771781, 0.672501167089747, 
0.671112945350314, 0.667133320166872, 0.672954205831323, 0.668981898467332, 
0.675493331059268, 0.673839285507247, 0.667288147582796, 0.67245237046085, 
0.663404069082959, 0.670061847969541, 0.67035491004064, 0.666218420185378, 
0.670978012793555, 0.663688682123806, 0.672348814493631, 0.667613603598983, 
0.67565396841076, 0.669816200541169, 0.666944567472318, 0.663767802391025, 
0.668620626725216, 0.662626459312771, 0.665868257320944, 0.669681264774807, 
0.669326149349608, 0.66496547536073, 0.66351670013518, 0.67600213350181, 
0.668450864063764, 0.662262050112911, 0.666341984412859, 0.667172713589227, 
0.670219541931002, 0.673956601010439, 0.666556096393103, 0.655388458346903, 
0.665729193267724, 0.663017531303602, 0.668421912508017, 0.665196037219862, 
0.673639752143645, 0.669735334830338, 0.664485136070042, 0.667481858025488, 
0.661188302974489, 0.666217663676574, 0.671210609507582, 0.669071667276253, 
0.672965971852562, 0.670573448355664, 0.67334014410131, 0.66278360081977, 
0.67582340450648, 0.67623527898472, 0.660695662055705, 0.668236646046617, 
0.670608294471887, 0.679172855297761, 0.679045402078447, 0.669592244891685, 
0.666611438168387, 0.67090927104113, 0.667443344145232, 0.671780000685711, 
0.667333835437406, 0.670865791066743, 0.672765391251996, 0.672075497585042, 
0.673395554249365, 0.671545063358297, 0.669531288326908, 0.669302919692749, 
0.671583417414099, 0.66565429193631, 0.670604964681241, 0.666488663702138, 
0.660733185407927, 0.674691352550574, 0.667225556722845, 0.670392122304184, 
0.662256327071649, 0.671104773804644, 0.680368285585464, 0.668036182929256, 
0.673625037509382, 0.665956583749771, 0.666963400744409, 0.666153822643136, 
0.672228811546834, 0.6745083059635, 0.664301948782605, 0.668340776810649, 
0.674443672264048, 0.667724913079063, 0.665384435504005, 0.666009943230277, 
0.665404090310463, 0.669620655489329, 0.665708680215606, 0.672277181477354, 
0.672329482244954, 0.676982073359735, 0.67770017859983, 0.668140152140366, 
0.670616771967505, 0.668715228564511, 0.663408883898876, 0.67621295659824, 
0.664479841167353, 0.670175939761478, 0.656107868497171, 0.666245588839341, 
0.670200796935063, 0.667702711360248, 0.660701707819872, 0.662163733849348, 
0.667827781234776, 0.670232664082169, 0.674853182228898, 0.67431457904084, 
0.668249956364921, 0.672115826382208, 0.666906586257648, 0.674234560947498, 
0.677924607101174, 0.666755142029939, 0.672682611375865, 0.668925621705093, 
0.66475187202851, 0.67244238438188, 0.67057034455948, 0.666592756042138, 
0.668189120598313, 0.669405395992005, 0.674293077247632, 0.671816077167869, 
0.667447974499605, 0.670332572215356, 0.669135298747211, 0.672721461416718, 
0.664908528834571, 0.658853569626153, 0.668551177412556, 0.667695662262926, 
0.668583361423105, 0.668383565908204, 0.665897762574049, 0.666763631078852, 
0.664389592863793, 0.665295433315984, 0.667693017905343, 0.673442424260425, 
0.671516157335667, 0.669701335245318, 0.673736810737785, 0.663678336236679, 
0.667582345932499, 0.669633252584727, 0.675590169562863, 0.675779596381302, 
0.670313974680755, 0.663054991134818, 0.660856949499106, 0.664686275023296, 
0.675607337320583, 0.670284688478239, 0.676984381226767, 0.657315130748367, 
0.677139526216243, 0.663279795942503, 0.661993634831152, 0.670212675569945, 
0.662719073955827, 0.670402781674878, 0.666584422532845, 0.667899772674988, 
0.672533230968232, 0.666639571396308, 0.673016389101031, 0.664870492009897, 
0.673857090464731, 0.67457095025568, 0.665329626234872, 0.66679663163232, 
0.67230195622749, 0.670121998233508, 0.667246351294421, 0.669731580341738, 
0.671649709832637, 0.674023611587388, 0.669224033515313, 0.674431548200483, 
0.673202465633711, 0.670806413792094, 0.662284544057636, 0.663445051523265, 
0.663917953415936, 0.666521013480571, 0.666241161165565, 0.673502488773207, 
0.668895344776001, 0.672667940362445, 0.676187427564612, 0.665110049714651, 
0.670803253817587, 0.652517473256739, 0.668286352383283, 0.665445024141992, 
0.67287711324287, 0.667063990796916, 0.667767925004536, 0.672967143475348, 
0.670986964156566, 0.670698124866459, 0.671504202846815, 0.672309326334743, 
0.65088111958619, 0.671009022089538, 0.669460072814223, 0.667710481020121, 
0.67075812178237, 0.673769273329035, 0.666916402060384, 0.675792108163573, 
0.667458354759408, 0.669398364784466, 0.665469037191013, 0.668517189907181, 
0.661347989409122, 0.668454519142457, 0.668727379034055, 0.67927831468116, 
0.667291481283815, 0.670488538178781, 0.658279736974184, 0.67282357187782, 
0.669828543495062, 0.674250092541863, 0.670866267102998, 0.66894119234792, 
0.666982554515077, 0.672479132429009, 0.663201346892416, 0.663514326700295, 
0.655840772547852, 0.658466526369437, 0.669191519289779, 0.669423235348144, 
0.671759416683888, 0.666437991740749, 0.67275390901425, 0.67263831681286, 
0.669119315648653, 0.680214707476198, 0.674057331162666, 0.669844086482634, 
0.667158652931598, 0.667200533472992, 0.666885497539954, 0.658468319808456, 
0.669642137701102, 0.672238914798828, 0.670062925380579, 0.670589640652575, 
0.666034464790568, 0.669192778388811, 0.65834392570114, 0.667035641011445, 
0.671117792146826, 0.672000609958582, 0.659549033682271, 0.666305842318041, 
0.669345386952773, 0.668495275967039, 0.664490941571396, 0.657289271613783, 
0.672323697369575, 0.67292441495212, 0.672498650829142, 0.661186360825383, 
0.66873404716699, 0.663604656154869, 0.670707529240079, 0.674364722995846, 
0.670855413040479, 0.659521192998422, 0.664603635376729, 0.675273079033246, 
0.668411168368976, 0.678828706052259, 0.667252817269174, 0.667577160505284, 
0.676394283769807, 0.669951450015807, 0.664133316503512, 0.671193403634362, 
0.668740883869741, 0.668065786382192, 0.669403785462426, 0.66576239764652, 
0.667440281424634, 0.672801130951553, 0.659752619225623, 0.671002068929985, 
0.673704666053743, 0.663397823806823, 0.665745657979169, 0.674533683981804, 
0.670940963507345, 0.675569836723239, 0.670231674714423, 0.678870590728882, 
0.674426510457824, 0.667341499129038, 0.674582733046641, 0.670108881525766, 
0.678863608910444, 0.670331764809067, 0.668128631481909, 0.661748349430914, 
0.669976764990241, 0.667070462067111, 0.671656560258637, 0.674074572522751, 
0.675431499230091, 0.663738458874392, 0.673850871400023, 0.666439262791011, 
0.669751804774022, 0.670137566121239, 0.669369918996406, 0.666778811389179, 
0.668552559169962, 0.670650424399847, 0.667430516395164, 0.671276517165967, 
0.670612485508354, 0.67311632190383, 0.671098682637043, 0.672553034821678, 
0.663302158039146, 0.673199298598074, 0.662652948032986, 0.675521470789589, 
0.667648911535246, 0.666649128834084, 0.664209335844813, 0.666931644634696, 
0.675661612082439, 0.671368015783514, 0.671211150902872, 0.671854015249032, 
0.678027112063798, 0.66146555386126, 0.672713525894486, 0.668313281512466, 
0.669290171649242, 0.664631785326691, 0.670882411162567, 0.666534742870275, 
0.671417043582684, 0.656735353351308, 0.671889397292663, 0.671819359927819, 
0.67032485168049, 0.667292975256504, 0.671729249478296, 0.662602846347245, 
0.667947270768521, 0.675172454244171, 0.669477027980162, 0.667592634962681, 
0.670124149013095, 0.657725180856696, 0.662934414340874, 0.667686564057189, 
0.665303272449745, 0.667213362049343, 0.668415348478551, 0.673033774711694, 
0.673830849899208, 0.67161463172099, 0.672205942714117, 0.66941610555656, 
0.666826070322201, 0.667069275727235, 0.655702761286954, 0.674929872808779, 
0.668222611161595, 0.670583854428563, 0.67100078056679, 0.668858248692996, 
0.672947912375543, 0.674158280794513, 0.665307356752215, 0.673298625516512, 
0.674752624187101, 0.672053829483916, 0.671498379731299, 0.674879676413253, 
0.665884224047828, 0.669300653401511, 0.671459008669531, 0.674523217370787, 
0.670241409515169, 0.669154267084702, 0.664099092956048, 0.672681944091054, 
0.667806450134882, 0.668581163222535, 0.668682150384225, 0.680841155316407, 
0.671993287595784, 0.675166150223271, 0.670185264482279, 0.669226302362007, 
0.666654670732272, 0.666362280834202, 0.668282491386518, 0.675550160861545, 
0.669775774919108, 0.675531496932109, 0.669543225903851, 0.669877157162489, 
0.670842914379145, 0.668704290864152, 0.672520107060345, 0.671255465011667, 
0.66760964429295, 0.667180789845388, 0.679118553175454, 0.671237215177136, 
0.671017100816393, 0.668601290730758, 0.676617006185418, 0.665747309647403, 
0.666215907263317, 0.655761721865463, 0.672459496087196, 0.669630418512872, 
0.665985016648978, 0.670783738394635, 0.665043344184166, 0.670801341886184, 
0.670513512844531, 0.663663451034115, 0.672670562556795, 0.67596933904926, 
0.674379313949616, 0.669924174678706, 0.669836044333296, 0.672480351946091, 
0.672443724419776, 0.674299395524254, 0.674255585802949, 0.672773236179604, 
0.66630078855783, 0.682390305827131, 0.673470786012956, 0.671486832328975, 
0.669538635108165, 0.671231361381424, 0.668904926148776, 0.670727588376464, 
0.672381990712637, 0.674024743318155, 0.665305992252601, 0.66781321392636, 
0.670716624004338, 0.666573061087038, 0.667727095912962, 0.673439022757505, 
0.675843853170882, 0.673035883343971, 0.664892415195814, 0.667045059136444, 
0.670310925554954, 0.67108843880852, 0.671453155528585, 0.666474052517148, 
0.671062122248948, 0.671927843158543, 0.676149833965887, 0.669786775548814, 
0.67421004469815, 0.673867085968863, 0.666298833382651, 0.669828693394488, 
0.679554128660265, 0.671861066970819, 0.662259451319761, 0.669535091633768, 
0.673636618975433, 0.667284314283576, 0.66845715901635, 0.665265418938491, 
0.670611566384736, 0.664301908129158, 0.665378103934166, 0.667658623920365, 
0.665298767996855, 0.661111733898483, 0.675684071644086, 0.671310638742077, 
0.671900582165354, 0.667942124947438, 0.670222614450348, 0.656991662393204, 
0.6636282557785, 0.673660885391758, 0.669897322140624, 0.672819084138817, 
0.674272495135911, 0.668225953113339, 0.665673947661528, 0.668148329496464, 
0.672918560894311, 0.669480452656873, 0.671927930040141, 0.668742550964549, 
0.669417074038232, 0.669931525591607, 0.661560052594674, 0.673705211744114, 
0.667875292232108, 0.667847830646966, 0.663072531285787, 0.669993984080636, 
0.673665503127234, 0.669405395521533, 0.670753739285287, 0.664679509706305, 
0.673832753398703, 0.676361906198544, 0.661017172442683, 0.669144110660166, 
0.677275645690198, 0.67079460196099, 0.675826051707407, 0.667857896428125, 
0.669627892959173, 0.672961356245131, 0.67658427543147, 0.66923626468924, 
0.669541454840952, 0.668749835607646, 0.669414769513436, 0.669964518750125, 
0.673250031926976, 0.666927933838896, 0.657296245630788, 0.670499569678396, 
0.669787850335007, 0.675820532809151, 0.669869236575171, 0.670584768099073, 
0.672547074488939, 0.66918660560193, 0.659529442165539, 0.677330215785771, 
0.668950964210564, 0.668980311305607, 0.669247370202159, 0.67611225689298, 
0.661688146326319, 0.673216631170591, 0.669184763704944, 0.667406223080728, 
0.675805162625728, 0.669389643491515, 0.67150355973957, 0.658929966976684, 
0.677914367414944, 0.663915006104231, 0.675781080964218, 0.674514368867078, 
0.668804831335635, 0.668956813374636, 0.663315508675279, 0.676425087582796, 
0.66935464267971, 0.657161552908252, 0.673045976399462, 0.670945041509096, 
0.667081349615731, 0.66716031727672, 0.67112915807312, 0.668146806078606, 
0.667285590614728, 0.669416416368773, 0.668697842346761, 0.665426093374495, 
0.66964070932601, 0.668301299230831, 0.670923154708432, 0.664124927692473, 
0.667978014572478, 0.669114471482652, 0.675860634257037, 0.669867717253447, 
0.664653360750996, 0.668682768418947, 0.673807701623879, 0.662294036014583, 
0.673137949980702, 0.66544875065979, 0.673303663313985, 0.656365512050778, 
0.669296855369829, 0.666326081044094, 0.676199969564402, 0.664853768705625, 
0.676364705491121, 0.663805236529612, 0.668108027045846, 0.672871127467491, 
0.671528487645213, 0.667175489473049, 0.673242802732006, 0.665416183820516, 
0.663890476808686, 0.670430678466018, 0.674203613165928, 0.674449312309417, 
0.671160232730148, 0.667228687527991, 0.661823456172608, 0.669912153528445, 
0.669870506306637, 0.66393707820543, 0.665964921873066, 0.669175741399855, 
0.665267237614217, 0.67113056136349, 0.67237711810027, 0.668659083021108, 
0.674237817710456, 0.670876531632326, 0.669550844541561, 0.675240899884725, 
0.669503375805385, 0.671936423793481, 0.672307375223602, 0.671563956166452, 
0.674680669886999, 0.667679566192021, 0.670098873170712, 0.669797800283641, 
0.6684928984473, 0.662050315321903, 0.673454852737941, 0.672480671424631, 
0.671583605795757, 0.668391300792945, 0.664914377302362, 0.662114466875987, 
0.675146762534527, 0.670633256931891, 0.670458804290836, 0.674406912388495, 
0.675154479891168, 0.663538104708256, 0.672716440238677, 0.668917061438187, 
0.671012088891944, 0.671129523168468, 0.668196876012536, 0.666337995586057, 
0.668346025442522, 0.66880375385014, 0.671896653872915, 0.672544452593077, 
0.658181072893884, 0.666543533428128, 0.667363791330839, 0.675637920374983, 
0.664749796738134, 0.669454379496124, 0.661947835628383, 0.668036956882971, 
0.672778001456428, 0.670685847695674, 0.671785357118893, 0.669237523827149, 
0.664612237410407, 0.675348300099764, 0.673228892359281, 0.670771667090709, 
0.669673610278974, 0.671624502214697, 0.661251505089713, 0.663773252105692, 
0.667399155602383, 0.668601866945303, 0.671278328181618, 0.674172090163642, 
0.675786418465628, 0.667965674558522, 0.668204915297071, 0.66331821021028, 
0.671390625105588, 0.662174844942121, 0.669558132789445, 0.669112290265564, 
0.672188729348101, 0.67610984595855, 0.677559543115838, 0.665266718820537, 
0.67121663142277, 0.674092281893489, 0.677591049058109, 0.674622692796686, 
0.669682260658838, 0.669096231177001, 0.675758427792151, 0.662838503797216, 
0.673535500534421, 0.667153132596964, 0.66835076184086, 0.672250948831088, 
0.667055804355157, 0.664820028366518, 0.674328117981546, 0.673920408756957, 
0.674880940220283, 0.670337351171536, 0.672918808189992, 0.672781490300602, 
0.666584671985978, 0.663249818279914, 0.676809802107854, 0.668797715719344, 
0.677726989535857, 0.677274894814346, 0.668745172315595, 0.667353054864669, 
0.674291167997547, 0.668985023791013, 0.671566219266688, 0.673650407002165, 
0.675696168893616, 0.670034681338992, 0.668854704514345, 0.675072981616729, 
0.669810059103153, 0.675709464102923, 0.662499511780255, 0.665937305644702, 
0.660362828829229, 0.6714350615042, 0.669890115009224, 0.666696725277711, 
0.670912956713395, 0.671524278699226, 0.668618208712707, 0.671489870178359, 
0.668604022242046, 0.671100954684472, 0.662442928106506, 0.669929556043649, 
0.667010223141, 0.66618207422383, 0.668012915527662, 0.664858986716769, 
0.668491019891296, 0.665747149972352, 0.665208179087637, 0.670402075785121, 
0.669607622481723, 0.665457394286009, 0.666550040023647, 0.672998248358315, 
0.664603181575773, 0.660876957325639, 0.667109083140102, 0.668707359822468, 
0.67066049376685, 0.674683915603373, 0.66861879991763, 0.674382326331188, 
0.668086464267903, 0.669942040653263, 0.666844868057127, 0.664869469058433, 
0.659766202810969, 0.666484924386196, 0.675575078057779, 0.673573806820778, 
0.669764972136734, 0.672589856635711, 0.668984627744316, 0.672080261060798, 
0.671485197788004, 0.674154365741986, 0.667737341533774, 0.668779945689179, 
0.671838102943194, 0.665811733387196, 0.669914807597349, 0.668086112060171, 
0.666023559978576, 0.670021440274444, 0.674702727567207, 0.673659601914205, 
0.668800757812145, 0.669044396629841, 0.671877317544268, 0.670442611881693, 
0.678443881914088, 0.673570368342581, 0.675305629725092, 0.669119467756831, 
0.66551079380386, 0.665824931237558, 0.66942650501997, 0.66581490143014, 
0.674767495752435, 0.673777395230631, 0.679328702884304, 0.667142203535829, 
0.670144985493811, 0.670953011056944, 0.669020741802332, 0.669657089747673, 
0.674276344275701, 0.670177383291872, 0.673464719131428, 0.669925150623214, 
0.663447475339047, 0.672459140673722, 0.667674147441188, 0.671232949852777, 
0.66711628524664, 0.67832751373913, 0.671497394164186, 0.668624348901734, 
0.65926701015363, 0.674426965535375, 0.670824830242006, 0.670134264236371, 
0.669914096824207, 0.671007853857431, 0.669205482898109, 0.671210654087557, 
0.674583047340846, 0.668560633927535, 0.67290352607428, 0.670059619898265, 
0.677311665925734, 0.664452500065506, 0.676215063099458, 0.665259624875728, 
0.671696788214791, 0.672642799045175, 0.667737383919991, 0.669063014909294, 
0.675159490390529, 0.67036278051662, 0.674295015326895, 0.666408204884749, 
0.666584955893489, 0.661329161982879, 0.665923266227575, 0.668624739512443, 
0.673961370742473, 0.674788092428722, 0.663080138753602, 0.673416055618339, 
0.671893205712971, 0.672841843232229, 0.673944302850291, 0.675333993340897, 
0.671711130972328, 0.67652496577298, 0.669034300910199, 0.671810506235319, 
0.665030534421218, 0.665705838842245, 0.668175452864491, 0.67167062823027, 
0.669157669679971, 0.669803763785937, 0.676168449075814, 0.667173682947458, 
0.676223566606488, 0.669381988724061, 0.673967146819771, 0.669488105506059, 
0.675024358934917, 0.668244746951514, 0.669605550902525, 0.668956147950818, 
0.666098258231556, 0.66630827457254, 0.66449574434013, 0.674333380299515, 
0.664106123098594, 0.668053415916591, 0.669434187620476, 0.669322592231914, 
0.666547417233358, 0.676553887141056, 0.677562554854664, 0.666172845206103, 
0.669906244922259, 0.666762738076533, 0.672085618264398, 0.670867557053135, 
0.671210166741196, 0.669682811709893, 0.662215697810478, 0.671790952513632, 
0.668482532152353, 0.656009972099209, 0.672246888148158, 0.667575516485337, 
0.668702599241363, 0.669227319641514, 0.676402271702393, 0.677128724963899, 
0.667474328804334, 0.668845479514731, 0.672538741429031, 0.672507912197441, 
0.669233352608024, 0.663458978618299, 0.677782816632246, 0.677453677176158, 
0.667492630858115, 0.671293599657975, 0.67320464680956, 0.671152976493563, 
0.667324218208755, 0.670755234704313, 0.66385229749657, 0.659912699225818, 
0.66572303406487, 0.664188815001868, 0.67196633519227, 0.674049562386795, 
0.665137814668446, 0.667249499924842, 0.674803530174694, 0.669566026822962, 
0.666644958570352, 0.673521465685465, 0.671286549329981, 0.668296571389854, 
0.671698669405464, 0.674968211196332, 0.671736104801576, 0.665923256553014, 
0.672668750799688, 0.672776921513956, 0.67144995761737, 0.664606222676377, 
0.666288409128894, 0.667479590545726, 0.673023195036672, 0.662625066873119, 
0.673542398174212, 0.666626439140844, 0.662743257223735, 0.664203693882955, 
0.667026816653299, 0.669044981110764, 0.67812938090605, 0.674944755932773, 
0.668373629738322, 0.670602299649102, 0.660331625322635, 0.673201967801583, 
0.667678095041329, 0.668803627534604, 0.666523711870039, 0.675825704318312, 
0.66615709942277, 0.673274285820396, 0.657659309518213, 0.66735628597895, 
0.663615260628918, 0.662403073159813, 0.672794922158466, 0.670592715685849, 
0.667579074741913, 0.674974086642117, 0.67623734233913, 0.672537142900783, 
0.673117861539364, 0.671118914146799, 0.667054709974436, 0.674080176296232, 
0.669724473496769, 0.668262519918286, 0.667234264526898, 0.664850213978117, 
0.670100751283776, 0.666997066574528, 0.667850605752772, 0.670910426060387, 
0.67101359465522, 0.663992807814594, 0.67268134460004, 0.672564416825738, 
0.67351174944313, 0.673078357552455, 0.674485962064444, 0.661890830817549, 
0.667891393043656, 0.666494337057907, 0.666052387694024, 0.677358697125639, 
0.669853514735615, 0.670494728600314, 0.666312698206248, 0.67901662222985, 
0.673586433418106, 0.664988035988969, 0.671252571499037, 0.666397069332732, 
0.664021574290228, 0.669501552665865, 0.667903136775406, 0.668700018676252, 
0.673053171516512, 0.660304866831758, 0.671514685795, 0.66526394004265, 
0.670892206809572, 0.669416515405633, 0.669338347065437, 0.671943039157373, 
0.673076277422499, 0.674222595313507, 0.668625894256014, 0.663174520673222, 
0.672447476908971, 0.670820876406434, 0.667897348309332, 0.65777294326965, 
0.67303714487927, 0.665678042440746, 0.669341141916017, 0.669698859518189, 
0.670831633080346, 0.665965817639428, 0.676573170534413, 0.666693707114561, 
0.667088407156594, 0.664962316833001, 0.667970497072898, 0.673342051200913, 
0.666255919223647, 0.673705421097673, 0.669845968120812, 0.671650219365767, 
0.667061825490391, 0.666641891374423, 0.666772917296033, 0.674374676814136, 
0.670471471782102), cat = structure(c(0.690634320605397, 0.669478938697564, 
0.0042530670399632, 4.97414729395292, 0), .Names = c("obs", "mu", 
"sd", "SES", "p.val"))), .Names = c("sim", "cat"))
