structure(list(sim = c(0.680442444002027, 0.676529541218505, 
0.683462097517992, 0.689077928254253, 0.682928536566252, 0.685886893410522, 
0.680578806043197, 0.688346962239848, 0.676326774209788, 0.675326733105462, 
0.690139748322735, 0.689221602024901, 0.688418345822807, 0.68463887064517, 
0.678778563748971, 0.683735830679691, 0.684491615400742, 0.674816935278897, 
0.674494390002686, 0.689539160684351, 0.681175408193644, 0.678146260093282, 
0.67792242014658, 0.686551067583491, 0.678138140389185, 0.689272546831344, 
0.685540352144264, 0.680006894951861, 0.683193826953338, 0.67520832975432, 
0.681783813137118, 0.690108690778332, 0.687374714371085, 0.691327672043156, 
0.682955340352288, 0.683496744150699, 0.686920911462668, 0.682146316188777, 
0.677437750478169, 0.685064720116557, 0.686473463738451, 0.682419690847761, 
0.681568165572737, 0.68108419745809, 0.688000115287142, 0.68654412830804, 
0.683745279662176, 0.687349262638014, 0.682636756233689, 0.683097675878478, 
0.679485590107259, 0.682208744722757, 0.682298577307235, 0.682019273326104, 
0.68154967857024, 0.679991744623296, 0.684297212397587, 0.679709733603401, 
0.683631192994811, 0.67926497639043, 0.680220214789577, 0.690290887975977, 
0.688520715217037, 0.680475112688855, 0.667538758129536, 0.685405586755794, 
0.689560106965157, 0.680354326033085, 0.687962878235926, 0.684548610507003, 
0.681606649360774, 0.690340546394916, 0.686203652270027, 0.684013606786353, 
0.685051233461907, 0.678197642909118, 0.688354039524287, 0.691113654533889, 
0.679258556870168, 0.678994547992567, 0.687743748286564, 0.688057305470765, 
0.689323186417842, 0.689332377997672, 0.677625785785731, 0.684123036193308, 
0.684568510134496, 0.685231236089932, 0.68884116512202, 0.688663779162017, 
0.681591738375523, 0.690176338932985, 0.684886568965723, 0.683024695650562, 
0.685518893210988, 0.686302927574254, 0.686829244957955, 0.671921764044762, 
0.677987277908224, 0.68644288988487, 0.690144313205135, 0.683461412375834, 
0.684603309454831, 0.680605270952364, 0.690097849906454, 0.688065985858712, 
0.689177053954891, 0.685103992116696, 0.684660085551565, 0.685036576469851, 
0.684845718789946, 0.687907868117186, 0.690169573434689, 0.682840370579822, 
0.686588693913033, 0.686922151111911, 0.680670808162063, 0.67650981318443, 
0.679590958275768, 0.687349142842574, 0.69158526174768, 0.682178391900323, 
0.68984518497973, 0.692239648469477, 0.686513676550269, 0.684741321944727, 
0.672094749334891, 0.677175826057042, 0.686530511902572, 0.68678830406763, 
0.683980569502022, 0.683781549161048, 0.680318194683508, 0.678867061084427, 
0.682550415737897, 0.678470790158588, 0.691818886260796, 0.69307401570858, 
0.689555723494454, 0.675619970150384, 0.682100147967826, 0.682811291125213, 
0.689283765901634, 0.683989234165424, 0.681979580596204, 0.687976798109408, 
0.683383654102843, 0.688151034230665, 0.681192113287258, 0.686014580999436, 
0.681608331546073, 0.684943402222956, 0.677929487725374, 0.679175249556851, 
0.678339064739684, 0.688422882799341, 0.682845105594651, 0.669137744741525, 
0.680002395048841, 0.67995857443737, 0.679673312637649, 0.680402373812028, 
0.679810709063936, 0.690269235013011, 0.688019067328325, 0.686097817474539, 
0.683876702635978, 0.68992725780166, 0.672407112488871, 0.688796410524466, 
0.682891094866371, 0.675925090162587, 0.684835957517166, 0.692210010981966, 
0.674907453956839, 0.678284226042718, 0.678064773998707, 0.681289964134118, 
0.683314585084188, 0.681809149027413, 0.680701455610124, 0.68484324641627, 
0.67439754817899, 0.684793859773353, 0.676663699639488, 0.681582962854129, 
0.674398719283562, 0.684361748123963, 0.681889414786086, 0.684784769582126, 
0.681518578030007, 0.679004474718817, 0.685348274181891, 0.68576897879369, 
0.689812926531903, 0.686685888559228, 0.680308063749625, 0.676965514670579, 
0.684199624605514, 0.674885146917589, 0.681094701347371, 0.673370674322745, 
0.681594649625646, 0.679978973280526, 0.673067807319632, 0.687379756928803, 
0.677766696875545, 0.688754948049553, 0.682369040346003, 0.687394733898158, 
0.682029976199991, 0.688419317224406, 0.681940748184985, 0.688335928301031, 
0.686864022031346, 0.687564563236369, 0.682867060957239, 0.68441829498044, 
0.681526397820979, 0.68840557086529, 0.684129404462901, 0.679939261235395, 
0.681157384561771, 0.685579252933704, 0.683623821585395, 0.686624132395241, 
0.679787345639078, 0.684423769723784, 0.685365286837204, 0.683079416788251, 
0.678894283340458, 0.677782548354391, 0.68017215357667, 0.683412101207395, 
0.688470613760215, 0.682312872440202, 0.683567986733829, 0.678879997897825, 
0.686993680533856, 0.68055607299441, 0.686993445662874, 0.691180484509157, 
0.676558044948088, 0.684004413439361, 0.682266090757061, 0.686865835396089, 
0.682455698889562, 0.684772808223923, 0.690389021806506, 0.676669715780167, 
0.684892628771952, 0.686598967656301, 0.681796658391873, 0.684948784820818, 
0.688685742441655, 0.681889607510207, 0.68780414464363, 0.678461646969692, 
0.678446089046999, 0.686199835563348, 0.69286634267211, 0.683822597064878, 
0.688250263614841, 0.671881412311394, 0.681339035560284, 0.682951134838898, 
0.682713975326418, 0.687587467291554, 0.689225317215011, 0.682535618183499, 
0.683265489354099, 0.681509665871789, 0.682256490172716, 0.681523026416076, 
0.677446289419017, 0.678084266843015, 0.679860598679614, 0.681733660245648, 
0.68188190705259, 0.685058401893463, 0.683007028975492, 0.68348043263259, 
0.684708206200349, 0.674693261117286, 0.683561325506762, 0.680457767073928, 
0.677854873369273, 0.684417424053577, 0.684050022327566, 0.685729176899846, 
0.689111467736453, 0.682065411201113, 0.685752453242938, 0.685168601226468, 
0.686665777174168, 0.687047809936419, 0.686003835175551, 0.68292812056588, 
0.68565231026834, 0.685146745604044, 0.682865139224582, 0.681068893062106, 
0.684814232575205, 0.687360720784389, 0.688032868198928, 0.687017824204346, 
0.676931303148617, 0.67925514452832, 0.684578833761522, 0.679659733088935, 
0.679713053108951, 0.682522401391487, 0.676317144848668, 0.678008848034967, 
0.685132804460867, 0.683103060210608, 0.686323234936314, 0.679467811854761, 
0.685863777104213, 0.685401600223608, 0.686359713101948, 0.689075042759876, 
0.672335457964369, 0.683933293400866, 0.678999156967789, 0.686183924183445, 
0.686983700507531, 0.687262926863136, 0.687316027691634, 0.682900827782454, 
0.683260851150983, 0.680604448206566, 0.688594687389343, 0.678614924607711, 
0.680580214695581, 0.690821664066428, 0.684769511238818, 0.679176491180716, 
0.681319952881919, 0.686531454164277, 0.688308630445727, 0.678837561979716, 
0.683618218432366, 0.678375392797994, 0.68866041143258, 0.682401252086924, 
0.679422343242408, 0.679580648624674, 0.683281405287665, 0.677157500979968, 
0.687969801033923, 0.685012864630708, 0.679905237385177, 0.676673115660248, 
0.681950009810468, 0.684795616110591, 0.686972191895289, 0.679848378763034, 
0.677700504539442, 0.680469698681478, 0.689923150352622, 0.678035410374449, 
0.684978617659094, 0.684322980705653, 0.686188035692118, 0.686273458373435, 
0.686837627989238, 0.683516975089136, 0.684113322600095, 0.686139447820789, 
0.682816123985953, 0.689267265752201, 0.686454607729274, 0.685138055017703, 
0.687663633538402, 0.686853598188606, 0.68737457870031, 0.685978945428331, 
0.684359313809955, 0.684677298001878, 0.687970247870539, 0.675231489167027, 
0.683558001243717, 0.688066643764559, 0.680125706980764, 0.685857372074331, 
0.682545487442096, 0.68718499316307, 0.677029511818015, 0.673389210444505, 
0.682562053996782, 0.682441245949583, 0.681716104247284, 0.686407876238374, 
0.68446326486335, 0.685135981908612, 0.687715167590968, 0.687485496678062, 
0.6868609076321, 0.690604327932247, 0.684555818150104, 0.686869787702948, 
0.683934167440042, 0.689439334651026, 0.683733877145616, 0.673792300164315, 
0.680495428034817, 0.687823128593659, 0.681657066226404, 0.68139603213184, 
0.677989089401244, 0.68520634649813, 0.685449808838846, 0.682387018416371, 
0.687936171233422, 0.68672621575196, 0.685084760309999, 0.672509200038415, 
0.682322606259137, 0.684003506301755, 0.680560923003414, 0.676066789592125, 
0.67869194148608, 0.687665598986034, 0.680481932707809, 0.678901770059386, 
0.681996261949881, 0.688852065000324, 0.679427021769908, 0.677254817603005, 
0.678384576940473, 0.6864932865498, 0.685766252336836, 0.680542575608107, 
0.676941049077122, 0.685376583131648, 0.683114587540985, 0.683879855879809, 
0.684347529573272, 0.679073586904694, 0.681571220389756, 0.687759849424701, 
0.681240654950897, 0.687129608672716, 0.676748414028817, 0.681778994009163, 
0.685594606142135, 0.681762791309144, 0.681465056019603, 0.688517649131943, 
0.680499234959234, 0.692793479386415, 0.676882449637696, 0.685387479697089, 
0.676763314417632, 0.672066047550244, 0.688915806462262, 0.680464005413752, 
0.688216349517661, 0.685183637349144, 0.675776570014101, 0.684468760158919, 
0.682965429654718, 0.687632372034795, 0.684065611238138, 0.676903309822297, 
0.680255011615955, 0.68411552621059, 0.686372101030004, 0.683118717413707, 
0.688596060002347, 0.680254799402392, 0.680345661944986, 0.685420328263012, 
0.681771887295082, 0.68067945197925, 0.680923221702819, 0.682354396314767, 
0.690001626884684, 0.683592890350007, 0.686088503928415, 0.681011605400467, 
0.681926987009527, 0.682539173806181, 0.684037727595897, 0.677282913088505, 
0.688027028908268, 0.685177387062758, 0.678568690485916, 0.686345181502311, 
0.682674544911905, 0.682865206885783, 0.684553328066113, 0.689814625833714, 
0.681989432578895, 0.68477070668818, 0.673306809582525, 0.674018241225702, 
0.677666829527285, 0.673061618645353, 0.691577994872058, 0.68433286610035, 
0.693395511902262, 0.685341382152716, 0.689824491450022, 0.685078362566364, 
0.691659115728574, 0.681457476379612, 0.685546451555825, 0.688668997084425, 
0.689284190511736, 0.675792791614279, 0.67935376265743, 0.682519593189832, 
0.686556034761286, 0.688843949550198, 0.684084800299741, 0.68928300232218, 
0.688113201626789, 0.687428720495166, 0.678388540922054, 0.681443539225112, 
0.678635212463272, 0.680077030881846, 0.677166487192618, 0.682397231879207, 
0.684340694305773, 0.685303309919275, 0.687560774919418, 0.688321368453241, 
0.69042821407573, 0.679351878304256, 0.682548807002568, 0.6802011235757, 
0.681149151232059, 0.686789961168438, 0.687697600063869, 0.688294098372085, 
0.689204689804526, 0.681550984204556, 0.681758565575253, 0.676836739307423, 
0.680784384596012, 0.679939795672437, 0.676351302220474, 0.691432247200098, 
0.675684467728429, 0.683830487323176, 0.684997964774684, 0.685594020581888, 
0.684570955391441, 0.684522701239374, 0.681496906660673, 0.684615679447765, 
0.681512979782575, 0.677763577477881, 0.67924925534944, 0.676885626035271, 
0.680237754694885, 0.68415744381926, 0.689081300101657, 0.684053629979631, 
0.674060043996422, 0.680745092230043, 0.684236243877922, 0.681393300384467, 
0.680259845906636, 0.684094804299398, 0.670199999156089, 0.677707328457459, 
0.687533627700312, 0.683402984687462, 0.691008305133677, 0.684579406353098, 
0.68581849878837, 0.682065958437217, 0.685746324440634, 0.681453261857774, 
0.686705019077388, 0.68388160452312, 0.687656823780809, 0.684634841621578, 
0.684349074468411, 0.676513714499455, 0.688413413315389, 0.688971211422055, 
0.693188319742966, 0.672981901327423, 0.677854255064858, 0.678109744551726, 
0.681255043044873, 0.68895079416168, 0.686702870710806, 0.683877109820092, 
0.680048968988135, 0.682570826905461, 0.68532379081312, 0.685315150734575, 
0.674169313010693, 0.682813131469135, 0.691179482048976, 0.676474758971193, 
0.675582971244056, 0.69175270224635, 0.678968593042246, 0.690573756674992, 
0.682609654137949, 0.690115762301821, 0.687329853485061, 0.68814935153562, 
0.686115766606819, 0.685971427943281, 0.685359518442679, 0.68297678036769, 
0.68587173228956, 0.690066794611387, 0.683578971220164, 0.688175865433178, 
0.680385123617494, 0.682934666665043, 0.687145767376316, 0.682158873580615, 
0.691588954210204, 0.682502797979798, 0.685046823871989, 0.689650936475575, 
0.688793970728906, 0.6865555264816, 0.681028368233506, 0.687276818557454, 
0.688188527542364, 0.693379328038774, 0.684165828942426, 0.68049572284545, 
0.687104275955893, 0.679251941020272, 0.68265488005768, 0.693632490558656, 
0.687527309913779, 0.676348861884988, 0.688182972401655, 0.685133525500838, 
0.679046672510249, 0.684923558463494, 0.684257843718312, 0.680031650347956, 
0.681754807180912, 0.68883980363494, 0.6885913942753, 0.679660722020159, 
0.689191413701062, 0.682589005171001, 0.683061604038366, 0.676236299687559, 
0.688062543301162, 0.679363427887126, 0.684577872348651, 0.685716234108673, 
0.684134132776209, 0.673709038551192, 0.678335652658342, 0.683004548198506, 
0.686802747431626, 0.683984352213906, 0.687291264696904, 0.67705652868633, 
0.680541047411534, 0.689869333826826, 0.6836122172782, 0.680141827777936, 
0.685855553898955, 0.677995167033464, 0.685323647032583, 0.681989525316459, 
0.68014272815795, 0.681767983251132, 0.685691438758828, 0.685900012352846, 
0.675909525286172, 0.677633829322594, 0.686104011798526, 0.689093880416995, 
0.686315295735802, 0.680856714488061, 0.687460751424183, 0.686439035329018, 
0.689551239520185, 0.68941672181602, 0.680610203706355, 0.682802000324334, 
0.681458898621142, 0.687184973369792, 0.686005143291714, 0.684706295493906, 
0.681253449895964, 0.682571722881858, 0.681656839085862, 0.686873090651948, 
0.681192645823346, 0.68676127764147, 0.684539411698599, 0.685833990976626, 
0.680692728907239, 0.685223270738345, 0.684977952108446, 0.679026513185604, 
0.680694516337117, 0.681697243788829, 0.684640159504958, 0.685764815648045, 
0.691730314246029, 0.6887362641316, 0.687362051375721, 0.679476207041722, 
0.679985053384585, 0.680709736653425, 0.687446240289604, 0.682404706929782, 
0.684163937674431, 0.683600340846341, 0.682100597205802, 0.681765077494554, 
0.679041639597901, 0.684370711985448, 0.683082420285028, 0.685564494295976, 
0.686593562591708, 0.681543143794661, 0.681349701064944, 0.6724362029518, 
0.684199930175804, 0.67998555857317, 0.688243678875939, 0.68145231870674, 
0.682447927952237, 0.677274955753795, 0.681726088438988, 0.680934234105004, 
0.679006832647826, 0.681973854001964, 0.683856847255224, 0.689096590798095, 
0.6772337393794, 0.681721024893113, 0.683598510848354, 0.679561764359804, 
0.680401605471878, 0.680895662298803, 0.685543612886822, 0.685012238977766, 
0.686167882105449, 0.686818896523084, 0.683792121414991, 0.687649233899144, 
0.682727046839551, 0.69081202747148, 0.683792697115876, 0.679193417906497, 
0.68844393158307, 0.684184006456221, 0.683194897690391, 0.684132137241283, 
0.684623944874791, 0.689002551584623, 0.676137780689461, 0.685400625010368, 
0.68689595310594, 0.684965121313298, 0.684623195151058, 0.682372856078198, 
0.688977437558726, 0.683543418753855, 0.687096182007023, 0.681834963768615, 
0.685279040386038, 0.679167567798379, 0.687922622991897, 0.682235085059518, 
0.681640506956934, 0.689278012653074, 0.688075715405568, 0.689616158907583, 
0.68499017609424, 0.68738355571414, 0.68329070460354, 0.682689140760121, 
0.690075486323279, 0.682713177523328, 0.687072916270898, 0.689173403144623, 
0.683842260215442, 0.686457836402074, 0.681458344619815, 0.686440950291585, 
0.680198822047966, 0.688026813004424, 0.68205378786236, 0.687043327428641, 
0.681470711492963, 0.679062927650357, 0.680301697601558, 0.680360158463463, 
0.689907031782202, 0.679929292014105, 0.689184576326496, 0.682969901437524, 
0.682687626812196, 0.684882393043835, 0.68583110109809, 0.684199650535644, 
0.676555702969695, 0.679067380000836, 0.683238398599182, 0.679981557713137, 
0.683639013980068, 0.682205275741719, 0.690117002330286, 0.678688816597943, 
0.683115181099896, 0.678135905820731, 0.686501704439084, 0.68388406539132, 
0.675203586335226, 0.68630499767493, 0.676545812167843, 0.675523328387562, 
0.685569440560008, 0.677414754255244, 0.682177891592534, 0.682557338822931, 
0.688080115419939, 0.682183484032897, 0.684440640287095, 0.668129787831567, 
0.684862482292641, 0.677684366222925, 0.680817124295853, 0.683170888606128, 
0.679867481777076, 0.68029859812347, 0.687036719045238, 0.688269824453168, 
0.685905686898088, 0.685347836866995, 0.685603008657019, 0.693225408449857, 
0.686340445226589, 0.6863839482627, 0.690095209044056, 0.676642792488831, 
0.686449895310161, 0.680748896456459, 0.685576135041523, 0.685134709738504, 
0.687743446886107, 0.685726349089281, 0.688226396461251, 0.683912763694605, 
0.678089214565781, 0.680791250404332, 0.683907106289711, 0.691038839643699, 
0.681734194881704, 0.67925942060517, 0.68122416637875, 0.685940366298124, 
0.681818011741668, 0.686727427239281, 0.676139880295357, 0.683755666169235, 
0.676305106467832, 0.678983039809404, 0.676160744597462, 0.685731871859648, 
0.685536414469402, 0.688160323650821, 0.686062855165162, 0.683003022534002, 
0.694027818818972, 0.683227858433795, 0.677333042116044, 0.681560966201528, 
0.680394978190058, 0.677665453443181, 0.679348702897293, 0.685804355145008, 
0.679915318525819, 0.678549115089329, 0.68289186898691, 0.681454502512792, 
0.680456033416308, 0.687963832134839, 0.68482827865161, 0.677993552731191, 
0.681194099918097, 0.687031935192097, 0.687944629284965, 0.682690977705579, 
0.682606883843684, 0.679275860237002, 0.690744752104306, 0.684349968617889, 
0.681804652863579, 0.68149369162168, 0.683920937776454, 0.689556990745231, 
0.682314796997645, 0.674901909589942, 0.677753073704646, 0.6822360579809, 
0.687426890313605, 0.675483058905723, 0.687932312902093, 0.684249877341781, 
0.680738425409696, 0.684125389733083, 0.686539393508621, 0.684172597493414, 
0.679226383722256, 0.680367718746284, 0.682484618977392, 0.682919326719348, 
0.693139410002948, 0.687258426200075, 0.679620300940182, 0.6887689244903, 
0.687673589486346, 0.68108689027553, 0.677955902504935, 0.677940153681036, 
0.677762388282215, 0.679245280263842, 0.677983930169413, 0.682725843401696, 
0.691901573149046, 0.685867655075886, 0.682267289962601, 0.686510246468505, 
0.682692974439204, 0.683881316590981, 0.688944380609143, 0.673712188914213, 
0.683051835798884, 0.681978218906113, 0.681765589753756, 0.678074789755998, 
0.689719604389078, 0.685503814911176, 0.686017167379876, 0.678970078968333, 
0.679290464369747, 0.684222436227039, 0.681905052340616, 0.679181204153957, 
0.681581957522474, 0.681443621132731, 0.687382394664297, 0.680441169252503, 
0.680169964506414, 0.687096444878104, 0.687812778985279, 0.682330219604085, 
0.686465069491039, 0.684084227855261, 0.672005323989323, 0.677970471926575, 
0.686190671403873, 0.683025514548355, 0.681297769173895, 0.685514731645974, 
0.684230717418109, 0.676226575126033, 0.688011522923194, 0.685578934870425, 
0.686145484820648, 0.688788001582287, 0.679652594580543, 0.685798844005079, 
0.686091385014637, 0.674072916769113, 0.683827822600452, 0.681343824661259, 
0.681080404072792, 0.680788131604832, 0.676885767173145, 0.68418265168465, 
0.683821557086238, 0.678309038852017, 0.688409484044514, 0.688943882291513, 
0.678479383509984, 0.689023490715801, 0.681324170716501, 0.676028605246758, 
0.678839070901152, 0.681822898147127, 0.685401617561837, 0.683312143973924, 
0.684102652751251, 0.676294367556479, 0.686013467787472, 0.680492107733555, 
0.683391155401532, 0.686496063534939, 0.68126684470362, 0.677768067069126, 
0.68900521730829, 0.675202335924345, 0.681236626564694, 0.68809248148539, 
0.68111329235263, 0.676752163725031, 0.690826215636833, 0.686584175065595, 
0.693373255233141, 0.689294287658352, 0.68057381901975, 0.686525198196001, 
0.684720867155213, 0.689780907642156, 0.68375667845646, 0.686512860483484, 
0.692195548042248, 0.686989974949503, 0.68701028892111, 0.682123794367224, 
0.678725340547157, 0.681971853558653, 0.679044735388634, 0.67749860645246, 
0.689064102180591, 0.684686789715356, 0.686593738468944, 0.688943768993096, 
0.685626203877271, 0.686273055320579, 0.683036319122988, 0.679213715589211, 
0.686360553750576, 0.689201595737739, 0.686010289757332, 0.684251465993377, 
0.676573878769087, 0.686423661601626, 0.68306504047821, 0.685001961356314, 
0.684220443578539, 0.678887373798956, 0.675466960781728, 0.686121742710111, 
0.689801324678283, 0.684171383924889, 0.69043359722628, 0.683434814911342, 
0.68376376082387, 0.685797056562553, 0.686848432016385, 0.682613043141019, 
0.682438654462679, 0.6883561206991, 0.687457042249943, 0.680165436709712, 
0.683073060605776, 0.688785174910437, 0.690516752659526, 0.682262344876816, 
0.689093004892509, 0.680313170891388, 0.682865995814609, 0.674472499495882, 
0.688083929421872, 0.681243760246887, 0.684572682267857, 0.680677650909829, 
0.68133722482465, 0.685784238066173, 0.688928719091147, 0.678322013022087, 
0.689315203631834, 0.684754267881019, 0.681850757049805, 0.683091271044065, 
0.690086951932683, 0.674725810766054, 0.684899886785484, 0.686695297751082, 
0.686087982745272, 0.677960622826558, 0.679696453355543, 0.686049975083039, 
0.682748069889648, 0.681683855036466, 0.676824186082797, 0.677248586124062, 
0.688096721291584, 0.680594826828865, 0.687554801698092, 0.682717899942589, 
0.690116392838879, 0.680202925229207, 0.682297840281273, 0.677241685718102, 
0.688737976109438, 0.686079997894035, 0.690717431905625, 0.678576217779225, 
0.680285013102301, 0.687751099303815, 0.687825328668018, 0.681797613669354, 
0.683785810997045, 0.687556518395522, 0.680999588681026, 0.676601039545, 
0.683517741502627, 0.68270455164033, 0.68427306914408, 0.686060286416512, 
0.684153563870485, 0.688159528435793, 0.675560812072018, 0.682954210786888, 
0.685235708520001, 0.678806852115145, 0.685920025370312, 0.686557156208969, 
0.677731213607919, 0.68216750910161, 0.680261816265459, 0.680858288200858, 
0.684829432868893, 0.681729776274295, 0.68368147751122, 0.688003051276142, 
0.686294074885363, 0.689522560612733, 0.684069759568263, 0.684507042002304, 
0.6812114060466, 0.691744650317472, 0.687401803010816, 0.686222180962206, 
0.688345126773188, 0.683384537256929, 0.684915449703098, 0.681370213792019, 
0.685243830220609, 0.680469936943837, 0.680496091456195, 0.690763431514871, 
0.679562194954088, 0.677709538386356, 0.687784160674838, 0.682635651182366, 
0.675766086449582, 0.685197077234148, 0.682230959720521, 0.683586776224643, 
0.682559911317469, 0.685012923144419, 0.68802787058131, 0.686500701938923, 
0.681036684241638, 0.685631631112936, 0.688504766199279, 0.681677291254676, 
0.678988207690394, 0.682221710246794, 0.689549514064619, 0.682865776386383, 
0.685904063375831, 0.688489830639112, 0.69094153528072, 0.685327908869864, 
0.680091605026219, 0.685011332976553, 0.689626397887648, 0.684599756705707, 
0.686769166646221, 0.68449871924055, 0.678980836524426, 0.686665884575608, 
0.684318887461192, 0.681940202878171, 0.680874732959077, 0.685976932900611, 
0.689050734399642, 0.676011705121726, 0.686825051228358, 0.677008708049437, 
0.684458040098691, 0.678462686264129, 0.686849726134916, 0.685805559805863, 
0.680293190000981, 0.678933004581047, 0.685374598976366, 0.685611989676804, 
0.681489243457384, 0.680251504112642, 0.686285085003016, 0.690224090133502, 
0.678667821414647, 0.682537390494318, 0.679946517522563, 0.674951023615489, 
0.684936554933057, 0.674042026115622, 0.67922271137247, 0.684802551173586, 
0.679215399728685, 0.685711287267927, 0.688363167225796, 0.680867267626354, 
0.68719326803134, 0.687984855524971, 0.685337712600044, 0.686861057016856, 
0.680755293075375, 0.680682634744016, 0.686242697800688, 0.679462983014316, 
0.682794317196948, 0.687274350603571, 0.689325833803684, 0.677948287328162, 
0.684983977124028, 0.68669906943356, 0.68635870813633, 0.678295868956519, 
0.681798000822183, 0.683038284547795, 0.6818224122974, 0.688050167000519, 
0.684048683162678, 0.68040687620159, 0.684265031729386, 0.681257283387101, 
0.678282859046922, 0.678608705801031, 0.685297995426043, 0.677488075559049, 
0.676574276801745, 0.681782316578658, 0.690205940649837, 0.684884130021758, 
0.687014473036977, 0.67399294574857, 0.679851417168842, 0.688538942386042, 
0.679856659007341, 0.691706651903779, 0.691526321707327, 0.685240663118532, 
0.686271867492944, 0.687831999713982, 0.685243370925214, 0.67900143536236, 
0.685469017493597, 0.688035379905833, 0.684249550948693, 0.686211832653584, 
0.688655295578834, 0.683631452336273, 0.685421322359177, 0.683838025692362, 
0.68640185874756, 0.689049152906739, 0.679982660814502, 0.689259192972351, 
0.681193285723035, 0.686625961536192, 0.68288133079279, 0.689237565735729, 
0.683045388737918, 0.685213872967001, 0.673374640851241, 0.690443441641667, 
0.679443970124911, 0.683566153895157, 0.685236371341098, 0.680751403997673, 
0.67503006244709, 0.683211184789968, 0.677860613166078, 0.67183605603161, 
0.686040023645293, 0.679527427139328, 0.678969246531021, 0.680650532980557, 
0.683338244369629, 0.677186362465456, 0.677101630831161, 0.686337247439512, 
0.682710827119914, 0.681818918159509, 0.682894295140795, 0.685237776076156, 
0.683615015891186, 0.685494781388506, 0.684876325759411, 0.689253445704556, 
0.684585440075463, 0.685517269995717, 0.684534255584601, 0.683395802942305, 
0.686904083351615, 0.683645493806391, 0.685160167801279, 0.686401017139194, 
0.692153747309243, 0.681038898955068, 0.677505879538163, 0.677837477578404, 
0.678378272922783, 0.675272840709627, 0.689839620038719, 0.683222504317563, 
0.683200009605318, 0.687164720676465, 0.681975288119683, 0.688275722950205, 
0.681599149933557, 0.680134870567943, 0.688060875102169, 0.683196483397321, 
0.682714252363504, 0.681460116000284, 0.683882685024377, 0.683809521845654, 
0.685778933375908, 0.685155110575171, 0.685484469417309, 0.684632720101988, 
0.680704619889164, 0.681917606368046, 0.681585225391844, 0.676909661992705, 
0.684977937473866, 0.686172993403644, 0.671496596589912, 0.69044677643297, 
0.678387673688219, 0.682917129625064, 0.680412898770184, 0.681661762669915, 
0.680471759726088, 0.675950489570789, 0.687589050256631, 0.680033300609444, 
0.693236012021636, 0.687825723589504, 0.688500109484949, 0.679150328587645, 
0.68388354869557, 0.679132284527659, 0.677885484797748, 0.679593918497676, 
0.676491189496002, 0.680136328562098, 0.678030653463304, 0.684231425221238, 
0.683915959627206, 0.674089586442137, 0.691799016660102, 0.683131070263142, 
0.688525075575917, 0.693725406506729, 0.681554743924009, 0.677870922080929, 
0.68144525840816, 0.681414954723633, 0.68088171476375, 0.687034344119245, 
0.684143423498802, 0.685171790551782, 0.672277443790492, 0.687351344590217, 
0.686866862898554, 0.676708174485809, 0.688734029371369, 0.687069184418302, 
0.687447995138615, 0.685576285124575, 0.68783535947746, 0.682817554157914, 
0.678532422585036, 0.677692084101265, 0.688594051655373, 0.683915502996674, 
0.683464447511983, 0.683590579334669, 0.687717700066692, 0.678935849878066, 
0.679420520514809, 0.68113185895481, 0.682381445450611, 0.682916068332764, 
0.68701503233082, 0.68550038354459, 0.681858950713491, 0.683561593026214, 
0.684535844615509, 0.68302837776148, 0.677783130071557, 0.678316747486301, 
0.678715767571064, 0.687725012495924, 0.686056594697287, 0.68797170115001, 
0.685941180510638, 0.689596741694954, 0.685169787348328, 0.684873212207508, 
0.687460792017989, 0.684262107507444, 0.680629853169891, 0.690115458580856, 
0.68401428634217, 0.687910438928157, 0.685204315509017, 0.688140688167229, 
0.687343554856919, 0.688152456631529, 0.689248080091868, 0.683040835654059, 
0.689601947810943, 0.690060216006002, 0.683665734645156, 0.683914683798981, 
0.67173143116094, 0.677863904172463, 0.687820469080457, 0.687029806582195, 
0.683451240786362, 0.68597178446851, 0.687294250601067, 0.6829201273108, 
0.686915933890874, 0.691762566040895, 0.68601174505254, 0.686956625843868, 
0.683243710938444, 0.683068164848654, 0.683668873693729, 0.680965491172088, 
0.683006154942851, 0.683298508823041, 0.682217971246074, 0.683573333121885, 
0.676340968575217, 0.686355912177656, 0.683502382907819, 0.680713963037885, 
0.690170000646564, 0.67819884150396, 0.685432284708869, 0.684368294101309, 
0.685794114848208, 0.678662538691063, 0.69011924500769, 0.68626349195644, 
0.684222478398988, 0.683904433423688, 0.683718024741877, 0.680664918869063, 
0.686791432795431, 0.682207765880867, 0.683066461680184, 0.684886931467516, 
0.678325188836968, 0.691511225548022, 0.684897526118303, 0.685250389166803, 
0.689692196682909, 0.67771727655049, 0.68565632536862, 0.675389858364226, 
0.68692754047755, 0.679972111327406, 0.684754054558424, 0.690807044679697, 
0.676038019934945, 0.688298026214301, 0.68147582887629, 0.683662206462686, 
0.690731083717527, 0.676356216595356, 0.682604118368062, 0.684134323259185, 
0.683662713952784, 0.672816487177791, 0.683987050564601, 0.685396300354453, 
0.686474289040116, 0.686042214158373, 0.683593166451273, 0.686952098958256, 
0.687039606091687, 0.681238670796262, 0.687723867465907, 0.684467078533659, 
0.68894190714497, 0.681202534034606, 0.684088319492409, 0.683263215574989, 
0.675249820843941, 0.688406231932219, 0.680799052716336, 0.683164685005107, 
0.676911438678279, 0.684369235500831, 0.689934622091547, 0.68300168932412, 
0.679911959782985, 0.684234856353697, 0.67817494245909, 0.690176835851284, 
0.686876395303234, 0.683482760636846, 0.681972114842042, 0.680720826361545, 
0.686915398405519, 0.685935554768484, 0.684472011888426, 0.678850933450196, 
0.680449519548602, 0.67775972379049, 0.685896243616349, 0.679310445015888, 
0.691281097031022, 0.688038381186368, 0.679350274268417, 0.685150366049713, 
0.681930986168803, 0.679561251357797, 0.683614995545674, 0.68348933976672, 
0.677024509533464, 0.689996153730953, 0.679600595996853, 0.684095720209845, 
0.683841527022897, 0.681893807777834, 0.687014677855128, 0.687478554431888, 
0.679213592466078, 0.682469889934268, 0.685832105579695, 0.680136752274476, 
0.683327939757943, 0.680562016339355, 0.678035945641007, 0.68054671566729, 
0.682190796957442, 0.670027266488139, 0.675934407454574, 0.685811996183447, 
0.683910888950415, 0.687851818792686, 0.682738906093134, 0.68447872769136, 
0.677594998741834, 0.683806776427435, 0.682462465246784, 0.685602586110775, 
0.680368382796137, 0.678445290153877, 0.684377923001754, 0.688799453584228, 
0.682302565606548, 0.681867704898256, 0.690133958308785, 0.681404080792646, 
0.684506171671008, 0.681061857780683, 0.679733642489733, 0.68332652643642, 
0.686552237411811, 0.683335843519855, 0.677423698985706, 0.682813379772911, 
0.683619545445506, 0.673030056328012, 0.681409438747682, 0.679459477280527, 
0.684873583376082, 0.681773363612206, 0.6720133234975, 0.688174499018047, 
0.682017547927929, 0.684289370018254, 0.679992138038513, 0.674368073827993, 
0.689708721176019, 0.684830828309795, 0.68498212509904, 0.681915860574046, 
0.684273730758144, 0.680494218555516, 0.679896064659105, 0.686285639267864, 
0.689234733167745, 0.683418717146851, 0.679669184058529, 0.685998228387979, 
0.684730002355307, 0.690864927121978, 0.680346456120989, 0.685505653344754, 
0.681487993453994, 0.68764696670801, 0.683616664023835, 0.684658830597254, 
0.684348540802648, 0.690984126210633, 0.683225955806512, 0.678619182253134, 
0.686686800860687, 0.686042263321233, 0.684700707734113, 0.678772888849777, 
0.678775195554068, 0.684654587097892, 0.684795163556701, 0.680165308391505, 
0.676363094235941, 0.678829218265658, 0.678732283039864, 0.691004902701643, 
0.682477433628254, 0.684729840177332, 0.684195090152469, 0.686529172088035, 
0.685559636954178, 0.681343003789118, 0.685826955708366, 0.684697215562731, 
0.679759932225154, 0.682153077801938, 0.692406484563194, 0.686576752746323, 
0.69014670651223, 0.682594752251163, 0.681688685859467, 0.680943364904554, 
0.682004271485352, 0.688360653725803, 0.686445081479899, 0.679786154596928, 
0.690044063429714, 0.676478471151808, 0.685389241014036, 0.675600459290018, 
0.68036782079947, 0.68330001747045, 0.682635514375475, 0.687026045489921, 
0.684977898925901, 0.680496741256474, 0.689352496839667, 0.684406614606885, 
0.685781568068272, 0.684249995147208, 0.684397569897814, 0.678832315541356, 
0.688671836058845, 0.687852601411164, 0.684678042201336, 0.685789348311621, 
0.687385607595141, 0.683701680934412, 0.688067007975772, 0.683030874638346, 
0.68433681317376, 0.687714225223895, 0.685243661254572, 0.685156988197658, 
0.678592913343108, 0.683401690851419, 0.6844171288527, 0.691906519644508, 
0.690292578179258, 0.682431395498376, 0.680989809787659, 0.688969397052926, 
0.686435944136508, 0.686469437415209, 0.675436048065059, 0.687403940981298, 
0.681673754164556, 0.686120849317204, 0.687270822147719, 0.681310177732106, 
0.678672271466365, 0.683075683311794, 0.675012987908227, 0.684680299909253, 
0.682096673526989, 0.690234560425331, 0.685487723551553, 0.682411673555364, 
0.683057502486586, 0.683280687234573, 0.68178399393678, 0.686981812527518, 
0.688959161153408, 0.678577183776467, 0.682637183169645, 0.679491150561355, 
0.687030137244043, 0.682432800448999, 0.684340476937431, 0.681597932975223, 
0.686473095067645, 0.685649218308652, 0.689610781389029, 0.678529042805205, 
0.673722468262017, 0.69230053781554, 0.691073478560988, 0.690923757090974, 
0.689837679206467, 0.685896018287574, 0.680494716615546, 0.685780598168881, 
0.681900690017537, 0.678237827880108, 0.687323547597288, 0.685383175275985, 
0.684508810580936, 0.683473304624268, 0.678984251897408, 0.692641124114816, 
0.686156690593562, 0.680689929561622, 0.688385124750581, 0.679064575579174, 
0.68146132700673, 0.680677760517446, 0.689074357335524, 0.67449940209387, 
0.685821231257636, 0.680463039258799, 0.683095988878754, 0.684943582323779, 
0.67786541675757, 0.677034239586783, 0.683817730308751, 0.684837885647231, 
0.683538003618075, 0.679487299747672, 0.681962415402644, 0.679398835417032, 
0.6842780012313, 0.687823238149129, 0.686445089189119, 0.678915086394621, 
0.687704752939459, 0.680934552087627, 0.688837184947592, 0.68558628202708, 
0.680114677609331, 0.681693772192112, 0.679375383841005, 0.683811269778727, 
0.686607630185713, 0.686740970224955, 0.686254967923247, 0.682880214655825, 
0.6838445497066, 0.68602863507879, 0.683573907561209, 0.685606460141717, 
0.680225798965908, 0.679083692867331, 0.686251104788837, 0.684132883905503, 
0.68750399439569, 0.680346711222159, 0.687229009400475, 0.682048330145064, 
0.676362840251878, 0.684182524097743, 0.684923169495064, 0.68418747933811, 
0.681425733280421, 0.679532785459155, 0.680827575706864, 0.675934486267233, 
0.686592796258431, 0.682854228009871, 0.687171403866883, 0.681667147510897, 
0.681331268934051, 0.686732324525415, 0.681982162527882, 0.684168387876437, 
0.686864250529991, 0.680950804844486, 0.683814419533631, 0.680936261200844, 
0.687553796009494, 0.682920630976297, 0.672976969679768, 0.68519540569402, 
0.684259917649613, 0.682695686312717, 0.685422974766142, 0.682659620941714, 
0.684389539787793, 0.674221398300221, 0.686307744615481, 0.678549061666096, 
0.683437841678057, 0.685574564144584, 0.685853987906733, 0.677980840909251, 
0.685167859767921, 0.683236627493909, 0.681641537850895, 0.677709570071042, 
0.681698251315845, 0.685589617441726, 0.682059155612472, 0.693173466286966, 
0.684935900150405, 0.673115997807958, 0.685437582827138, 0.676525912376661, 
0.685130728315748, 0.685757749152342, 0.681780444042753, 0.688778164015597, 
0.680436595501931, 0.685057639423045, 0.679189326157306, 0.688156216696458, 
0.683166390906786, 0.684510541957481, 0.676539174707626, 0.680072334282697, 
0.679480164642086, 0.687297398114618, 0.680924308551371, 0.690514816976035, 
0.682856628151585, 0.684055535040414, 0.685280848468454, 0.683473261971843, 
0.678968447479443, 0.683131009495376, 0.682811328605903, 0.677558220392576, 
0.67335874528014, 0.681490006607334, 0.681381540062216, 0.677660542890096, 
0.686220284349933, 0.681270245977436, 0.683163699798748, 0.691177556228552, 
0.684281496990939, 0.681644240245625, 0.686516410719429, 0.680621418117743, 
0.690138816623104, 0.679252247445318, 0.686839173811691, 0.682464532249501, 
0.686879165367345, 0.684699836403527, 0.682262621918833, 0.688748882092259, 
0.679068990585035, 0.68596664063532, 0.689888851994276, 0.685319291202599, 
0.687259726747995, 0.68266511105451, 0.685111562768222, 0.687065436674987, 
0.680985564619632, 0.68914460207135, 0.683330876164996, 0.684075219008582, 
0.682513968454528, 0.677257823553238, 0.683192510233457, 0.691662000707033, 
0.686267786543306, 0.676091834483748, 0.68483545977698, 0.688113146371512, 
0.682805500764905, 0.679920459039054, 0.681403015178863, 0.686766284196385, 
0.684550022318222, 0.682152060012169, 0.68411286423849, 0.684157147891226, 
0.682887600600673, 0.679699479775844, 0.685760881952563, 0.685924472440385, 
0.683871382881723, 0.685613856904335, 0.684887750453664, 0.681841887936204, 
0.689503878957424, 0.679380390292175, 0.68706242112542, 0.679771422808333, 
0.681669897100769, 0.689878995932183, 0.681272336193998, 0.68546442521557, 
0.684258036384386, 0.679410571016962, 0.683568774930843, 0.690523369257337, 
0.683729952737379, 0.6761990363206, 0.676094476740128, 0.688156788612924, 
0.68384414593422, 0.679672968326286, 0.69215940513698, 0.676780841920799, 
0.683682966714095, 0.680223617309769, 0.684698694388043, 0.682358712934693, 
0.676847624651793, 0.680505530249859, 0.686323068413069, 0.685316822864566, 
0.675710032438627, 0.688169079747157, 0.679065922340477, 0.678072327173035, 
0.683054869835309, 0.684083816775952, 0.685953490674808, 0.672246872881851, 
0.674812765081482, 0.685414960504976, 0.684068951746292, 0.682337611795138, 
0.683158756920139, 0.688911860821129, 0.680735124137494, 0.684362377236696, 
0.682862992766146, 0.690171188717175, 0.687391023067395, 0.687999797847937, 
0.685866129701143, 0.684732255880103, 0.688027972078106, 0.69160509458103, 
0.68011906064334, 0.676817503783722, 0.677908637799443, 0.689165061994143, 
0.685335103196567, 0.687832444004281, 0.685817924994696, 0.675929570145778, 
0.679708353344178, 0.69209396134925, 0.671565769629978, 0.681954552453787, 
0.684242251003398, 0.688919498296993, 0.678803393395969, 0.684827180062667, 
0.681394469191061, 0.676175385281156, 0.69268952481613, 0.682425621167198, 
0.673374743313213, 0.682409127790416, 0.685984644638149, 0.681567673042359, 
0.679353582915888, 0.686252012322419, 0.685390730152725, 0.688889972003712, 
0.687931445240536, 0.67776028757018, 0.678899260278123, 0.686907141539051, 
0.687646695700296, 0.68829300698859, 0.679874093067957, 0.682333730950184, 
0.682995532903002, 0.686143116356424, 0.688963760505244, 0.684306938910915, 
0.679601130254845, 0.68020304294587, 0.676401341710131, 0.679756406551022, 
0.684304562417999, 0.677426337067082, 0.690874550837616, 0.692998066019229, 
0.688674117979593, 0.682693941425582, 0.681053535067852, 0.680982538585452, 
0.684370009100828, 0.68039413071588, 0.677456855789957, 0.689260453918389, 
0.688407751576125, 0.684585675680374, 0.68745464833369, 0.689448673492839, 
0.68547246793819, 0.686965974982866, 0.6822555322342, 0.680479022761261, 
0.681127580582573, 0.690164340923605, 0.685229968086178, 0.683302216224053, 
0.683350779615205, 0.696428505184315, 0.685702609941479, 0.678327791623446, 
0.682558289716887, 0.686632075095153, 0.676705934168022, 0.681960524700488, 
0.688688528014203, 0.691706871957768, 0.685412346019138, 0.693118397142265, 
0.686768054484913, 0.68697580629119, 0.685588075956294, 0.688998228452248, 
0.686277796961555, 0.68666657198755, 0.674303429988863, 0.684874921541799, 
0.686183774500448, 0.682626560349555, 0.681131841814969, 0.685937493260502, 
0.682270244896421, 0.691606127972818, 0.688462512923795, 0.6812174071589, 
0.686759259939729, 0.691953001456336, 0.67878564227406, 0.684130703035098, 
0.685286001535616, 0.679706206448333, 0.68836503559259, 0.68622666333077, 
0.685172728641932, 0.685268367286314, 0.68696880519582, 0.681712638992502, 
0.681182296532806, 0.685381663815939, 0.679331617829782, 0.683880858882486, 
0.683546649326824, 0.688398224440583, 0.686625507671, 0.677427435800717, 
0.687925423768626, 0.687304288716346, 0.686946900245749, 0.681587529722238, 
0.681596027715973, 0.682167238875088, 0.682686004194529, 0.683711040826858, 
0.682541872691481, 0.683028825683587, 0.682115678411889, 0.685068022225005, 
0.672087350933725, 0.689060370909888, 0.683932638417065, 0.683849490558492, 
0.68401247819432, 0.679013099741012, 0.686404493237219, 0.688644856348875, 
0.689718902447298, 0.679021971236464, 0.686853460802967, 0.671802327418851, 
0.686759975698424, 0.684225452814493, 0.686924214154036, 0.685651505683817, 
0.681961735523142, 0.679574092242077, 0.678655021811828, 0.690208516863394, 
0.682736890073559, 0.680435770794886, 0.684591895418667, 0.684133652911097, 
0.685483290995808, 0.681165541110178, 0.68133532427878, 0.680117679149788, 
0.684654265249673, 0.689987912736506, 0.692274976047429, 0.685462239585087, 
0.682562449252501, 0.672048885366558, 0.682668120214113, 0.683800365987966, 
0.681521919765499, 0.679335093593831, 0.683779440598946, 0.685102077077886, 
0.685113391634264, 0.682248641088634, 0.687461621039514, 0.675770683063324, 
0.682073877209028, 0.684242069912032, 0.687036892927898, 0.682760926643596, 
0.684294832704675, 0.67805039094231, 0.680059708939612, 0.677688710105759, 
0.683365069832179, 0.682859816811247, 0.675648830491821, 0.688136703425184, 
0.682626153285607, 0.689437623090386, 0.684848708850942, 0.685720968815948, 
0.682884249574965, 0.680658461936115, 0.68545097105665, 0.681858422034121, 
0.679308427393311, 0.679746586243445, 0.681172844894185, 0.688884428973166, 
0.67974324954554, 0.687157402536985, 0.67868117940147, 0.685330125307587, 
0.684225935523506, 0.683148377472114, 0.680204832198457, 0.681248492578374, 
0.677588837262939, 0.688115134153133, 0.685711196412444, 0.682002737608353, 
0.685875783539049, 0.685649413124093, 0.68775734887393, 0.682439501804066, 
0.691529700702275, 0.685930549285799, 0.681233042930138, 0.685416211182571, 
0.683130903660674, 0.684736789924594, 0.690715516017271, 0.684187320977779, 
0.686674975351484, 0.686655071769906, 0.684630401070682, 0.685640971201349, 
0.688010806253712, 0.688964125593851, 0.682285558987025, 0.674759605084224, 
0.682392442648349, 0.677118742249247, 0.68533999721422, 0.684209223915866, 
0.671880980713685, 0.690161848312008, 0.685405273405916, 0.682762006439297, 
0.682508177882047, 0.684233072408187, 0.691438904884614, 0.686155897385558, 
0.680097043864186, 0.681275861996715, 0.685353906510694, 0.67789738431983, 
0.676762196907934, 0.686457954154366, 0.68974604041973, 0.674798291375578, 
0.685198744319375, 0.682767034882989, 0.686949688998804, 0.675782713195916, 
0.683788718328749, 0.67938309271891, 0.675634279881749, 0.68658062808381, 
0.681567184425633, 0.681315476055619, 0.686828220030307, 0.681612783173806, 
0.684755584610852, 0.691199553506801, 0.684335494585486, 0.687038872747861, 
0.690058634263425, 0.680601187362906, 0.675870109506543, 0.679543276617072, 
0.676986164343898, 0.678718525460116, 0.688692973982862, 0.6778702924965, 
0.676340936629455, 0.688441367943186, 0.677511115044369, 0.682139502262307, 
0.68244118206459, 0.688977891057282, 0.681790024602921, 0.681391716746979, 
0.679525306267699, 0.686456919317323, 0.691246810681613, 0.690262853633879, 
0.684605803282485, 0.684258712672655, 0.67699779734174, 0.687145635885699, 
0.686503018508546, 0.681309053143673, 0.675452229232705, 0.689648404606454, 
0.680089452524804, 0.683978643242993, 0.685970572448411, 0.681082850152602, 
0.681539193846156, 0.684561973114112, 0.689674019523429, 0.68642792135717, 
0.688293714019199, 0.678859614268087, 0.688295214086437, 0.68001861516867, 
0.682361828334058, 0.682535650667806, 0.673399818723288, 0.688575879442827, 
0.679666907010632, 0.674378417802315, 0.68367012476258, 0.687340111697892, 
0.688900939688946, 0.68355791114989, 0.673032228953764, 0.682694408355066, 
0.678113106213843, 0.681865010786618, 0.688000275904471, 0.690125270830926, 
0.681954950221337, 0.676756029782414, 0.685318761038003, 0.682514331781609, 
0.681848123526822, 0.68471134216331, 0.685884275373144, 0.682157195422786, 
0.681472399390201, 0.681023862534002, 0.684034986621884, 0.683043348010168, 
0.685686860881595, 0.679891746619725, 0.685965641530418, 0.684065499242345, 
0.686958510241164, 0.68949845877357, 0.685045855807207, 0.686517481200144, 
0.682594594266504, 0.689313141103266, 0.68750519491044, 0.684624897330419, 
0.682218416081574, 0.685659066549504, 0.68967753874623, 0.691520779061992, 
0.684414004182021, 0.684493957285835, 0.681221751923642, 0.682452011592792, 
0.687672380539355, 0.690355041816873, 0.685020110300111, 0.68643881640468, 
0.683069156934196, 0.680820276418834, 0.683527580783763, 0.687615014762994, 
0.687410129182663, 0.680699859553194, 0.682360415757221, 0.68326006676375, 
0.675325958814706, 0.692545020876315, 0.679602571666194, 0.681224287141375, 
0.685842473963649, 0.677074223285227, 0.678925016981297, 0.686611766357931, 
0.684317282901581, 0.687602969828973, 0.685782846884476, 0.679189811129317, 
0.684257261470355, 0.686673166121925, 0.686277195976549, 0.680826776305152, 
0.677647998608696, 0.686616425346674, 0.682794068433093, 0.673548594499245, 
0.688055365782667, 0.683368744572565, 0.682444273600031, 0.688739334658094, 
0.684336936157313, 0.680635205686581, 0.687227191753879, 0.680097628702769, 
0.680669794446185, 0.682271061122172, 0.685898275167099, 0.68563618709913, 
0.680346593714935, 0.686737266497686, 0.688616914370844, 0.689609454892252, 
0.681394608483752, 0.684694804725044, 0.679178232829331, 0.685787559273075, 
0.685740205566139, 0.680262511078299, 0.679596518952809, 0.677870914485184, 
0.678326291473589, 0.684195157775351, 0.681084516168854, 0.681571733473885, 
0.687907586533631, 0.684513149821473, 0.680715653827835, 0.688698577613198, 
0.685555813877132, 0.685708367746171, 0.689530298305512, 0.688132769274333, 
0.685231189080854, 0.681563878355327, 0.688253470885162, 0.687559777746826, 
0.684353357499819, 0.678328345849454, 0.678532010886617, 0.680656232301071, 
0.687962444111782, 0.680443429300098, 0.683624872297997, 0.683289222253472, 
0.676702389852142, 0.679913108618082, 0.682874868296923, 0.680593575984291, 
0.681356913260857, 0.684751407406052, 0.683020005487783, 0.694376812549829, 
0.676324981939299, 0.680615140783096, 0.682475996746161, 0.682291098736811, 
0.67936123984032, 0.685965293362185, 0.684530117331436, 0.685551011075382, 
0.685345601060298, 0.676680603692653, 0.681183652335896, 0.67733002959999, 
0.690767274279019, 0.67857126754409, 0.67815138190649, 0.680720988716751, 
0.685466661627671, 0.685831917466077, 0.688537928082609, 0.683699572259217, 
0.685036959975268, 0.679008942201448, 0.683168386839016, 0.692082363662697, 
0.680891560682873, 0.686790715839194, 0.674632988827563, 0.687124488602493, 
0.683673763510597, 0.691539867040371, 0.686718579103269, 0.677791031607926, 
0.678156802429074, 0.681350628110456, 0.67937577490843, 0.683972144342965, 
0.68521703221481, 0.680108518079844, 0.685713535057648, 0.682425051580564, 
0.684151549796762, 0.6886718877759, 0.670730037201871, 0.681677155906179, 
0.677438293654606, 0.690474185579709, 0.686910434643418, 0.682180911014614, 
0.682896693719476, 0.680617934729143, 0.68582772658059, 0.676325281676629, 
0.687136467605379, 0.684955058151216, 0.676749834814445, 0.68402825894252, 
0.688259908482994, 0.685441444324493, 0.684812535522066, 0.6821357525701, 
0.68051971179341, 0.689042144809503, 0.6885035326059, 0.681102172827697, 
0.683178822300738, 0.688734448068639, 0.676124191776699, 0.684748910913403, 
0.685429775514614, 0.685132999519398, 0.690193476296861, 0.683294066539105, 
0.683337872148414, 0.684908687089114, 0.685788665205039, 0.688010942711654, 
0.686353057942847, 0.679118923697641, 0.686305081704654, 0.685713314017445, 
0.686499701427188, 0.680725215207717, 0.683610172554176, 0.680541206032971, 
0.681583751265169, 0.682563627916838, 0.688002032058056, 0.682045166071428, 
0.682842917140436, 0.680405783142209, 0.681874246784021, 0.680618454583309, 
0.688967690131478, 0.686937089328276, 0.684126325687617, 0.680271674353857, 
0.689847649406039, 0.677526346725395, 0.684596089359587, 0.686903748920504, 
0.686502909549464, 0.679773982421361, 0.681782035178474, 0.682586769757039, 
0.681227217493551, 0.680962169088563, 0.680501384248537, 0.686795908651592, 
0.684367685752794, 0.686815151567328, 0.682379528048755, 0.687265036914553, 
0.678312607073906, 0.687681526459526, 0.686164881165868, 0.689363911355381, 
0.677975345157065, 0.683637927322267, 0.686131074926901, 0.682768823272154, 
0.679002413597352, 0.687772034617839, 0.687511193712508, 0.680516470009777, 
0.681994699239798, 0.680772887770886, 0.68406048007746, 0.687175370363793, 
0.681650956139224, 0.678944590534504, 0.684766061846931, 0.689252200793728, 
0.685919843742839, 0.683813418937941, 0.685784386399213, 0.677861815208467, 
0.678544911124447, 0.677748179228213, 0.68340263593722, 0.679248080612142, 
0.688389446524197, 0.678135432564671, 0.684763390960402, 0.689130799293251, 
0.686190771257735, 0.677745557443975, 0.687103818080466, 0.682956471325302, 
0.682358711670135, 0.682464838203428, 0.684305187137139, 0.678313810980073, 
0.683299840143133, 0.685453156893052, 0.681695335760792, 0.686901267937565, 
0.682291403443589, 0.679855688728959, 0.684210042126394, 0.685043342952504, 
0.686477654096297, 0.680645710853843, 0.685484867685607, 0.687107499804875, 
0.685926980204876, 0.682287023330623, 0.674799905387033, 0.67890845345903, 
0.687610189393698, 0.675963588737581, 0.686974891100227, 0.683103497068471, 
0.685784177136606, 0.682271201122671, 0.689223930030698, 0.68508473594238, 
0.686531162794876, 0.684176686499599, 0.683979928389754, 0.682174260101947, 
0.679400453670897, 0.677588690436748, 0.678216732307208, 0.682130186369684, 
0.678006297839429, 0.687291209599339, 0.683164369863516, 0.671416431500013, 
0.690948884163052, 0.678806537711743, 0.686570502247686, 0.684230556732876, 
0.677683719770735, 0.677406935644098, 0.689047372120763, 0.680131974401255, 
0.688864625604775, 0.686928037168058, 0.681621303416317, 0.681658949466213, 
0.682879737964834, 0.668804396050124, 0.679688657633476, 0.677802339182493, 
0.66984429818704, 0.682055279707866, 0.685383466433435, 0.68755035871718, 
0.685131905629234, 0.678463727379925, 0.690344821448472, 0.679048596637972, 
0.686094320002583, 0.683594116967842, 0.685287190253662, 0.682464601302966, 
0.682720683158789, 0.68141883209068, 0.679722853436332, 0.687352427720175, 
0.681386344936022, 0.684202060419782, 0.683798902410165, 0.685458437874117, 
0.689257911624901, 0.686270391300837, 0.688513776611402, 0.677870606480232, 
0.675931304242373, 0.680465602390149, 0.690784438280142, 0.688182724244996, 
0.683948481565072, 0.679123049570982, 0.682079595264225, 0.677947068993995, 
0.686546725209078, 0.682168975227465, 0.684611712766487, 0.677072099535996, 
0.678682553930461, 0.674770988478632, 0.682807329103168, 0.68450462168298, 
0.682960434079935, 0.682732671739048, 0.688445376101037, 0.688182001888869, 
0.684053591646418, 0.682746000963024, 0.683168943538509, 0.688352038204067, 
0.688893595245991, 0.688658540350168, 0.673545937881103, 0.683403663077901, 
0.68608634685149, 0.686736818880576, 0.678626010083047, 0.676931008605433, 
0.690145741187438, 0.676557662325552, 0.683962495498528, 0.67533757634315, 
0.677355445349848, 0.680365227900534, 0.680746469447319, 0.694299478533508, 
0.684431621192008, 0.680181213151446, 0.68573919266328, 0.687270650796466, 
0.681473340835353, 0.681729763710866, 0.676175035946311, 0.686854513148262, 
0.684208315316832, 0.694377236934866, 0.687159981663849, 0.685076618129254, 
0.681494209717378, 0.684662470908622, 0.685759905030162, 0.686938744623579, 
0.68075364416022, 0.681903333749939, 0.680425116637244, 0.68453903838949, 
0.690523368496471, 0.682411032649841, 0.686944118037591, 0.677994620898675, 
0.682936162768971, 0.679666630378703, 0.683323404155386, 0.684591389146703, 
0.692872532800899, 0.689194924133919, 0.683591301924714, 0.681583052770085, 
0.677679544523285, 0.684184434131522, 0.677547620750908, 0.6832368000519, 
0.687366670797677, 0.684166062434075, 0.683243097798385, 0.681838650501321, 
0.679145621472043, 0.680869358031781, 0.686976278661043, 0.682513434831579, 
0.677915274675186, 0.683070208654269, 0.681335521325719, 0.679633226514877, 
0.683896522521196, 0.689781171594914, 0.680591959453799, 0.687149434995958, 
0.681302596111779, 0.684616221989044, 0.682977837669578, 0.684714102727664, 
0.691266964915762, 0.679536383623771, 0.675751269814403, 0.680801814495536, 
0.680684133233732, 0.688952050216179, 0.677345643392712, 0.682187175590069, 
0.682665546088604, 0.678366624903979, 0.68809353917604, 0.68147783304422, 
0.686087062193669, 0.686274622802326, 0.679669106522619, 0.689266896494997, 
0.682230882165528, 0.682649574460274, 0.682251856557351, 0.6889476828779, 
0.680776740353018, 0.682657916693037, 0.682872606344284, 0.690994089403463, 
0.687759103081418, 0.680522568228478, 0.683775043048242, 0.681274983454892, 
0.685327458804393, 0.684245743096471, 0.679431193958601, 0.6850465966286, 
0.684561729120253, 0.686394418057394, 0.675815538282736, 0.68633781683714, 
0.680698607177694, 0.683749003519101, 0.679037020178541, 0.677633298442908, 
0.68239798925784, 0.678490464900066, 0.684343601592062, 0.684200225509778, 
0.684557558450712, 0.689357232116837, 0.687239378117992, 0.673396449240782, 
0.687251915391658, 0.680635351208599, 0.677659953181176, 0.691582473145006, 
0.681974372338199, 0.67875845436513, 0.683030276717488, 0.676648646117475, 
0.68217199371116, 0.679925601514104, 0.682542971954444, 0.687294310832191, 
0.682729120151781, 0.679955321115819, 0.685854818000894, 0.681664701245858, 
0.680506096317659, 0.692825640824148, 0.686051466331265, 0.687074837634004, 
0.682552766203206, 0.684852323018639, 0.683465598603426, 0.678787179633768, 
0.6854060163179, 0.688453990992874, 0.690998372007184, 0.685892240024093, 
0.679761764403254, 0.675193442382424, 0.689718144577154, 0.688256606043802, 
0.688494510025536, 0.68377746569399, 0.68337434723398, 0.685501970699654, 
0.683318319911794, 0.682213195770911, 0.685163586462368, 0.685865072262607, 
0.688025524311017, 0.680403956693812, 0.68614151259062, 0.692551839372125, 
0.680293012565238, 0.675871832717973, 0.676584382414245, 0.685275358363623, 
0.684800458992774, 0.677283450252525, 0.688060547508498, 0.679627429821422, 
0.680975324137992, 0.681426538168738, 0.684998132506809, 0.682000366682436, 
0.687258799090952, 0.680279143041079, 0.68066168265761, 0.682439474042754, 
0.682648807716654, 0.692924343511274, 0.682839196328376, 0.680715244737295, 
0.681280795003042, 0.684355039623005, 0.688214476566688, 0.685094175250504, 
0.688174130414673, 0.684677168090939, 0.693792324086253, 0.680219639587476, 
0.679112774063272, 0.691909134167791, 0.680873986205252, 0.683272328818936, 
0.68241816318977, 0.687048925140302, 0.682086325332639, 0.68356773207418, 
0.689449216028946, 0.682252823768067, 0.690203328669089, 0.684384747564718, 
0.685325047825964, 0.689432084933308, 0.679356677110402, 0.682501286660247, 
0.68580323230744, 0.684464343893595, 0.673409634395932, 0.685725297805077, 
0.676504867560526, 0.676564288197013, 0.677295665353471, 0.686629458749314, 
0.689512452107457, 0.678041510955844, 0.686387105976476, 0.678398919751466, 
0.67755224321334, 0.686234509462758, 0.68900922195436, 0.683336149568585, 
0.688046167965643, 0.686369019417395, 0.681166166862343, 0.690768580690214, 
0.679048168176376, 0.680732280666427, 0.682456437800931, 0.681669833453168, 
0.682784962380141, 0.681704914346395, 0.682078673186531, 0.683220341547604, 
0.679908403256766, 0.683537932122813, 0.689803564684233, 0.680443266480514, 
0.681904866768544, 0.675028314059805, 0.689863597595306, 0.682876698408118, 
0.684108277157718, 0.694955242294141, 0.686318978961485, 0.681138429493183, 
0.672704807378258, 0.688399049571272, 0.685527259488171, 0.685949819139383, 
0.681391767467581, 0.674007907173315, 0.688372701690207, 0.692402020226386, 
0.681557950538739, 0.684769481287371, 0.684977415800116, 0.689593174451156, 
0.679608023237146, 0.676839221010434, 0.685370682699109, 0.680371158175009, 
0.687708746727063, 0.687455383905204, 0.68474148860049, 0.685124995294575, 
0.687085348630185, 0.684174066005464, 0.687032886589245, 0.688104114892873, 
0.683301396965203, 0.68674210428595, 0.690533402854237, 0.676077194144897, 
0.675924937822356, 0.68609971840249, 0.681775411663718, 0.686980136475911, 
0.681806350347456, 0.68414433728051, 0.679347512977706, 0.681697371011966, 
0.687470784290853, 0.68201256519063, 0.673704903740009, 0.686997145952552, 
0.688693075912349, 0.680111288800395, 0.688143922009807, 0.680323000259904, 
0.688815673004029, 0.682862867656312, 0.680900457133772, 0.691377931923167, 
0.687248805338919, 0.681991491795158, 0.683577791028463, 0.682060726606404, 
0.684136836851457, 0.686919371143998, 0.684274098653402, 0.682103027163339, 
0.683871179492933, 0.68986865747905, 0.681742342144865, 0.676490430094655, 
0.689197781482817, 0.681014501402346, 0.685008262202761, 0.684032514076728, 
0.683008884223555, 0.682252783166808, 0.681811336152794, 0.677157468545787, 
0.68352998608585, 0.687422302331834, 0.680383324534559, 0.681656474342411, 
0.687031624523386, 0.685317052178127, 0.688181642239184, 0.683931504258873, 
0.678406462184181, 0.677557290620134, 0.682134842237529, 0.688249909915332, 
0.677534424985582, 0.68634647282231, 0.683343587209684, 0.683015975070919, 
0.680437526332244, 0.683879031816355, 0.673507681373118, 0.691234614926408, 
0.685380970245747, 0.686265301771338, 0.68269135105093, 0.692351188593151, 
0.68921732276766, 0.688540087832782, 0.689057908919471, 0.685688232711016, 
0.682668393919166, 0.689260893700145, 0.678960875350536, 0.676949139366468, 
0.692140712938609, 0.680474516896858, 0.684452846165659, 0.679683329710051, 
0.68312662192012, 0.684153457337148, 0.682669703725743, 0.681146560497248, 
0.683716378943661, 0.688163501388088, 0.688161782329044, 0.686268952542347, 
0.679786409085296, 0.68517979985837, 0.683712434426953, 0.691925884314087, 
0.67652429865393, 0.682433513110324, 0.684588757527955, 0.688149171408909, 
0.682699207762932, 0.679160075765743, 0.683295918845578, 0.678054572704011, 
0.680477618618519, 0.678691961733165, 0.678009541711205, 0.683334006428556, 
0.686085887253305, 0.676846285920423, 0.686108597769394, 0.685811390123333, 
0.676326632191919, 0.685876182925285, 0.687195545490338, 0.682294479793276, 
0.677732179319008, 0.681858215155748, 0.683890306130974, 0.682598703948733, 
0.67668994024993, 0.678973211676066, 0.685846763469791, 0.68585768879929, 
0.679479084879024, 0.682166570746099, 0.68351858526413, 0.675226981483199, 
0.679664225849156, 0.683794027875798, 0.679077640469112, 0.68689484490032, 
0.669116484098015, 0.684700321592168, 0.683951470131211, 0.688342447028782, 
0.682418519483773, 0.682656902731264, 0.677215356609321, 0.680706643130381, 
0.680751259069493, 0.68677689391531, 0.688622712662944, 0.683496837328101, 
0.680840796895992, 0.68488209227799, 0.683312286123883, 0.679342053529014, 
0.687849254941673, 0.673436408048385, 0.682753526353524, 0.686728624985687, 
0.687643174242212, 0.685472625018582, 0.689042582219183, 0.678423897609716, 
0.680962911163, 0.683070818095634, 0.693253133201713, 0.684201397375019, 
0.685988545165613, 0.678598485734499, 0.682902464580615, 0.688594633338653, 
0.686785219455163, 0.679880053775754, 0.688403673196162, 0.680742312505693, 
0.675887497101848, 0.689750266637294, 0.689492999354848, 0.683825248793468, 
0.683188554555068, 0.687248107152448, 0.680802292935719, 0.68550799497165, 
0.678620579586441, 0.683445414801727, 0.683969969605952, 0.6779879839202, 
0.682096122824566, 0.674627078609191, 0.684367873573501, 0.682960208925297, 
0.683345958132671, 0.685941854779602, 0.681476359070134, 0.687735090133052, 
0.68452824520292, 0.684668400398623, 0.684980094637137, 0.678561008236568, 
0.67946167850823, 0.689851616590592, 0.682144375869458, 0.677215669204339, 
0.686495592929747, 0.678946603378384, 0.681903836429993, 0.684380671503205, 
0.68218195365722, 0.686364192809355, 0.675756303849914, 0.688313647224393, 
0.684947098319941, 0.674881983473604, 0.683558023048005, 0.68475054372997, 
0.680688171279931, 0.684591735745627, 0.685224230918791, 0.677451857015698, 
0.682307556692593, 0.680792187429016, 0.688543055525924, 0.686061725039282, 
0.686962706350656, 0.686200631297392, 0.677020042468013, 0.690557344264974, 
0.67930949642485, 0.679308798654942, 0.682864170434964, 0.689384951100805, 
0.679362760306148, 0.674462556728782, 0.682827028814076, 0.686076092656089, 
0.685570971699292, 0.682685930670594, 0.68274791810883, 0.687606719988812, 
0.684162457600199, 0.687104557866875, 0.683782105754294, 0.682376359347683, 
0.685311828663479, 0.683098326308101, 0.686486847786071, 0.671637525832634, 
0.683325166783905, 0.678206958579837, 0.684804789471817, 0.689323277773481, 
0.679732439205124, 0.682828396340195, 0.682895743180863, 0.684200848966866, 
0.688081343155988, 0.676273956826522, 0.682163002969723, 0.680228226643113, 
0.685841837588828, 0.686833317764083, 0.68600258443829, 0.6861337617634, 
0.68306806416642, 0.679484694058063, 0.688050890332447, 0.687781255381733, 
0.685328968892869, 0.686254366052654, 0.686607508685212, 0.683463542731449, 
0.686781899385018, 0.674828848478513, 0.685423061265604, 0.682560182090536, 
0.686009521335505, 0.681042655546863, 0.675175672317821, 0.679764764257574, 
0.68128282799209, 0.677725602471023, 0.685694828988753, 0.684030944177797, 
0.690845376592331, 0.690199225387234, 0.684550689183053, 0.687739357279413, 
0.69224327937875, 0.675421073636235, 0.693632105482689, 0.679772517362701, 
0.682772891816184, 0.680320538901348, 0.679583074706789, 0.675827959586097, 
0.681047193152157, 0.681651215182137, 0.684849152911277, 0.684620347379214, 
0.682043908467151, 0.684274230819894, 0.685630673792447, 0.687917220071552, 
0.675916676525056, 0.690001474139831, 0.685870397398866, 0.684459799461244, 
0.679221011079981, 0.671306653763821, 0.688291896848878, 0.685416276080423, 
0.69160721780323, 0.690093923778064, 0.680189142876673, 0.680843358231819, 
0.684301895382739, 0.673650602760341, 0.688035395313465, 0.680670465396741, 
0.67623320212743, 0.680233952182673, 0.68449883492411, 0.685179272075449, 
0.68826929345298, 0.68852815843966, 0.681127258869139, 0.674958654293438, 
0.679149548686118, 0.688031282914685, 0.685281602566395, 0.683213817848385, 
0.681128369139936, 0.676146026403708, 0.680412067689212, 0.68756630731346, 
0.688951672990106, 0.686000597634383, 0.678093785524153, 0.683155964862345, 
0.684095055487526, 0.684037131952842, 0.684379131135386, 0.687918570130739, 
0.678725091058321, 0.686829401555971, 0.691698676902231, 0.680360926709721, 
0.683039272671774, 0.681322416810096, 0.690266256562648, 0.682162786258384, 
0.685110812982598, 0.690210628885488, 0.690760943208035, 0.685611901464851, 
0.682741200040398, 0.683085127746605, 0.681808667248513, 0.689618325403449, 
0.685184278545073, 0.688412694671359, 0.681685531770208, 0.690119436537099, 
0.679352475219852, 0.673375724224888, 0.682558186623141, 0.688628133874241, 
0.679762945752775, 0.683086865554581, 0.682101989922214, 0.686362155730356, 
0.679052384009854, 0.690444850171168, 0.683803915294764, 0.678702811544347, 
0.691492753221529, 0.682992541413402, 0.683944156772955, 0.682049799193589, 
0.68134598939337, 0.68709316570394, 0.688013899321797, 0.685713256861473, 
0.677492782342642, 0.691716408547149, 0.686013164741153, 0.682509565279617, 
0.678378307582037, 0.690290009430848, 0.680924723710775, 0.678404892972768, 
0.6818217015836, 0.683294395139856, 0.682408741799497, 0.685454722582597, 
0.689815614203886, 0.689330524482464, 0.685567812048026, 0.681072475579877, 
0.686079022839632, 0.686020560674125, 0.686756393461098, 0.685877741322316, 
0.687414144119227, 0.679664554970847, 0.684627119531153, 0.675134414656827, 
0.68774875484544, 0.686780989793989, 0.688283992956536, 0.682737609158098, 
0.684004176682851, 0.684722105513789, 0.685217251375772, 0.677659683350565, 
0.683031428319302, 0.679880438230703, 0.67714395123015, 0.687415580118497, 
0.680340879766586, 0.69082269553067, 0.682814901872536, 0.684130486584905, 
0.683146829336246, 0.684407718777438, 0.688995210556894, 0.678246015652769, 
0.685008959005506, 0.686566184459769, 0.686541779852036, 0.681117667719502, 
0.682565969771366, 0.682552834271796, 0.679744184929193, 0.689717104235668, 
0.689814318346891, 0.681518326564936, 0.687185794752794, 0.686257378833424, 
0.684605733819209, 0.685355737200418, 0.6804898136843, 0.683434577267626, 
0.687590244596185, 0.685363994910557, 0.684685168093296, 0.681965200465741, 
0.675329076163764, 0.683108471342646, 0.676882449958938, 0.683177822511893, 
0.682347874103716, 0.686633196056315, 0.682592684066313, 0.682455868429334, 
0.689916858610489, 0.683164999111391, 0.677797326282026, 0.678297886231284, 
0.682215966359179, 0.68176212814921, 0.687252132368108, 0.681120035713796, 
0.689113838535048, 0.684848053201664, 0.685043792043037, 0.68400312762594, 
0.680008901890043, 0.684228251289905, 0.684143396764386, 0.682259773253844, 
0.687699965696749, 0.686851658003555, 0.684060944342434, 0.68456673027332, 
0.67756672122131, 0.676297667028579, 0.684839594955465, 0.683469702195328, 
0.684950134960301, 0.689703062174056, 0.684223116670079, 0.67934837122118, 
0.680458984376711, 0.683350610765494, 0.682292574714575, 0.671763233759395, 
0.687257755149646, 0.683834293901266, 0.684833235822176, 0.684100548922345, 
0.685062770142333, 0.682917331470529, 0.68309225704476, 0.679957907762151, 
0.689891468884399, 0.677172339582504, 0.679326700893903, 0.684292189821477, 
0.677975739389197, 0.684590823886733, 0.68491173455465, 0.677954977744821, 
0.684157795656495, 0.679389530296609, 0.684880906247692, 0.684875034530998, 
0.684170574231694, 0.687889526566338, 0.679201909046339, 0.677054579590829, 
0.689625135433869, 0.684168795987411, 0.681223287333286, 0.685291107571914, 
0.681983080871334, 0.68269265448537, 0.677663062814818, 0.685794927106818, 
0.682366507753749, 0.678891914442941, 0.682241867756668, 0.68547914048361, 
0.689172969097531, 0.681843081061144, 0.690459827940229, 0.678058112297789, 
0.684767114147154, 0.682561998314978, 0.683070555154146, 0.682425613906715, 
0.686491636261609, 0.682012279847418, 0.684575634177078, 0.687615645301177, 
0.684197222224142, 0.681294157434052, 0.682686822034858, 0.690280598542706, 
0.682219590888929, 0.676671331281203, 0.68482033377156, 0.680404331276569, 
0.680466742221511, 0.679270380306413, 0.685583124959457, 0.688197784393883, 
0.680083415894969, 0.684835994307991, 0.689724815711274, 0.679489327079082, 
0.680635118611985, 0.68494183144638, 0.6823691243541, 0.686815229479384, 
0.687157032966528, 0.68774413328329, 0.684738079524019, 0.681372336092337, 
0.6850495092745, 0.682900571134234, 0.689297733915714, 0.680347176872047, 
0.682137029304876, 0.68237276033474, 0.681154548337935, 0.678281501768746, 
0.680879429404265, 0.674207907846267, 0.687506175986083, 0.67541047584469, 
0.690269971742261, 0.683606536652492, 0.688331441872769, 0.677822849720445, 
0.681206242050849, 0.682369378115397, 0.68530457047229, 0.682193511372408, 
0.68476790057863, 0.688862034003882, 0.688285802509434, 0.680041647269585, 
0.684931986961292, 0.683073120225282, 0.682391625198805, 0.680403911775815, 
0.678074184497888, 0.684266404763639, 0.678922376316712, 0.685977218570075, 
0.68054879325774, 0.680869560911229, 0.683341445102547, 0.678497941270592, 
0.686111116383769, 0.684335076328875, 0.676996593928869, 0.684992661558307, 
0.684180220875909, 0.682264569826918, 0.681692347081483, 0.685001544392775, 
0.684290040560477, 0.68375141715909, 0.672076807103378, 0.683628477105791, 
0.685660465206925, 0.682471499227624, 0.689373715155543, 0.683314730087085, 
0.689470899359406, 0.688298053423933, 0.679114100832789, 0.683263925483949, 
0.683633623915417, 0.681888460495847, 0.682088583458184, 0.687334279379409, 
0.689652567357284, 0.67597929110654, 0.679253221142422, 0.683013309156564, 
0.685774596956655, 0.685225198173213, 0.677745007591961, 0.681379612117772, 
0.676589456255884, 0.681784012421508, 0.686259387917914, 0.686176328426136, 
0.685235090424082, 0.684651330602361, 0.681136028596551, 0.686428826642327, 
0.681902383447188, 0.687882809148117, 0.682186845763825, 0.677175383227989, 
0.68981885855281, 0.686135816880422, 0.676813096640578, 0.683918804267258, 
0.688373399229251, 0.684702555458291, 0.688622362422595, 0.680490912510058, 
0.686731759485125, 0.685098234756412, 0.694948124838821, 0.69215717798068, 
0.688317159237046, 0.672887912143013, 0.678664204687588, 0.685926442639045, 
0.686323895132553, 0.68210141724691, 0.687063261670127, 0.682752177705504, 
0.684993459833601, 0.68281237643959, 0.679395648993754, 0.676465384216928, 
0.684222858252806, 0.675177192910675, 0.677424568492145, 0.681328264192188, 
0.686676238665284, 0.684272715097065, 0.685598607664217, 0.672587143134814, 
0.677666965072225, 0.683744324367886, 0.688849687347961, 0.683998679236088, 
0.685122897329362, 0.679401494473192, 0.682602533148957, 0.675124129673808, 
0.68438917225385, 0.68758073314295, 0.684092722334241, 0.686867599949834, 
0.686239472270544, 0.680697194855121, 0.681952996736793, 0.684036888711855, 
0.686633480818667, 0.687277099371886, 0.686638500179106, 0.678282130081932, 
0.683595960580387, 0.691788426111678, 0.683422848060171, 0.67954030905895, 
0.686258960746697, 0.689439458083616, 0.680513855953746, 0.677598958550186, 
0.684942442378695, 0.685023748225583, 0.686349966290328, 0.688250401772132, 
0.689730700465938, 0.675456226809868, 0.688041516415345, 0.690310199815452, 
0.677731138898537, 0.672736221545341, 0.679175960835147, 0.691983277711564, 
0.682549382452247, 0.690368305963157, 0.687044699169817, 0.682483143788058, 
0.683941349270979, 0.680604290805053, 0.68472517378952, 0.680221455847066, 
0.678210591289256, 0.689613310776458, 0.681803972504936, 0.686599572579311, 
0.672284916351181, 0.685957572946821, 0.682475560191256, 0.686232326629345, 
0.690456870976879, 0.68859913755912, 0.681678953104951, 0.682267423498073, 
0.683830856745552, 0.679841013870026, 0.680536934032448, 0.683972287012001, 
0.684705391218508, 0.682869865357205, 0.682358590277879, 0.687957172504756, 
0.6883260087957, 0.686275964556436, 0.676484259684696, 0.67755218974636, 
0.680567607537193, 0.681972336197784, 0.682657643902311, 0.68599781734788, 
0.690649757044939, 0.685171168804466, 0.676736954381139, 0.683859285254847, 
0.681642003643199, 0.684030512276305, 0.677988434936684, 0.6895535675529, 
0.686531455540046, 0.689124358850462, 0.678187455105885, 0.677721399032701, 
0.687329069450912, 0.681819161299783, 0.686498303968124, 0.687466122639034, 
0.681741847384793, 0.682498765302787, 0.686637960273293, 0.680843281923729, 
0.676880184244741, 0.684999296060421, 0.681935534615424, 0.681443010526111, 
0.680856424427993, 0.684255750058673, 0.683213656494039, 0.682017337430515, 
0.683619031583765, 0.685741967284596, 0.681147778751616, 0.688064165627398, 
0.689071237376368, 0.681287907420282, 0.672662239985143, 0.680848437544815, 
0.690264155289825, 0.685025269540355, 0.685658547962565, 0.6897254368061, 
0.688714934983036, 0.683116973520746, 0.683267631067156, 0.684470365587115, 
0.682635467044706, 0.682297220015721, 0.684657522441185, 0.692157463177344, 
0.680486697939924, 0.676808565750708, 0.683180726579462, 0.678759200389406, 
0.68130605741562, 0.689838641068256, 0.680176989210443, 0.681193179071688, 
0.682165954988704, 0.679932132555724, 0.668799349041235, 0.685444616529495, 
0.679884316430129, 0.681729580811858, 0.682576937959342, 0.688481897786334, 
0.680121070331787, 0.684066605230642, 0.682747497196046, 0.688469793402686, 
0.686336150233885, 0.683393832328406, 0.684828165921666, 0.686906097265573, 
0.682014717323105, 0.688021219532913, 0.679977466424518, 0.684852686267344, 
0.686453499203338, 0.678426622827163, 0.681050772797862, 0.68243673295262, 
0.689843507752413, 0.68572238273877, 0.685168163400858, 0.689633725164154, 
0.67936130184483, 0.687993975229412, 0.689316981852552, 0.683262351799175, 
0.690856852655443, 0.68345934468765, 0.680429769422119, 0.687689181910916, 
0.677528383229047, 0.682682611388053, 0.676941406260449, 0.681062668382002, 
0.688440351212771, 0.682065380884819, 0.684286270962897, 0.68256321878196, 
0.682408771462532, 0.67331448243553, 0.687754223338304, 0.68107007168438, 
0.680464359204795, 0.683177686009457, 0.685558769036747, 0.686758589814269, 
0.688952111068638, 0.691409088145492, 0.680862044585878, 0.684751927541186, 
0.68277173883251, 0.6896775130949, 0.683414274958393, 0.683065244969782, 
0.679477413782681, 0.680956642626242, 0.681566535509796, 0.682269242046323, 
0.682399446202151, 0.674776060761813, 0.680907592418821, 0.690111936736116, 
0.685995965701205, 0.682528699765617, 0.682662371441954, 0.682208488559795, 
0.68138438286402, 0.682259504783474, 0.686160558530068, 0.680350390739813, 
0.679358214924393, 0.687123888147935, 0.674555980078393, 0.681196855337266, 
0.687318034399179, 0.688398082224831, 0.676606620083609, 0.658239244597549, 
0.679411354345169, 0.679593302124977, 0.685418282492895, 0.68303911691417, 
0.68146807619683, 0.683534039167489, 0.685258222610661, 0.686410464877562, 
0.682940795924131, 0.67844786194118, 0.682768752143923, 0.683781032675713, 
0.675926807940206, 0.687153270153259, 0.686042860537967, 0.673029982633908, 
0.678018825342841, 0.671224799966804, 0.679496059840846, 0.679992399517005, 
0.690641664454307, 0.678027253362792, 0.680816082389457, 0.682646309269691, 
0.681129460208653, 0.686185771342433, 0.679601909760404, 0.683698222592356, 
0.687066586211624, 0.684535318994802, 0.686786321085422, 0.687548095359867, 
0.682084356659653, 0.678306677373897, 0.678844189319171, 0.684069616320657, 
0.675723819477833, 0.688969894888975, 0.691138791382583, 0.680864672674569, 
0.684061980553762, 0.683555686135374, 0.681825290372135, 0.686617752474402, 
0.69161875100912, 0.685095737631731, 0.690430104073019, 0.685065302718128, 
0.688009484345424, 0.686236759767946, 0.688837287448522, 0.677575322099976, 
0.683259794112875, 0.682520468515332, 0.683509780624868, 0.688529213684996, 
0.676352330560534, 0.682132335000386, 0.677147787733012, 0.684821957260228, 
0.685237669899773, 0.685574049434598, 0.678791750911282, 0.6778621365181, 
0.688121988126728, 0.67477169196585, 0.681795793209328, 0.69039663784574, 
0.675988433140646, 0.68666049540958, 0.680420431829011, 0.686365588138474, 
0.677083627059796, 0.687259435938828, 0.680772199547817, 0.679599173059501, 
0.682119891060193, 0.679089900959488, 0.685469550339165, 0.688887648365487, 
0.68599810112856, 0.682471401751057, 0.685840899389165, 0.679604812160861, 
0.685177296848258, 0.683809938927422, 0.685781993373289, 0.690052597000343, 
0.685152910690661, 0.676857942297757, 0.683334637844419, 0.690226595892184, 
0.678885785869191, 0.689638868565637, 0.681031221877387, 0.679187794816791, 
0.681809236576034, 0.677085271901066, 0.682702691156516, 0.679700942079011, 
0.685115058392985, 0.682056773180546, 0.679787938802224, 0.679624987469526, 
0.68631128301031, 0.67885776272117, 0.689614875525208, 0.682096211847806, 
0.682120890756137, 0.672672287848219, 0.679330124846536, 0.686263213951007, 
0.685829346117873, 0.684985866232916, 0.68626784750123, 0.67988365857281, 
0.684894828796463, 0.683438712042379, 0.686140709642637, 0.676236802469453, 
0.682167079283398, 0.684015527268962, 0.687943838532525, 0.681994141327576, 
0.676177723245496, 0.681262951042247, 0.6797015725544, 0.676543283244922, 
0.685838538054436, 0.681392587806792, 0.679056917701329, 0.69007704941302, 
0.684785736908672, 0.688191657124035, 0.68659181552879, 0.674344420801934, 
0.688428202750545, 0.679978206270903, 0.681213755557846, 0.685423565799896, 
0.682370546896764, 0.683063402536368, 0.67885083138203, 0.682643394975701, 
0.681754940905053, 0.684590239045723, 0.682272778699493, 0.680369961308605, 
0.678855115640628, 0.678273108560857, 0.67580463796352, 0.682560435616787, 
0.68260268334345, 0.67840921556584, 0.688277340692791, 0.683913157845148, 
0.687138696369958, 0.682449033473457, 0.679385417523139, 0.679039342074224, 
0.684059561253654, 0.688743962033454, 0.682538559189515, 0.690524005346452, 
0.681048755584914, 0.68855447206736, 0.680479659368858, 0.682496851834398, 
0.681939151675524, 0.676885932917398, 0.682399898379122, 0.685773778669542, 
0.688201127250918, 0.671527181204385, 0.676211113195931, 0.68711186143614, 
0.689423328019918, 0.685564288985753, 0.689412906914019, 0.683805476770951, 
0.689326324986208, 0.687191209845529, 0.679243779235329, 0.677535170053579, 
0.67689057866734, 0.686950724907832, 0.679872430845484, 0.685030826522842, 
0.681395940103406, 0.684181353687057, 0.685971176678824, 0.686641829957508, 
0.683021804827665, 0.676261134816363, 0.682608716300282, 0.684151959149043, 
0.68540931489819, 0.687019721585888, 0.691061506217787, 0.685651859076461, 
0.686887405120811, 0.682984463177152, 0.682138975357947, 0.677626806888948, 
0.688297449802319, 0.680953972201314, 0.678539660327667, 0.677788455543329, 
0.684835515928634, 0.680108928706573, 0.681264750195346, 0.681427849031296, 
0.681312113137072, 0.683430345997985, 0.681400141313986, 0.688843267515911, 
0.6823816568775, 0.691567216521796, 0.682645244217576, 0.685532693360998, 
0.676875791513276, 0.672692683785058, 0.685400765267746, 0.680069521653777, 
0.680951185401477, 0.69194898855997, 0.688065224251514, 0.6853295587584, 
0.687263045939141, 0.683633423587711, 0.684651579367858, 0.676809588377078, 
0.683779734929919, 0.675415109309754, 0.684038888767984, 0.682495350673141, 
0.682042745304823, 0.676721504793423, 0.686226477867922, 0.681143020979489, 
0.679058132159677, 0.682049367413524, 0.67984359004038, 0.684434644412426, 
0.68384450131354, 0.687643847260584, 0.68518764672387, 0.684278490118222, 
0.684858560884053, 0.682803994253971, 0.679315642940539, 0.681908779690361, 
0.684212692553865, 0.679500962011507, 0.681300228707223, 0.683267883871643, 
0.672128417042213, 0.68670782668396, 0.681443254576474, 0.680816752294016, 
0.683092064379584, 0.685111709515608, 0.675702889941546, 0.678221831195546, 
0.68658998685267, 0.685095649396561, 0.686368453922781, 0.678757350417521, 
0.690442578203601, 0.681855940542038, 0.684013971849098, 0.683814484265772, 
0.686177943234756, 0.675605826536628, 0.680288692471424, 0.69072983270763, 
0.688685745033756, 0.677499879666807, 0.680060986225091, 0.681616188007648, 
0.690789585947762, 0.682534608640407, 0.676375043111771, 0.679294437781239, 
0.682197551498311, 0.684044169398479, 0.685575145431017, 0.681074507499513, 
0.687376340251128, 0.672176803073078, 0.690912938987713, 0.68930337735843, 
0.682755495159252, 0.674760312931382, 0.685768280513912, 0.687733280533114, 
0.684049271228581, 0.689999870546116, 0.683010675903224, 0.677054504098355, 
0.679112304876679, 0.676058930838609, 0.683162470260992, 0.686071957712118, 
0.690489180587438, 0.685324194503739, 0.687250399091452, 0.680704142359557, 
0.674409535638619, 0.688625801824522, 0.693075727602219, 0.682346159498185, 
0.684454182687115, 0.684456741497174, 0.672616064235204, 0.68099075188949, 
0.688439612609806, 0.687652546155171, 0.688213349007918, 0.688736393053718, 
0.687967315963796, 0.686014003555701, 0.691738372326246, 0.677918634755653, 
0.692662813946546, 0.678947187730269, 0.679536910590944, 0.682793391844189, 
0.675019536682714, 0.686976291744781, 0.681689048562958, 0.690685553684544, 
0.6874736603875, 0.684223778474563, 0.682663343009883, 0.682128741983497, 
0.675698757752791, 0.687175085661299, 0.679024990782629, 0.684786925567729, 
0.685195991415454, 0.678610702762417, 0.683187624121947, 0.678927718211305, 
0.676203831569488, 0.680013120877393, 0.685889754177201, 0.688350291946972, 
0.675238226600811, 0.685473738360489, 0.678759365893471, 0.675099395160345, 
0.685584610242508, 0.68928583626284, 0.690505208935317, 0.68589731055286, 
0.684254065871068, 0.685805826080751, 0.690810270673148, 0.689073904899358, 
0.684230374463693, 0.690032083530673, 0.693119513026407, 0.690917304339397, 
0.68421729313581, 0.686755701573219, 0.690259583626771, 0.686634206867209, 
0.686892405097, 0.680031409952438, 0.685060937849766, 0.680670346303884, 
0.689323363506389, 0.689069091824118, 0.685909230131576, 0.678390892246618, 
0.681550686902838, 0.676722986899103, 0.682821878464766, 0.685721313223967, 
0.683401971358635, 0.687348441712221, 0.692849520189886, 0.681252518108861, 
0.679023168379262, 0.685429219533302, 0.681371938496996, 0.678999102220265, 
0.685223951765686, 0.685710066191903, 0.686775989865797, 0.684331259649396, 
0.687015207047943, 0.679696057013692, 0.685381342431901, 0.68101698969156, 
0.683518553263717, 0.691126042602236, 0.681838933625778, 0.689475326442778, 
0.677545618826532, 0.683578197572632, 0.678399625315315, 0.682000353129495, 
0.676075753107615, 0.684219093642879, 0.670790176129526, 0.686634022245063, 
0.688231415889207, 0.685592914166987, 0.679748308137492, 0.686294275100414, 
0.673110552121528, 0.68192537280772, 0.689329821548403, 0.679912839173691, 
0.676119101621976, 0.693190304203305, 0.692695586787919, 0.684538361243306, 
0.683552328036923, 0.677661154321639, 0.680020741439774, 0.682805170694246, 
0.681403260201165, 0.676122244906214, 0.682022101681408, 0.687216523396452, 
0.688900652460459, 0.689074966242503, 0.678483205705088, 0.690013010377967, 
0.685043324400344, 0.674493840993222, 0.682787143937973, 0.684736270479219, 
0.686308980518838, 0.684136406265937, 0.686977857317847, 0.676828268060294, 
0.685472657226352, 0.684306531605442, 0.679651421776447, 0.677846026040254, 
0.687735020186652, 0.68828986468079, 0.6773930285881, 0.690096739565278, 
0.684185627070856, 0.684504644263892, 0.681302333009119, 0.682885118753388, 
0.681136991987198, 0.690843781636987, 0.679271893070625, 0.687137944948775, 
0.685325620103266, 0.689160596692032, 0.688576590687889, 0.680327877792034, 
0.686625750257298, 0.679295716171613, 0.679523348696553, 0.683578396995153, 
0.6827197002228, 0.682256318906447, 0.687031455741996, 0.681652102207329, 
0.677282176609969, 0.685187572648016, 0.68170641716109, 0.677263447470501, 
0.684251146394905, 0.680534436726396, 0.684660315419359, 0.687385798062868, 
0.678120582445704, 0.681466075582438, 0.6839915608884, 0.67880112397348, 
0.690076899301275, 0.68969427221174, 0.684282477034343, 0.685465740263567, 
0.681980636670694, 0.68957714760726, 0.679978163018198, 0.678140127057866, 
0.684328296816693, 0.681617436566466, 0.676379848786868, 0.684959644072047, 
0.690207727534085, 0.687165310787134, 0.689021995324738, 0.694716585900137, 
0.686003567287272, 0.691168795288773, 0.680379350727671, 0.681283283270443, 
0.678540735883636, 0.685220215875063, 0.686955652702181, 0.681840200070688, 
0.692996299712797, 0.683718855114638, 0.687790177074297, 0.683408028600557, 
0.678224663600647, 0.683224204966579, 0.679199534032662, 0.679596084077967, 
0.67596631181282, 0.675528437887717, 0.681297443734707, 0.688302186415341, 
0.685027267063608, 0.686559237314895, 0.685785270450685, 0.686758544767806, 
0.679853447837466, 0.688425285684824, 0.67482946363689, 0.691280261419654, 
0.685464180232746, 0.686352726287431, 0.684293944530842, 0.68451091356574, 
0.681402504904178, 0.685321803001661, 0.685877157203028, 0.685243154173939, 
0.688842556996268, 0.686871586178129, 0.685337292555689, 0.680992393204987, 
0.671168303458852, 0.689231955343448, 0.68399589115133, 0.673750318453404, 
0.677935321329491, 0.672271085787845, 0.677034896088647, 0.680114175347283, 
0.686515542454126, 0.685478003114627, 0.683793065118, 0.682405433315154, 
0.681534716077922, 0.675276186306055, 0.676722883509325, 0.691621255969468, 
0.675580700323966, 0.677753201164556, 0.68731287226336, 0.681018986385614, 
0.680078210238759, 0.678087178183814, 0.673643356704092, 0.682648406395882, 
0.678114442871136, 0.679065147563407, 0.686242933136241, 0.683242488717475, 
0.686097647886461, 0.672652300920272, 0.67616953391609, 0.686877934019065, 
0.685223849429991, 0.695178880717307, 0.678981327425443, 0.679220297249166, 
0.685328873871938, 0.675389958694613, 0.688548487304162, 0.686605545806054, 
0.680669514079227, 0.680075831046476, 0.680593196785065, 0.680661468045458, 
0.686564138754998, 0.685239640575506, 0.680793259210388, 0.690304334516812, 
0.685275343819965, 0.678200732737338, 0.682829939711962, 0.678405540844436, 
0.687066632951908, 0.687135159214491, 0.666498917100488, 0.684594578682152, 
0.673861893482154, 0.679825841196266, 0.670359401095916, 0.681571227806536, 
0.685322129571896, 0.688906419425886, 0.68218827700615, 0.682767053672909, 
0.679535399573242, 0.681226805074891, 0.683806079496821, 0.680732676202869, 
0.681344353749237, 0.688549871151358, 0.677340374618684, 0.687903490185332, 
0.681060548698703, 0.677826957221404, 0.690012079645682, 0.679902978619354, 
0.69034513998972, 0.687203503136753, 0.683524652608316, 0.682530340389432, 
0.681463398205797, 0.68172349845967, 0.682833998283377, 0.68835028216358, 
0.685486810465216, 0.681023858804017, 0.686269424441162, 0.682166818236169, 
0.685026314444061, 0.683020642149195, 0.688539848295148, 0.684302427017366, 
0.68523607490936, 0.688462460733963, 0.678206759240452, 0.688910010756246, 
0.681858114769012, 0.67926404120415, 0.682744659529589, 0.685845401726, 
0.683533451508781, 0.687356853784348, 0.688573466693684, 0.682624788357386, 
0.679913804779908, 0.680236370366437, 0.681297790017006, 0.68008427288133, 
0.688380863219101, 0.680509282070099, 0.673774092781911, 0.679391495303369, 
0.685984016762428, 0.678279128439101, 0.683229378940205, 0.683681537289777, 
0.679378107952086, 0.682176203944902, 0.687113635191357, 0.68207095473027, 
0.687771256876703, 0.680058272915526, 0.68869163599964, 0.680465498922076, 
0.671998660523157, 0.677696282944841, 0.683587915856373, 0.678960324460501, 
0.685758780012308, 0.683218881182126, 0.688406648644818, 0.677754813559897, 
0.680957561567533, 0.686962932111774, 0.685403637398877, 0.687809528240957, 
0.682666111294483, 0.693095280824754, 0.687655184199505, 0.678941645873919, 
0.675672204162678, 0.682973037331163, 0.683974049822786, 0.686499678935748, 
0.6783792436647, 0.689365748133672, 0.677395980051554, 0.682904144662667, 
0.682660354205652, 0.682723386942276, 0.682461343648727, 0.681131598207788, 
0.681485459491127, 0.68368939969783, 0.691116492054932, 0.672067111277424, 
0.680535703103847, 0.685206305871529, 0.676591852422782, 0.689584844066262, 
0.684335146079758, 0.688092993202471, 0.685637373375834, 0.677239350086482, 
0.674850074030057, 0.683429108650573, 0.678627751770962, 0.68756700277681, 
0.684285443247849, 0.677194079597564, 0.675441354035871, 0.684331556687713, 
0.677252099693041, 0.69081852942176, 0.675315584665034, 0.686207329675221, 
0.67510672333683, 0.687024118267218, 0.677513591892258, 0.683198629445302, 
0.679770748823316, 0.685655606772998, 0.683719615323829, 0.682441794266026, 
0.686838056568672, 0.68431755785344, 0.682593051430399, 0.683448322083008, 
0.680462049993818, 0.681732912804131, 0.686078965053666, 0.686896139661589, 
0.692709076674613, 0.691483296554477, 0.679220449554547, 0.682035747544789, 
0.68361820528049, 0.687625744133381, 0.672811887344936, 0.687316803065743, 
0.680192090165995, 0.682035412427188, 0.685834926171522, 0.683512078945172, 
0.683965037871879, 0.690934578302127, 0.682536904515653, 0.686043363589052, 
0.681007045535687, 0.686609273433575, 0.683371717163618, 0.687625558806406, 
0.684308620160924, 0.68613874612833, 0.687036506264865, 0.681329470136419, 
0.676174476432897, 0.68072989690516, 0.69158897824927, 0.678926123028923, 
0.685179885425786, 0.687935534331463, 0.682166577488897, 0.68702929187042, 
0.679746042008178, 0.682771995580566, 0.684993413762683, 0.689749141270321, 
0.674545269059479, 0.685208741470718, 0.680198788571168, 0.688673873806583, 
0.676177015961065, 0.684949349790044, 0.676541527559953, 0.684424096685793, 
0.692463208443506, 0.685994455501593, 0.683272389068711, 0.6818074082015, 
0.68593423432371, 0.682167140896756, 0.680236059901456, 0.666470776245864, 
0.683804598129082, 0.682681684320128, 0.691910539684021, 0.687370790026707, 
0.687388151507022, 0.678929880355938, 0.680468694438754, 0.680984521091162, 
0.676082801941327, 0.676334224071836, 0.685510262731609, 0.685415963767154, 
0.67695246316525, 0.681477910932927, 0.67955788452891, 0.681836848797779, 
0.676393396724526, 0.687224791206998, 0.684028525354659, 0.686904584525673, 
0.686191086133228, 0.685007003886607, 0.685023444750498, 0.684796040766332, 
0.685408348702788, 0.678656072153735, 0.678301199037406, 0.682250872190224, 
0.67203322664954, 0.683912587577942, 0.686458284371378, 0.685999547880868, 
0.689843857627886, 0.684499471171583, 0.682668019978373, 0.679937414380145, 
0.679070708255668, 0.681720200123574, 0.680841332268614, 0.678689628792934, 
0.690810524812141, 0.679992478291166, 0.683462458701179, 0.6855616853436, 
0.674418653272298, 0.691050781855064, 0.683586851059164, 0.68854017294079, 
0.676673572892359, 0.689725702042312, 0.687659599067855, 0.680074817707355, 
0.676718949282279, 0.686017195240966, 0.689892131575254, 0.680826745912114, 
0.683603792976991, 0.678875281853027, 0.68161650623428, 0.686739742985791, 
0.682899551073199, 0.69161309359666, 0.678616111748519, 0.685413409500956, 
0.682900371668865, 0.684470924165317, 0.682592722038855, 0.691504043536407, 
0.685944577841944, 0.683119976504626, 0.686840836250703, 0.681824062951779, 
0.675212016144447, 0.688389457878138, 0.688903608068303, 0.679030619007706, 
0.678472490015134, 0.688480412014025, 0.678846679594938, 0.682780916496735, 
0.676050677486263, 0.688122930740871, 0.684451283899793, 0.691171532070241, 
0.689619057032141, 0.681442581495194, 0.677211397482631, 0.678229945835082, 
0.683798805547918, 0.681157031721357, 0.689417609401715, 0.681423307741465, 
0.684020137229905, 0.685070427373814, 0.690932919228795, 0.676217438362028, 
0.678058682740653, 0.679085375637174, 0.689266399948381, 0.691107837110855, 
0.687157753201728, 0.687101597455152, 0.686574965547102, 0.682137703718825, 
0.681209206836667, 0.682554830770184, 0.679750117664132, 0.677844184402452, 
0.688124494132343, 0.689505621831697, 0.683166612950663, 0.681811342856518, 
0.679157738846462, 0.679100789940894, 0.679698065247034, 0.683499872941042, 
0.677920324565999, 0.683096859875011, 0.686403295930042, 0.686605931350068, 
0.67333889319598, 0.677671027165879, 0.679727014561604, 0.684315001656137, 
0.678432634235188, 0.683941867634573, 0.684892875834023, 0.676238756075981, 
0.68326165829689, 0.681482335361809, 0.686930483166989, 0.68221054982199, 
0.685156470990848, 0.68478269707751, 0.689924791890516, 0.684144526371351, 
0.691018029957761, 0.682260435073044, 0.687816747659656, 0.682487255489328, 
0.684796381385266, 0.687820700000536, 0.681459244165539, 0.687937851942908, 
0.685022954804047, 0.68547007244956, 0.689150107890333, 0.684122008965437, 
0.676553408242924, 0.676093669909454, 0.681510634968286, 0.680501445440256, 
0.680339332114752, 0.678573340098251, 0.687936196567565, 0.68813251838807, 
0.684116919984628, 0.686236484238635, 0.689710775991498, 0.672675151842917, 
0.678077389059448, 0.676293583326734, 0.686367006650608, 0.68717722794423, 
0.680696954116113, 0.682782483992634, 0.689411947280081, 0.678822909395821, 
0.679785614276804, 0.68307469090992, 0.674691042535422, 0.687311345053538, 
0.681727674061323, 0.6871337918571, 0.684199381365686, 0.688026141937141, 
0.690625871716502, 0.68748952502082, 0.683565014864283, 0.686349026924097, 
0.683746011968974, 0.684421683614706, 0.683481156217691, 0.68249426715082, 
0.682438638300538, 0.684166740995103, 0.686629390706186, 0.682997871174446, 
0.684880861199991, 0.681768953392459, 0.680151922736487, 0.686765123660056, 
0.680952293354179, 0.679576079210933, 0.686251556145971, 0.685585688722448, 
0.670929374186571, 0.676874082793449, 0.676431717652586, 0.678245703997211, 
0.68257769714628, 0.678976309057475, 0.675807563476442, 0.684141569616083, 
0.691599246873541, 0.684437987745459, 0.679661976951532, 0.691272182301989, 
0.686020175908098, 0.679067499870996, 0.678618865655209, 0.676824261082777, 
0.686185405782269, 0.679370290623776, 0.682981410024868, 0.685482185492863, 
0.689017493687856, 0.682274229839772, 0.674112164909096, 0.681746418147441, 
0.683525197520844, 0.681785583989853, 0.684051125079623, 0.674181302349772, 
0.68191236031373, 0.683068659596526, 0.688499143968808, 0.693568110642588, 
0.685663015852802, 0.680890361924438, 0.681411189935957, 0.683517752406727, 
0.67946759422007, 0.681833577609813, 0.687591670848917, 0.680464660317051, 
0.686453460609334, 0.682404030876966, 0.673572665658243, 0.68813096949074, 
0.685209069067722, 0.675388449119076, 0.682289045591769, 0.681606802825229, 
0.683659348089792, 0.67884546293653, 0.678046999668411, 0.682701515303882, 
0.678398412172556, 0.69491060470997, 0.682345707896851, 0.682782580376114, 
0.679227272448219, 0.68645362726755, 0.68426985802095, 0.684813803567085, 
0.681669453497416, 0.686775633715565, 0.684199946966882, 0.689509286353109, 
0.677697051856367, 0.684892940867801, 0.688833579182993, 0.683433950246429, 
0.68224353461711, 0.685759206757534, 0.684525611414887, 0.686022554575845, 
0.685027936726271, 0.677906977053767, 0.672695069024788, 0.686309986084338, 
0.677235316371381, 0.682559315092799, 0.689521430007131, 0.685418783710858, 
0.675703482692093, 0.684505384821851, 0.687610651084773, 0.688234111969833, 
0.681312474497008, 0.685542762888927, 0.681656087308134, 0.675168897572844, 
0.689919993130558, 0.676507435662448, 0.688690428408925, 0.681587003254212, 
0.678663180443216, 0.682520850429518, 0.684653847177975, 0.685896442558111, 
0.690411830484419, 0.682251874260487, 0.691953143741109, 0.682124506050002, 
0.687382013200613, 0.691979388364504, 0.683362261851304, 0.673439615150113, 
0.685165919722394, 0.694206380353534, 0.682289330260009, 0.680958274995907, 
0.690941610259987, 0.67945498990456, 0.686958041709367, 0.685146118089793, 
0.687715187089381, 0.683049124605364, 0.68800098450137, 0.688536392613981, 
0.675538986732001, 0.688824019316971, 0.67863619574117, 0.682605023209999, 
0.686507015052126, 0.685935938511967, 0.691530718102827, 0.690118388952476, 
0.680594776635303, 0.682161483379895, 0.68646230618401, 0.683085654581046, 
0.683205556612328, 0.685388271418925, 0.684985886012079, 0.686541053825839, 
0.682302517994291, 0.682914877210657, 0.686460278654696, 0.680677912898729, 
0.677615682550711, 0.684682885124008, 0.684877922783539, 0.67703886148946, 
0.681668655524306, 0.686542101183962, 0.686953644736586, 0.683976704045811, 
0.685900419047184, 0.689955020842634, 0.681365164267994, 0.693640891533288, 
0.680237352567783, 0.686570276942577, 0.685769146009893, 0.681135310608563, 
0.686697604613239, 0.68217781343121, 0.692919098487925, 0.685595025906722, 
0.689955188094421, 0.677235571071341, 0.684091995733535, 0.683913657781636, 
0.687252195775908, 0.686539586939955, 0.684123938284117, 0.684843295102025, 
0.681857300316903, 0.687653832719651, 0.67964352763902, 0.682152330514181, 
0.681619149033491, 0.680855560130693, 0.678165569779268, 0.68792763091416, 
0.683940472348997, 0.68657499791909, 0.679991035558867, 0.684762183430835, 
0.68330311833948, 0.684326706738842, 0.679574182330004, 0.687732658322046, 
0.688761384718827, 0.680394284503543, 0.677348121784085, 0.674606814161441, 
0.692394060056141, 0.683364105318857, 0.682895525163156, 0.68287532473077, 
0.678168175414343, 0.68484956480847, 0.690318472501417, 0.686652847263685, 
0.681727107362021, 0.681437517638719, 0.685272537237612, 0.677987504320321, 
0.689757612573431, 0.685260645174721, 0.682647802462897, 0.678046095490288, 
0.686055816332241, 0.679220388910302, 0.676351861174192, 0.678981115019057, 
0.6880418879546, 0.686378994242585, 0.675484761611215, 0.681833500766312, 
0.68439068628605, 0.675604310946641, 0.679719544950468, 0.68366471703789, 
0.674417260520625, 0.687906564372242, 0.683734861021239, 0.677988588863144, 
0.685691654203158, 0.681764694095041, 0.688527926862279, 0.68853227001685, 
0.673124146108332, 0.685758210627434), cat = structure(c(0.690634320605397, 
0.68339534026221, 0.0043229924684162, 1.67452994565114, 0.0358
), .Names = c("obs", "mu", "sd", "SES", "p.val"))), .Names = c("sim", 
"cat"))
