structure(list(sim = c(0.633619873966259, 0.639435636634736, 
0.654152034552141, 0.645742362173389, 0.648713057504745, 0.639999455325567, 
0.647967505895915, 0.631065566671155, 0.637592534130059, 0.638558319794751, 
0.643337014159906, 0.625000096391411, 0.646629449642868, 0.631998984754549, 
0.659998894671113, 0.641003523401353, 0.658001881405487, 0.646824966076315, 
0.64398272565561, 0.636415193085809, 0.665379708865911, 0.621641072014311, 
0.651155534003344, 0.641579329081032, 0.626597481794204, 0.642512625005843, 
0.655439311045112, 0.631063012666051, 0.625117964028425, 0.629959946425822, 
0.644766829505824, 0.641860824737436, 0.637417951820958, 0.636906844223814, 
0.654742551638323, 0.651247053390172, 0.640963334860532, 0.653118204227957, 
0.652168076503326, 0.639991728550022, 0.638478007419687, 0.629394667607622, 
0.639415049794413, 0.629286606439041, 0.642284536747801, 0.641358177326316, 
0.645936518116418, 0.628259010047759, 0.632513155455637, 0.630692283171016, 
0.650420892261983, 0.640084886325581, 0.632689984887298, 0.658862779822553, 
0.639506050438667, 0.633806249640694, 0.62901532649855, 0.637034723071904, 
0.646438485018143, 0.652027723448438, 0.632153125252395, 0.648834548331458, 
0.657312872848417, 0.63706572560857, 0.639370555748205, 0.634913522320911, 
0.647113903685828, 0.646133075769887, 0.643450733050724, 0.638414260662367, 
0.640780341921055, 0.633946005277646, 0.648621459121811, 0.635685850417208, 
0.641919518407514, 0.630237881378441, 0.632399932620925, 0.638206764223006, 
0.654244291571908, 0.631020653311825, 0.642507860332439, 0.626225965391623, 
0.62985258262289, 0.650439411279291, 0.652417616975582, 0.643998345947068, 
0.652973496824832, 0.631639280994031, 0.643813691183082, 0.640582505034827, 
0.646283610888669, 0.638359186511571, 0.648386002707317, 0.653061857076922, 
0.636248631593235, 0.619265417535224, 0.649490171470336, 0.647501122574989, 
0.657329720248881, 0.63734597728327, 0.646442036028212, 0.64438961153517, 
0.649012977912089, 0.645173395786916, 0.634486681172489, 0.643746232632724, 
0.641941954439903, 0.641974958957712, 0.63586186336089, 0.652769206675285, 
0.645304967592881, 0.649967733413811, 0.650999765247816, 0.641168016593254, 
0.649432567378974, 0.630090057636921, 0.646567691909263, 0.619424219555855, 
0.64767085831247, 0.656170958590243, 0.62360093718684, 0.653703860809932, 
0.615792135896222, 0.636880161993465, 0.645702373094127, 0.630494411440797, 
0.643856927235744, 0.647495050469672, 0.643566934835333, 0.636852892936457, 
0.645060722514108, 0.637616028971148, 0.639101297113605, 0.640804805629944, 
0.642574470617559, 0.644419865057553, 0.647839828917212, 0.641454001153505, 
0.634054918607192, 0.633914834692638, 0.652224269264453, 0.63364277568865, 
0.642358780101828, 0.634380128244737, 0.654187155799055, 0.632129295101533, 
0.663755238592415, 0.649801910682877, 0.63455380859187, 0.652883700919667, 
0.652698429728004, 0.655313967509776, 0.64899570470419, 0.638830838375334, 
0.632605938220954, 0.633417174072439, 0.621988534983955, 0.641090662696336, 
0.635626765281013, 0.640068188721863, 0.636990858401874, 0.645579624084179, 
0.644479593394682, 0.629623211314674, 0.652613860436125, 0.617881944536639, 
0.655499902656536, 0.639782400789574, 0.644667295225054, 0.639070529728136, 
0.635637446530949, 0.645270650282834, 0.64625919161004, 0.620348659428851, 
0.651956280467196, 0.624214771436208, 0.617626753176057, 0.642603150142898, 
0.636357161409398, 0.651356905988031, 0.641013944946351, 0.636593692440646, 
0.643570421844657, 0.63779777690828, 0.649423220918987, 0.637131387653772, 
0.634849945314109, 0.654114451481368, 0.647787447470102, 0.634094284476844, 
0.643268930020001, 0.629128606579028, 0.625123129938521, 0.659541362106346, 
0.634523062944548, 0.641657941636939, 0.639929504358309, 0.62882065528844, 
0.637656707521675, 0.637489032488154, 0.645358600538433, 0.630192208401774, 
0.635402752180985, 0.63243074704879, 0.640263137754458, 0.635498126056729, 
0.63371965855826, 0.639251284621798, 0.646054569740848, 0.64148338815306, 
0.644784425345059, 0.612402317784626, 0.632797943880043, 0.640529299607082, 
0.617172274788344, 0.647904471574813, 0.642598858286691, 0.633332170344534, 
0.64289118524482, 0.64261488678572, 0.640742884748364, 0.649199876768068, 
0.646834102803544, 0.64259325458213, 0.626164489361638, 0.653424156069634, 
0.646101415771561, 0.64246029750796, 0.612068385827358, 0.627202754826743, 
0.647063324439166, 0.651489101113709, 0.647697103522969, 0.64537954085405, 
0.62647376755837, 0.656270788411857, 0.648614371443279, 0.639832880850656, 
0.631734027588719, 0.641487720124199, 0.642419873622598, 0.646517686466593, 
0.640135497628211, 0.649121063614004, 0.641514209949842, 0.641308582114492, 
0.632632003495145, 0.63371119014328, 0.639396328056509, 0.646512224888675, 
0.652031601066573, 0.659482982781905, 0.651919142297777, 0.631946453264479, 
0.632834625959161, 0.634379407262222, 0.634365071548669, 0.626276268794872, 
0.624218599861042, 0.639463297120624, 0.643472786568551, 0.64645478699519, 
0.642447500536814, 0.616735605660237, 0.638953951415985, 0.632675722996937, 
0.630729168534578, 0.66104347875883, 0.639221025737484, 0.628757764967011, 
0.636245160483786, 0.635066129934663, 0.640958041602714, 0.623523728089257, 
0.643210041710569, 0.639565145834368, 0.64244448921769, 0.631162467052816, 
0.636372051652698, 0.646516252614003, 0.654101443643757, 0.628591940629216, 
0.627164232816942, 0.637915983763591, 0.658198459650889, 0.648223739391648, 
0.647724111134757, 0.645620256436755, 0.645750665052541, 0.634460690882379, 
0.642456724713989, 0.641305807055182, 0.628343839913885, 0.642250736698209, 
0.649783457235368, 0.636698222817159, 0.650297577560271, 0.650364441500252, 
0.642476897324145, 0.649141159332659, 0.640238749795095, 0.640486249822066, 
0.639241432332571, 0.633604697158733, 0.63330213101604, 0.640232647927688, 
0.646474516726095, 0.632167358356328, 0.644113048859228, 0.650885190728418, 
0.644683355762199, 0.629013928681547, 0.649255547855657, 0.641280377366172, 
0.643422252556217, 0.635617096018369, 0.643389796724347, 0.6446630040283, 
0.65714484801778, 0.63318345287859, 0.64333417448367, 0.635931971697067, 
0.623545102000191, 0.65446319140398, 0.642253147867563, 0.639342356540653, 
0.641431167259288, 0.629981634856525, 0.646948616660187, 0.652743226405072, 
0.637626106802864, 0.622910397885232, 0.623139398453208, 0.65824336012886, 
0.629370678203805, 0.651453666589185, 0.648125335011185, 0.642507899921632, 
0.638334917937622, 0.633634445343429, 0.63594874474705, 0.644390205891325, 
0.635780398205769, 0.65627374473311, 0.64924696707619, 0.661961850596608, 
0.628232741306166, 0.654866044192242, 0.664863240398325, 0.658640261225726, 
0.646908441686762, 0.650447577359953, 0.633938320546421, 0.638742982553878, 
0.656153188001903, 0.640854138380503, 0.648742491762517, 0.639650893863777, 
0.623343176877323, 0.62526785735079, 0.633499514113204, 0.646931593342799, 
0.653579106391306, 0.634972187402607, 0.632631224622672, 0.633109086241939, 
0.633898121890058, 0.639838605862992, 0.644165604920516, 0.643100692451019, 
0.64629752157695, 0.652586887285966, 0.632305010052116, 0.641970260674211, 
0.638324664910617, 0.632292388473466, 0.641217129778667, 0.646119779808413, 
0.654625868607609, 0.631698342799104, 0.630370190462133, 0.642427423762712, 
0.640178135922374, 0.648656240215678, 0.64401228940078, 0.64446149669127, 
0.651158732355245, 0.642131456906756, 0.649426672395172, 0.65388721119814, 
0.647026516313031, 0.648557519568646, 0.656518344478297, 0.633822507698812, 
0.627677218273013, 0.646891037067741, 0.646022262872465, 0.637946195143126, 
0.649040448521304, 0.636884204935067, 0.640503404856405, 0.642398153958682, 
0.644614856435108, 0.638364551315137, 0.644159172252591, 0.647032218910257, 
0.657157000387743, 0.641442503349568, 0.656150980780461, 0.636513688925642, 
0.651445569660795, 0.634557224702618, 0.629095850907821, 0.642334283813229, 
0.639895804290879, 0.619311516160591, 0.643088370158166, 0.650031890922677, 
0.641161652545023, 0.637720513186015, 0.658993347563333, 0.660277231149954, 
0.631862944228832, 0.61602559130308, 0.637053213508685, 0.640298225681416, 
0.634816465966856, 0.643282361472672, 0.653360217667709, 0.633982915395378, 
0.658720592976866, 0.629628188546321, 0.646295993599818, 0.643275808225434, 
0.633606453459024, 0.624549716949012, 0.644715621746196, 0.644823112079764, 
0.631428639302056, 0.637440783527472, 0.655611012087238, 0.644484280013255, 
0.648649891022696, 0.634827918526469, 0.640884759254876, 0.641900661144799, 
0.657239662813522, 0.640716025028581, 0.642476404161846, 0.655076719693925, 
0.655849709017938, 0.6421208752458, 0.63951346903938, 0.648747658018923, 
0.630681032293097, 0.647333020989305, 0.630376228411306, 0.649251120358733, 
0.647322743053181, 0.659709059453951, 0.636095195665291, 0.648568641202997, 
0.617831279179276, 0.643303931809854, 0.641969008929613, 0.631165412538246, 
0.627945621017833, 0.646591734828485, 0.642122530526702, 0.651119531296737, 
0.648705386712075, 0.633912073807495, 0.649164206524919, 0.650529502177206, 
0.650651619605458, 0.632719000883083, 0.635868671351945, 0.620635907112466, 
0.647108036670916, 0.644060080586469, 0.648307269679068, 0.63281570079534, 
0.64029727467043, 0.628853456316298, 0.634840672275245, 0.635308769336637, 
0.64714057402991, 0.650928705835985, 0.629617111709645, 0.633674201188353, 
0.638252390835536, 0.642014644564191, 0.654032096599069, 0.645006269208779, 
0.641778767857813, 0.651199457075464, 0.638801917206857, 0.646561114344893, 
0.656200999832627, 0.65116555242922, 0.642203787247001, 0.638273232072516, 
0.643534029823695, 0.633996036508646, 0.64470069051737, 0.655787397767251, 
0.641136917383048, 0.657663907821305, 0.645847197800967, 0.640917095696577, 
0.630662294027903, 0.636474744783974, 0.623981893096093, 0.642152419232585, 
0.632979531121171, 0.640808443625292, 0.64904659862851, 0.652314769392049, 
0.638637350944012, 0.647716505937552, 0.654366043506845, 0.644766864179587, 
0.654963081097261, 0.639891745780693, 0.626425524752747, 0.643979210224546, 
0.646838084090476, 0.63516198181639, 0.624657534735142, 0.636057411799965, 
0.628316312742689, 0.628164649471995, 0.646498180095103, 0.629936611621515, 
0.63617136204466, 0.619057740469443, 0.641776670393627, 0.626987760106474, 
0.646194680522115, 0.641826750034013, 0.624515667380241, 0.654154948887905, 
0.639367154429251, 0.643436654181646, 0.64153354807453, 0.643976647975518, 
0.627836345904904, 0.655601160596904, 0.653213709577504, 0.634220057012221, 
0.650091924399563, 0.636161920608608, 0.637478825716771, 0.628497942970497, 
0.64438138006892, 0.654489090303052, 0.643792297131577, 0.641706140938705, 
0.632769851379029, 0.652143529989914, 0.62107010406349, 0.639426697068331, 
0.621848307895226, 0.645898065717521, 0.650196130076213, 0.624393314089575, 
0.654066406348593, 0.638333369609589, 0.645530784370901, 0.615135530503226, 
0.638467632402754, 0.63270536984043, 0.657289386218339, 0.631821324241843, 
0.651762295042676, 0.619483093836525, 0.627933136815727, 0.641902438652431, 
0.663318820688537, 0.639747320169846, 0.630068833379749, 0.631716309944836, 
0.640674590790971, 0.633737161157782, 0.640285750334913, 0.627164274414191, 
0.645908268359988, 0.62898597070128, 0.651007797812035, 0.630971477315744, 
0.645941275768717, 0.653747632488151, 0.610350102345996, 0.64736342516784, 
0.657233050196044, 0.636023053978239, 0.651696181452466, 0.645953490033278, 
0.631516652096612, 0.644464208856523, 0.635525104363237, 0.634106004473963, 
0.654730157971536, 0.632836152369572, 0.655283302771789, 0.626504336593851, 
0.649394624315115, 0.637494969497717, 0.649644119511248, 0.637850620948398, 
0.655657938262498, 0.636737338635774, 0.643480952981187, 0.649867599221683, 
0.631113327804212, 0.61739920769322, 0.63661176095413, 0.660354147354353, 
0.657408555058347, 0.637407715529701, 0.636144452277788, 0.651326917164613, 
0.642199997707674, 0.642056324994632, 0.645647952760524, 0.639363353587728, 
0.64081508310644, 0.6325930517554, 0.628354707988225, 0.646269286411523, 
0.653888314153037, 0.643295029739437, 0.650524793800691, 0.65886048206772, 
0.636276188696516, 0.644366591537849, 0.638681779128095, 0.655951381556488, 
0.643656039176132, 0.653313937581682, 0.66292924994355, 0.650686369958785, 
0.655064996749805, 0.646858237891636, 0.640922973406771, 0.647558863700631, 
0.647226954768447, 0.643555626845502, 0.640791971390653, 0.63711596902433, 
0.627133969652327, 0.641875810576916, 0.640187249109925, 0.663971038339119, 
0.645153378086018, 0.649582693294015, 0.650795281847131, 0.625832674065533, 
0.637911195403177, 0.646072288879197, 0.627687780886707, 0.651328196417687, 
0.651528574685369, 0.634636100430499, 0.635732312227493, 0.641135234046266, 
0.648261919578836, 0.645429782994571, 0.642719262318219, 0.630236607310481, 
0.635241150055579, 0.637816587382768, 0.629996494682241, 0.647527656529936, 
0.627585891382342, 0.640061105662752, 0.651990838943169, 0.629089870459014, 
0.662245896765867, 0.645735859505431, 0.641674442577758, 0.634388539557786, 
0.643046024253576, 0.639626086082389, 0.650186934964779, 0.649758760043186, 
0.645695075863525, 0.628276751730414, 0.627318044292988, 0.648917439510026, 
0.659601732230071, 0.621810707033376, 0.645135780450931, 0.655073977624148, 
0.640965683555899, 0.644693379140931, 0.640475853213564, 0.654212941287188, 
0.622483876400157, 0.66261639697924, 0.63798444654216, 0.649672532822985, 
0.638374102591479, 0.642272915999209, 0.639105475972798, 0.646652100374041, 
0.641573073861864, 0.641988453268771, 0.658742345980211, 0.643364597950016, 
0.636229645824808, 0.632174871814486, 0.642977041214163, 0.625721246111096, 
0.636774872449253, 0.652509518095439, 0.629760994218893, 0.642280651190238, 
0.636714663499405, 0.63099189398465, 0.643034899788944, 0.646376297951594, 
0.642565629234938, 0.650155160934481, 0.642467428830673, 0.636568897881523, 
0.623004258440781, 0.634514322063947, 0.641694996685295, 0.640239942804866, 
0.632055144578024, 0.64647477045242, 0.631456383488233, 0.653672429062582, 
0.646986385986141, 0.642375376697478, 0.636544171315004, 0.648484727167567, 
0.665342443402557, 0.655443702328548, 0.640498796298901, 0.635804245045763, 
0.621453424422387, 0.650495111475753, 0.649661301247394, 0.63624261216674, 
0.652620963392735, 0.655410415858902, 0.662048018165166, 0.631194161267927, 
0.639585926783763, 0.639450013441521, 0.643375006771501, 0.635260334105182, 
0.637195026022794, 0.642993681050979, 0.631611712653938, 0.64350710138905, 
0.636011896445798, 0.650004401046163, 0.661850031658531, 0.63852501244946, 
0.644973448276015, 0.64007344476523, 0.644164080013054, 0.657912263670062, 
0.64575355019334, 0.623666820876468, 0.657263491042965, 0.639441997806861, 
0.632682857732371, 0.627594400937917, 0.638584432024953, 0.643372814107966, 
0.64300325020046, 0.65127343544951, 0.629205794778514, 0.636290754325195, 
0.631319394223504, 0.640084477099675, 0.660119709537691, 0.635726780230113, 
0.640009349950688, 0.636001119758276, 0.653550136335267, 0.650299784858343, 
0.650862096719899, 0.639680201136119, 0.637606511948379, 0.65164147216927, 
0.632880995653683, 0.635437426147098, 0.646817643648552, 0.650126185102944, 
0.659529601558027, 0.666679655093944, 0.65095281770147, 0.649846305736281, 
0.643020265528929, 0.627963963147939, 0.642269376651525, 0.61097163436368, 
0.645904246619881, 0.646539271287482, 0.643480246155867, 0.628895859509667, 
0.626935166134167, 0.627205415948079, 0.636983203157231, 0.623302764752325, 
0.649790120452449, 0.632051871851107, 0.651341409750966, 0.633145451397775, 
0.63981209234408, 0.659893956892023, 0.645908382081725, 0.654713594860665, 
0.645212444650669, 0.652594504129169, 0.648797669161299, 0.632128014726412, 
0.637023777046673, 0.639355052158971, 0.651302454951177, 0.648159753044877, 
0.642503375339795, 0.668630032698884, 0.640954784417614, 0.648278389744888, 
0.642604483025491, 0.654596020284778, 0.639994393753295, 0.644192335180579, 
0.642007238131672, 0.655519994796936, 0.631583336694833, 0.63575566871581, 
0.639083844218807, 0.650828057757701, 0.647443243729884, 0.660680247309712, 
0.663477716447878, 0.651974977645789, 0.65083745824875, 0.657876043885635, 
0.648610327361978, 0.640010502488633, 0.637052594676323, 0.654252925902015, 
0.655140009017017, 0.620223098586427, 0.642081030625059, 0.658712194466876, 
0.650087802225928, 0.622362365549782, 0.651218538724596, 0.638822811947829, 
0.633169703936489, 0.643539910526864, 0.63863828050895, 0.655839651173198, 
0.650294232306202, 0.645600244524707, 0.635643374845535, 0.646092703653411, 
0.644904404099043, 0.634687302453199, 0.62663833757639, 0.638204394903912, 
0.659086769485438, 0.639565124651873, 0.639923188926603, 0.639771517487314, 
0.641395090168701, 0.648201468075104, 0.62664198117016, 0.635336743407543, 
0.634919363990637, 0.640491271283803, 0.618589358398221, 0.631856839551731, 
0.642918097027716, 0.654242835028685, 0.641397632602551, 0.639215692061568, 
0.641128545877301, 0.639675624311245, 0.648830350484187, 0.627300645712718, 
0.630859641504461, 0.647618687433833, 0.647238205585638, 0.654065934254567, 
0.628133144132017, 0.644921971800222, 0.634964305632602, 0.648849235322774, 
0.634198535140269, 0.652452137469184, 0.643177613622915, 0.647759199867805, 
0.639457445376503, 0.638968257064503, 0.63905049021362, 0.631890422750625, 
0.650001226511798, 0.642702393514719, 0.634678240582866, 0.641970839708028, 
0.642856558594545, 0.657351427025033, 0.642411324229886, 0.640867768638245, 
0.639348275245147, 0.653469635674046, 0.644985563707025, 0.637889745467042, 
0.624796186144779, 0.630395582850603, 0.642696063779769, 0.630613320765319, 
0.646900874069717, 0.655703728021731, 0.631695222066608, 0.643230667854968, 
0.639807175703101, 0.626466540986795, 0.628331296767298, 0.6537659244491, 
0.646990520806837, 0.62775442419693, 0.655706516303834, 0.632868824574998, 
0.637108577620352, 0.660675339522507, 0.637977279060078, 0.646193000747202, 
0.631594978217301, 0.63708398944009, 0.634725225391134, 0.6524330336111, 
0.653875312270529, 0.637664371879744, 0.645627317395762, 0.635842074522255, 
0.651947186356144, 0.620932319067606, 0.648551726629979, 0.649290122284698, 
0.647080218336004, 0.627453161090321, 0.649460568553793, 0.646710150369427, 
0.643150193010063, 0.620766104559341, 0.631610993362502, 0.650494921386235, 
0.640932438992908, 0.641599610575829, 0.626682786015465, 0.635024543676136, 
0.637630965665922, 0.624709138812793, 0.642791466396632, 0.643298569055034, 
0.636812538737135, 0.632591257726983, 0.62273585111212, 0.637767573189228, 
0.645715895510086, 0.628818161143936, 0.628249837852613, 0.628927211764021, 
0.632560827703513, 0.625409362798971, 0.638802939717375, 0.649984828297289, 
0.633336591905731, 0.63773437194152, 0.637780694750717, 0.638953745404351, 
0.640413094448889, 0.652678427268419, 0.654086941803189, 0.642322097369586, 
0.643991121626997, 0.652918250337293, 0.644786448069114, 0.625425370822199, 
0.647807457715491, 0.641350229247431, 0.65102495039922, 0.627192546001317, 
0.654105612962277, 0.624233467782574, 0.643770665816236, 0.638391351621901, 
0.666468755717756, 0.642485869594238, 0.634779295235736, 0.652752411134875, 
0.62447471204495, 0.644013813426915, 0.640022953218654, 0.659146306130355, 
0.642255019359968, 0.638110433759485, 0.641377063732796, 0.64478311227765, 
0.647899915499883, 0.626388720343629, 0.651863844861228, 0.640536314984229, 
0.642947536913068, 0.64086167350565, 0.65249703138133, 0.65035004395506, 
0.631980758031464, 0.637353381983366, 0.659677706909049, 0.651959019326311, 
0.641704176688257, 0.628215888103752, 0.637330549191571, 0.642412488167934, 
0.62051006376091, 0.629747671841547, 0.62552229480677, 0.649128647346144, 
0.649061655430759, 0.649646317979265, 0.626617525498766, 0.639595028599187, 
0.645240390709355, 0.644360894799944, 0.655133112376721, 0.624207712121074, 
0.639789435102701, 0.64278091427619, 0.632425985034623, 0.631029390026132, 
0.632518573626988, 0.645027935244971, 0.65724223509554, 0.627355477693825, 
0.647531717001133, 0.638308318564473, 0.629968991050389, 0.651152488482301, 
0.642679907841348, 0.652309597567272, 0.631422749764471, 0.634191631472703, 
0.657167226662756, 0.631951947366232, 0.642040049075488, 0.635876755380238, 
0.653864316536574, 0.640618518031135, 0.643371095304589, 0.647241859580982, 
0.639925003159465, 0.635527174151558, 0.623461787949947, 0.642492424635792, 
0.623967139907959, 0.64103796512221, 0.654057623933164, 0.641929501570543, 
0.630625356453748, 0.657614991865532, 0.661980345400277, 0.647065724834852, 
0.629428954194949, 0.625944531908146, 0.6443768459104, 0.640510269150319, 
0.622309082858344, 0.645375741749989, 0.650585448949842, 0.613736485525539, 
0.650591623050458, 0.634740210351032, 0.634104752812317, 0.645747655338237, 
0.643693322653647, 0.636600967201829, 0.65506239154976, 0.634235562248014, 
0.64372846295781, 0.642275492463498, 0.652080314451782, 0.643235787558572, 
0.639489051239628, 0.628265364616654, 0.631517316720466, 0.644899981604642, 
0.631207916712729, 0.657087271466213, 0.649874176673048, 0.64940535488081, 
0.639954169419895, 0.643831677529606, 0.627537743259716, 0.6436556256139, 
0.642079816227346, 0.631220943663738, 0.644814814212099, 0.645940506729254, 
0.635930578489066, 0.63552812621617, 0.634032898851885, 0.653731425676034, 
0.646473310527768, 0.643940467771253, 0.653485581627939, 0.647905355036162, 
0.655185259130828, 0.635597884147847, 0.643774260717449, 0.65368575253191, 
0.644182927593964, 0.657373609491879, 0.627003162925495, 0.622808789185888, 
0.63991393220293, 0.623309357129877, 0.637327278072661, 0.654755693819671, 
0.657899278740484, 0.640075077671326, 0.634394703443204, 0.644659100838476, 
0.639250722153086, 0.632975323795, 0.630608302116192, 0.631932316018408, 
0.624781209529709, 0.623492454969897, 0.639248893923003, 0.645758838714086, 
0.643462389806172, 0.646196348233062, 0.619817286821981, 0.649035642861542, 
0.64275401824626, 0.655048351030844, 0.645306846045312, 0.644444029879988, 
0.639244371486144, 0.656330826402552, 0.647631412324138, 0.635399414079002, 
0.644634336092113, 0.646708094730639, 0.635315513490036, 0.618972752771809, 
0.652433144960402, 0.643871295531187, 0.638095473124884, 0.650522936224595, 
0.633745231896423, 0.649765423480785, 0.648423222998151, 0.621853392607583, 
0.627314412581304, 0.635481237948665, 0.617719212638429, 0.640318559867993, 
0.636162888070646, 0.624116310481626, 0.639979195377082, 0.635552252571748, 
0.637245972666835, 0.651032286863693, 0.645849886479267, 0.644175728534911, 
0.636374785237031, 0.6566389044576, 0.65597158958069, 0.645180127882314, 
0.630933950678607, 0.639507220778196, 0.633454903706362, 0.633982695867466, 
0.649247648660316, 0.629586693547317, 0.640117958555311, 0.655142402831063, 
0.64493133994908, 0.646669987774353, 0.654710985964585, 0.650386023900012, 
0.632995204007991, 0.658110243736507, 0.643185279921394, 0.644458839894603, 
0.654229355414365, 0.654452108188411, 0.650035320003215, 0.646913009545054, 
0.647742187105295, 0.633362909196725, 0.639606648357445, 0.645053918076903, 
0.639168312723756, 0.648893017642157, 0.646015955575176, 0.650419055574471, 
0.644698149026567, 0.647064555825632, 0.620528068618077, 0.641539928620344, 
0.638589825128745, 0.642879641946648, 0.631779599126658, 0.64620147892643, 
0.63682833041231, 0.635604829185867, 0.642942670030437, 0.629969916608529, 
0.644916040407766, 0.629527997933237, 0.655768773650932, 0.65132325108871, 
0.643087785190714, 0.6408898306204, 0.647269256927746, 0.643088578518029, 
0.661621151358873, 0.651851124820791, 0.64758581042139, 0.644657554512283, 
0.65410470971341, 0.651181021359257, 0.649986081717099, 0.655979165556827, 
0.635620099848409, 0.670538478301053, 0.643980068315364, 0.629306797782877, 
0.631634100016744, 0.646029908294664, 0.648283767724204, 0.646370334258625, 
0.635338094346261, 0.648742757982732, 0.666641783626613, 0.643464183156461, 
0.648778793470176, 0.653201775084006, 0.636161255775866, 0.650130322447266, 
0.655604814695697, 0.632240336298336, 0.620220474168009, 0.643598084810859, 
0.644471159244016, 0.646048134918259, 0.65230973843696, 0.657568553392251, 
0.648710180968329, 0.651629400236929, 0.638554497222663, 0.641240880019526, 
0.615399423662177, 0.642162411129874, 0.66109172603965, 0.626589878454366, 
0.639528661092956, 0.641850181621292, 0.652279745687723, 0.636031949018811, 
0.657067752523675, 0.624114503985951, 0.623126936179635, 0.635312558668487, 
0.632371761909389, 0.651696993812317, 0.637656476710892, 0.634205648676853, 
0.637310733292929, 0.634216266232529, 0.626676260690516, 0.642430378559086, 
0.62503412945073, 0.65455500132362, 0.644417192921965, 0.641209910865198, 
0.63380621299709, 0.652028190662723, 0.64196666688927, 0.625377191870154, 
0.664012863426987, 0.628534079516281, 0.645112777195775, 0.63519258550799, 
0.630637518976004, 0.659004933754792, 0.652827909902521, 0.654172015656231, 
0.635400362984917, 0.635194183652453, 0.647093600917455, 0.64918288892092, 
0.643761083984157, 0.651866696741503, 0.647333584657117, 0.662405315606965, 
0.628208459711789, 0.640568771597015, 0.647559673791514, 0.63720232792866, 
0.640473584265475, 0.642327165732279, 0.638065690160556, 0.643226842563291, 
0.646894379989157, 0.628842659856766, 0.63332166661691, 0.637386121246244, 
0.65297174002745, 0.643662321977897, 0.631924427390355, 0.632534218774012, 
0.640825332360785, 0.632826147600075, 0.650167158540055, 0.655436097152053, 
0.620099300919552, 0.654252606581343, 0.637554228343896, 0.648719744988457, 
0.651576380292151, 0.643281404854714, 0.636300755354518, 0.655435187089876, 
0.645280396631576, 0.653735873768996, 0.629441944482617, 0.625292858046359, 
0.634109487477196, 0.620425962485491, 0.647295194305836, 0.653828079982999, 
0.637659926864273, 0.632668160792406, 0.644397497212605, 0.641417581593312, 
0.635681317813168, 0.591770522784357, 0.653075782046257, 0.649784704076154, 
0.63183705935288, 0.643734217965086, 0.635517677460327, 0.633424963473294, 
0.647053956789259, 0.65189274549681, 0.641085040573988, 0.655364909192597, 
0.654490170279937, 0.653232667663978, 0.642226403224311, 0.629082316320456, 
0.635647124080002, 0.652638461719469, 0.656495035192019, 0.64571560709971, 
0.634778189977358, 0.638529205226607, 0.630055548852948, 0.639577062307676, 
0.646685878722497, 0.636995913126397, 0.65803897135514, 0.66575358131918, 
0.62819399396189, 0.643433928796538, 0.659352816181702, 0.623738392027601, 
0.639436299378912, 0.657178637623231, 0.633617729545553, 0.646760950837318, 
0.652114550906331, 0.641066116055791, 0.6421085958167, 0.643878904830187, 
0.658602381667384, 0.640111305596373, 0.659020514952666, 0.653940225975702, 
0.650170861110933, 0.649164114357778, 0.648705375420085, 0.63633030445094, 
0.633367197433512, 0.636394615090902, 0.647561104385062, 0.643784515635888, 
0.635332027900639, 0.632665433913797, 0.64982687387481, 0.636647532118018, 
0.623750870623178, 0.641882393754069, 0.637192174441848, 0.628546245709512, 
0.641024147711642, 0.627374024308859, 0.639093731052361, 0.643640803595853, 
0.648925559186834, 0.626696432703892, 0.648259395001161, 0.644179666549893, 
0.655404138868366, 0.652735073635892, 0.645030307811339, 0.633921919291562, 
0.631623169029745, 0.648848825136271, 0.64088008556207, 0.643160886825389, 
0.642935439352234, 0.642628307253176, 0.637128901328202, 0.647157250174062, 
0.649712455987254, 0.635746606321012, 0.659294584695862, 0.646079021151531, 
0.629531413582809, 0.64793450701829, 0.631231340537116, 0.64889567971577, 
0.62714357973013, 0.654334107837243, 0.647073005790689, 0.643120078302528, 
0.641358411795127, 0.634247034835695, 0.639963317378706, 0.641809268918134, 
0.642482499685901, 0.650025120264197, 0.637505499416442, 0.628557830936869, 
0.640651094733208, 0.646094553440136, 0.642284815469328, 0.634076378586783, 
0.623075792796064, 0.630634327425527, 0.645947757589762, 0.649696695482028, 
0.618764687830411, 0.654019051992618, 0.643358927561652, 0.655115586548974, 
0.636733047222471, 0.652548043701868, 0.64315398819338, 0.644335738806646, 
0.639827645421687, 0.633045068506061, 0.64747040854467, 0.636735585851112, 
0.650560042114612, 0.657101337244445, 0.654999013409093, 0.640383289799251, 
0.648964089822026, 0.649449205350892, 0.648375745859566, 0.631492499101256, 
0.634394743929984, 0.653283270142405, 0.647095165276274, 0.631145768915768, 
0.650813701086503, 0.653775278426942, 0.633718472558407, 0.650664492521616, 
0.630512575646355, 0.639982430756124, 0.656890138006743, 0.624872077261628, 
0.645802083717589, 0.620814245678361, 0.644046637417492, 0.644898402448488, 
0.650233319571222, 0.6446072625985, 0.647827807789703, 0.628547754137015, 
0.632577660036303, 0.640125446439712, 0.652726970438429, 0.642316816277788, 
0.653754632647722, 0.645612947564891, 0.62879668704901, 0.661048972735021, 
0.639059502376456, 0.652898138467099, 0.652123550335129, 0.637698889562814, 
0.642850052765077, 0.632304002293068, 0.642768192600917, 0.653927306302803, 
0.65949870217908, 0.626244083309823, 0.638452119659441, 0.625431402810122, 
0.613097916372732, 0.644152533011572, 0.659029627254324, 0.649661637204862, 
0.640524561980831, 0.639661242730763, 0.632628478790316, 0.652224337680004, 
0.63421255673029, 0.644755687065148, 0.635598337190679, 0.648497410807922, 
0.632879719638588, 0.642816097103503, 0.646353716778873, 0.642867857974058, 
0.649252822309176, 0.64132100014079, 0.641753936566836, 0.626428611218417, 
0.632174998424407, 0.646085772501696, 0.647769423435632, 0.662730995083894, 
0.650479837895651, 0.646026539535113, 0.635008319903623, 0.658661300506305, 
0.634107056769641, 0.646403769290101, 0.645419034678953, 0.638415417615146, 
0.652484640288571, 0.643246478427432, 0.648786311063879, 0.645837598679801, 
0.626874184420645, 0.620917368378465, 0.629937361115651, 0.62780757789649, 
0.64551555684852, 0.640039688308521, 0.643774703346809, 0.643162867570589, 
0.633027741874954, 0.640817749476289, 0.650502447905922, 0.654694440347499, 
0.62192643826959, 0.644266632336444, 0.652262938889889, 0.641931021579412, 
0.6379372975234, 0.650675546128126, 0.651605841137281, 0.642872511014598, 
0.648961488101163, 0.640032913437394, 0.635370719946914, 0.638527452615125, 
0.640730749081277, 0.654225536114174, 0.640331186834267, 0.651143068209822, 
0.641331121856835, 0.640638163080469, 0.637379139535266, 0.634302136806363, 
0.655368505844754, 0.647845655645876, 0.639411968447443, 0.644829840196853, 
0.646109516847188, 0.656688142486174, 0.646696448347466, 0.636488936875573, 
0.635075713796132, 0.634874167496443, 0.628016949494929, 0.653903453135132, 
0.623459015247366, 0.635125285501233, 0.642221248521868, 0.644913401028419, 
0.648658308165892, 0.651258807403658, 0.649680391253509, 0.643923536779798, 
0.645473687971389, 0.650901917808395, 0.649173782657184, 0.641769438956107, 
0.636008264749084, 0.65151134867106, 0.645613176423001, 0.608867603382312, 
0.651395671981683, 0.643837575837858, 0.642364633958274, 0.651577748221581, 
0.614041791790762, 0.629317554781487, 0.638705564292095, 0.640206870303577, 
0.657651433300457, 0.635159993070455, 0.642698950966595, 0.639602196174892, 
0.63255457179175, 0.64484202509272, 0.638852397272137, 0.640193149894079, 
0.656012242327712, 0.643679651800283, 0.653417406988963, 0.637085187157654, 
0.645304261288072, 0.631693036322169, 0.639102783033307, 0.637619846886452, 
0.636136148269975, 0.645384002630327, 0.626738252002615, 0.63444051833389, 
0.653476641764231, 0.649988615447155, 0.631092576800304, 0.649027844517998, 
0.643844305471553, 0.623194532246657, 0.635125241332232, 0.638303335321714, 
0.646197134817237, 0.644181060855814, 0.647569562100574, 0.631315731106585, 
0.642816598143308, 0.648450369537897, 0.648424181084608, 0.647343781783685, 
0.637710714138073, 0.636645068727119, 0.642741894984446, 0.63883923136407, 
0.639927851218692, 0.651085676814553, 0.617604622978159, 0.645857707700008, 
0.640406836865849, 0.629131199588397, 0.65133794468538, 0.647396099138926, 
0.646812012318436, 0.61317581097778, 0.629314279101946, 0.647940243039374, 
0.626945044829489, 0.641721350048874, 0.650552737694049, 0.633454597549363, 
0.651475694366478, 0.638242939580919, 0.641944790084749, 0.635354674787538, 
0.650579863708703, 0.633435132840537, 0.636945320208869, 0.660124655604915, 
0.644816035327186, 0.623377824952946, 0.652316411359349, 0.634554349261288, 
0.631244767789945, 0.644659526960227, 0.631974343905227, 0.652567689511158, 
0.647115080707805, 0.648210105056494, 0.645590013234716, 0.650214903166942, 
0.645647604251209, 0.652630047930508, 0.652178162081214, 0.631576651195551, 
0.644085769679623, 0.641750274360229, 0.637864649186132, 0.645918820535758, 
0.642657646588619, 0.644364292545884, 0.639921999532206, 0.645680791830581, 
0.641342297512972, 0.646482829886673, 0.6452102611928, 0.628710677115498, 
0.631693546513104, 0.604177812251657, 0.650286678504709, 0.638996525218121, 
0.649188122208122, 0.637355892029047, 0.655186841431567, 0.661730112440033, 
0.634622112300785, 0.633306217524366, 0.64035451689164, 0.647715256830003, 
0.649869030612069, 0.635193274702915, 0.639425556783718, 0.63548467950735, 
0.632905913972, 0.646421631298738, 0.647767287060603, 0.662731460042127, 
0.6488876831068, 0.63921559236069, 0.646663831359844, 0.640688435839898, 
0.641519084771145, 0.626480201755207, 0.658917621577146, 0.644363978415506, 
0.637996414927906, 0.657996229592455, 0.645154066733366, 0.64799434134823, 
0.644634906270928, 0.63813007782946, 0.651961546862213, 0.630006458366609, 
0.632680596424789, 0.644364652481582, 0.652683731465979, 0.646332875071799, 
0.653960113572626, 0.634802045179908, 0.63869806397291, 0.632239503489501, 
0.637255506362702, 0.654306064488912, 0.63220416953442, 0.639657180080087, 
0.644628041695821, 0.652681440204644, 0.624308460334643, 0.616917413616332, 
0.630502639754207, 0.618990085576077, 0.63170488714572, 0.638599518398686, 
0.639177887633166, 0.642713160756685, 0.638417277383335, 0.643615063593393, 
0.649082116052151, 0.652421274934086, 0.655495030997328, 0.654698225936639, 
0.64843456705126, 0.651271290525466, 0.655761985153076, 0.631305220091564, 
0.613184970367659, 0.646390698348281, 0.644870656170763, 0.644330897497978, 
0.628332711915969, 0.623504025191687, 0.643360566628019, 0.641335424022861, 
0.628258868759262, 0.622751586773401, 0.628670753089074, 0.62603662397553, 
0.650808241646132, 0.631084091179023, 0.624373774742895, 0.634928738079472, 
0.654637183316408, 0.639919364249594, 0.635152302072466, 0.614649522210258, 
0.633436426441262, 0.642741037344983, 0.647558853344701, 0.649860658042574, 
0.642289671231122, 0.637319207012045, 0.642633953193567, 0.649399435550546, 
0.641316374745661, 0.630805330416331, 0.662076096039131, 0.645519279660955, 
0.649467099618878, 0.637317410523277, 0.642910618566992, 0.64612870420411, 
0.647225480084046, 0.623338262706213, 0.652144658365022, 0.636500724149336, 
0.633051080992956, 0.635591268762067, 0.64495549548866, 0.651607396646359, 
0.634984942585823, 0.649019842043642, 0.641990453742567, 0.638272367479085, 
0.63749534081656, 0.643819465185598, 0.658032262540443, 0.624855686115763, 
0.630391975155102, 0.632128177340743, 0.654580314716924, 0.651403870834736, 
0.639973795485629, 0.638175788735849, 0.624477853029347, 0.64765109701983, 
0.637135161630995, 0.640796868180746, 0.644510014798795, 0.643933200798979, 
0.625912445488036, 0.649967373072981, 0.639810992616687, 0.6533687464141, 
0.647109414943153, 0.619372546573352, 0.633384401162768, 0.64083288608743, 
0.65261544404289, 0.628308442706335, 0.63021585956794, 0.647945304928683, 
0.6587630692064, 0.641217171988263, 0.634456382257715, 0.632606723393226, 
0.651840953961862, 0.652993867822076, 0.631659876209415, 0.639038287431697, 
0.638520903251967, 0.642804110203578, 0.640256361518465, 0.645161945914919, 
0.632622180259261, 0.646969430106539, 0.630224415206789, 0.652921514128967, 
0.646225544148949, 0.622372455076503, 0.646454495266862, 0.634076624250774, 
0.622529440683367, 0.637957573521872, 0.640735578518766, 0.620316977770267, 
0.652574903619842, 0.649435098331178, 0.648227187280817, 0.663690589137601, 
0.638521456523861, 0.649046062973395, 0.658476733586201, 0.633829178717141, 
0.647627177785756, 0.64066429372077, 0.622652289507843, 0.645834336160754, 
0.654834835731334, 0.639955655577741, 0.654798056774531, 0.634722028482036, 
0.627302997970729, 0.649155552277253, 0.638341825007956, 0.628613851946886, 
0.613553261188443, 0.639481410433497, 0.632393554287258, 0.635020308699433, 
0.627494614209509, 0.656056248962054, 0.634180001224601, 0.622948676598415, 
0.633027526374728, 0.636682724085239, 0.631699119044381, 0.643262011671601, 
0.647766594020649, 0.645199512633851, 0.650856955239555, 0.634443998378306, 
0.64489828874674, 0.645686471392063, 0.640210806192326, 0.654631570891135, 
0.648072406947527, 0.624228290148378, 0.636706027807246, 0.641945827534295, 
0.628170568126259, 0.633522575088923, 0.640253562403354, 0.643024067800893, 
0.655747242144677, 0.650189052484172, 0.630764420413548, 0.652494024679145, 
0.658364714042909, 0.624491053344118, 0.63162903358475, 0.661438173298974, 
0.651528557802269, 0.654830562328008, 0.634417085211152, 0.621160945303908, 
0.633196311043779, 0.64726923181727, 0.634934770370911, 0.645080895784149, 
0.660315043622221, 0.65162067646093, 0.657104913987125, 0.634921648910428, 
0.634195333952669, 0.640441403762271, 0.645987333546973, 0.636370638994255, 
0.636241635334877, 0.64687450306363, 0.610856724994307, 0.64919983980636, 
0.635739730257675, 0.625421213122545, 0.647213813970507, 0.618739362236653, 
0.649607004697885, 0.651735542575576, 0.631193570429711, 0.645808994436067, 
0.662202102341071, 0.643080542444961, 0.646354517850136, 0.641581570025011, 
0.648798140041674, 0.647105551631764, 0.634382262969547, 0.611508312527611, 
0.653473357502693, 0.646479397359686, 0.644292646318269, 0.647415979826081, 
0.647158733467529, 0.643907415288549, 0.638375058681141, 0.63721771660204, 
0.651329670767195, 0.648260924885341, 0.635150624303152, 0.651671778451929, 
0.632352044951438, 0.650265373294535, 0.627974862194297, 0.638796659529833, 
0.630877186549331, 0.639199946408935, 0.626032605522653, 0.63364394575364, 
0.646907216377948, 0.642920263540109, 0.639257824522945, 0.648258324048929, 
0.647747794092954, 0.649813425907331, 0.627801650367552, 0.64514873364889, 
0.641613838507162, 0.641589278202324, 0.622481445351066, 0.6423074812499, 
0.647236873480087, 0.635214813737673, 0.629427418179968, 0.634431615554706, 
0.633430254368176, 0.635555036866847, 0.648750531512503, 0.646589775701399, 
0.633402193486579, 0.645496353240606, 0.628985920700431, 0.653534879661109, 
0.64404390993558, 0.636011167500999, 0.648082041079806, 0.646941197838325, 
0.651505245672527, 0.639292696203847, 0.650984165417466, 0.663380604023174, 
0.647767550785797, 0.64009268177057, 0.64372344494778, 0.644167955794878, 
0.640232380441658, 0.635898235439687, 0.649105183314448, 0.638828107014102, 
0.640553847250947, 0.643973755196976, 0.643114114732792, 0.660861178589717, 
0.636876356265998, 0.618306060158696, 0.640759265764505, 0.635907447782519, 
0.638142308469664, 0.627213627940994, 0.646697619475786, 0.638966336104832, 
0.628831565264743, 0.635708715139027, 0.643879448252298, 0.650808565512933, 
0.638297690725219, 0.635604074616963, 0.649788567760465, 0.636380843038915, 
0.640907136957054, 0.630754210459266, 0.649625280634512, 0.632743256942071, 
0.647754120385327, 0.639009154949755, 0.646646634247292, 0.626910483840594, 
0.638252586952587, 0.629757399801764, 0.613475251876034, 0.647119988065945, 
0.645423766350888, 0.62331898598121, 0.633001446151704, 0.65095369638851, 
0.632616205117508, 0.630963421522148, 0.648841284986539, 0.631150177358179, 
0.648654198484147, 0.633979695422767, 0.630463379694467, 0.643574175304005, 
0.619290674843846, 0.621912759898643, 0.641983837303093, 0.657099370467586, 
0.64428491892446, 0.645392664664421, 0.656135172089883, 0.646009663391691, 
0.648301087509556, 0.628417330484889, 0.65190629533856, 0.638437098262166, 
0.61761989143602, 0.654339652363234, 0.633167145263257, 0.633441919023169, 
0.640655231667076, 0.643252938163124, 0.641279058715185, 0.624143433610911, 
0.622008314280201, 0.642655824312886, 0.626239352143447, 0.641171046441766, 
0.648803752912164, 0.646706599272244, 0.631807198579898, 0.646873060561441, 
0.635680401052357, 0.638775362840126, 0.636073014735382, 0.641610433317682, 
0.635758089334745, 0.634256502302455, 0.648503419266117, 0.656188808111667, 
0.644780609196499, 0.656572131022035, 0.633060784927366, 0.647157346430487, 
0.63184505270963, 0.65834235386641, 0.655136830694171, 0.634003592541095, 
0.641388642740609, 0.623006727865434, 0.646960623047634, 0.633151590061235, 
0.654216581585531, 0.660969010561951, 0.624128439883096, 0.644778458486778, 
0.647668860465174, 0.641978906837377, 0.647098528726239, 0.652828301006171, 
0.634481192010039, 0.627122272620297, 0.631169028051858, 0.622406358464743, 
0.652219534619582, 0.645742285970413, 0.655022597364419, 0.660540447315247, 
0.651414335554776, 0.660105869628321, 0.646372899132146, 0.631671117106371, 
0.629113905548285, 0.648733460584354, 0.641358790419466, 0.65035846959411, 
0.631534239281511, 0.654561087939263, 0.644968172273499, 0.64617344066855, 
0.644406827493467, 0.639785573454715, 0.625254492709804, 0.634697355839774, 
0.646352903604193, 0.632085591456353, 0.627276087195042, 0.641809459751324, 
0.646824067944001, 0.655253123748661, 0.645480510946127, 0.639404485704893, 
0.645633814224042, 0.629328400082207, 0.643371349451134, 0.634245906704536, 
0.6295932639112, 0.64721645798436, 0.633064427407207, 0.651619459440587, 
0.656029717966315, 0.640738801643244, 0.648129233779083, 0.647223117112928, 
0.646719023459053, 0.631217114388772, 0.643526435121212, 0.6568982673121, 
0.644284435532906, 0.643748723837161, 0.649541887670609, 0.650339148932022, 
0.640053515723818, 0.645187714465818, 0.631351916828306, 0.637950421972637, 
0.6468711489934, 0.64031870602149, 0.640977187693978, 0.649706691853503, 
0.626971612117003, 0.641692570543996, 0.619722152801416, 0.650145743069646, 
0.647806863434627, 0.629557040954633, 0.630701741186368, 0.643239630593914, 
0.637320516664795, 0.640356851202964, 0.648281191279177, 0.650316234853554, 
0.652557430598125, 0.636253170154457, 0.656200865256604, 0.642531656332956, 
0.63355957596051, 0.645867205018625, 0.642004246900753, 0.654223874344958, 
0.647064204511275, 0.655496139633148, 0.638509990881305, 0.647428269497811, 
0.636216578168961, 0.661408511248491, 0.631044893125884, 0.632797151612635, 
0.650084205874373, 0.639258002535657, 0.64629921443597, 0.650157869126262, 
0.658478286700978, 0.638149912279469, 0.639353419607562, 0.646622671262619, 
0.637541150758961, 0.634588354706241, 0.62848036509408, 0.637011054931133, 
0.637693237686233, 0.624209138564565, 0.64811889097689, 0.636879659261164, 
0.638059746126246, 0.648222301001259, 0.652229760320027, 0.633254205521884, 
0.631257741936143, 0.642677647014162, 0.636118084779377, 0.638463780797085, 
0.645322410401089, 0.622579691348231, 0.64365557805003, 0.647672493588732, 
0.656140380167506, 0.630826174763935, 0.647924912102151, 0.65549915113979, 
0.649385009241044, 0.645507010261308, 0.636093972529916, 0.639140632530653, 
0.631573032801253, 0.638613358733057, 0.635533287830483, 0.626824799214075, 
0.647023662825906, 0.638554997541613, 0.637108240772823, 0.655445942822307, 
0.619317962457768, 0.629291541189265, 0.648012756097612, 0.649137401865435, 
0.640717438027854, 0.650771483795579, 0.633177704565697, 0.64585086768109, 
0.626952311872822, 0.65106160800898, 0.651494287627818, 0.646949650843088, 
0.63616252755961, 0.647599803682241, 0.631888090011679, 0.632566563685721, 
0.645271929396516, 0.641601280317365, 0.649513024575426, 0.629307770852409, 
0.647001460236425, 0.647244823080371, 0.6406329692652, 0.653451006918046, 
0.647414667978432, 0.632090266028168, 0.63186443771297, 0.656510501111406, 
0.638424037614506, 0.64757067089544, 0.637882691723095, 0.659882181410962, 
0.64970632631177, 0.62711907909016, 0.637904784735887, 0.65377579785214, 
0.643600228797653, 0.62962720345859, 0.647791540974956, 0.627002193424281, 
0.636285835803976, 0.645887672919121, 0.636897846294579, 0.647713112272353, 
0.652114625063738, 0.639004837065586, 0.658751616546718, 0.642051695833096, 
0.633857095367902, 0.641530323587345, 0.646823433935285, 0.647801413182297, 
0.644853513516556, 0.643213254475784, 0.638029215404909, 0.648816729913884, 
0.647178472229904, 0.647180400266661, 0.631145200089964, 0.631803749751264, 
0.634597523806647, 0.636764843172533, 0.658340851128119, 0.645196266754582, 
0.626121495605851, 0.658034057331507, 0.639297701726817, 0.648286245068267, 
0.64085560357164, 0.643013499559428, 0.646817653601588, 0.651012492038122, 
0.642891144466122, 0.630373199187994, 0.644913950361809, 0.644806730965649, 
0.634954402662333, 0.645627764417036, 0.638662339139656, 0.636719288929597, 
0.634283309592135, 0.655009373209612, 0.644499469329221, 0.63158211548776, 
0.642240177174975, 0.637257497029918, 0.653661988849205, 0.652499552625793, 
0.648497862475829, 0.6347798294003, 0.630485380955811, 0.633235141870829, 
0.642329327150349, 0.63552509140371, 0.64410225197811, 0.646803255943444, 
0.628040261141942, 0.637368502537612, 0.638139883140521, 0.64344795906138, 
0.633274563514467, 0.642942696258286, 0.633853402417571, 0.638102577398238, 
0.637708710224313, 0.652239844894811, 0.647292259572808, 0.641109883188006, 
0.662284702514054, 0.630521384901821, 0.636064689426872, 0.639254112481874, 
0.629196946158204, 0.653607067993657, 0.631037947237379, 0.654334402117322, 
0.6280225338003, 0.642650336879105, 0.629386191387808, 0.651630529792245, 
0.617513479869041, 0.630220157010894, 0.65238101509592, 0.64634873455963, 
0.655395237968595, 0.648706728512189, 0.640688848121591, 0.646771065690915, 
0.62432751988031, 0.636975353543519, 0.644546896777723, 0.634251436106286, 
0.644520780510129, 0.630058620553424, 0.632689727708849, 0.628455448996022, 
0.641082968577452, 0.621598247416639, 0.638176817389492, 0.637524220369756, 
0.643707099803319, 0.644548361544046, 0.64001772826911, 0.64321408550054, 
0.640505452557784, 0.645992974249492, 0.622787749824622, 0.626919813496007, 
0.627920145850956, 0.647832620190703, 0.65034510192072, 0.660476811651667, 
0.653435364695123, 0.649040751130055, 0.6415284797791, 0.645273898965113, 
0.636233436117013, 0.621692334923936, 0.629004122985431, 0.646422038085619, 
0.663271121301928, 0.631701554558564, 0.641820370569958, 0.628179476164927, 
0.641721528584091, 0.632428785274369, 0.642618696103965, 0.654706881637386, 
0.630819402838113, 0.647343784148243, 0.648665649946349, 0.645789066585189, 
0.62210247133851, 0.623200568992689, 0.654640231980827, 0.649991342784895, 
0.646140649041072, 0.648414142018092, 0.646331304570394, 0.636283544216875, 
0.642241292135597, 0.625365930325269, 0.632359139367847, 0.634480678147186, 
0.638532446886861, 0.640193351629997, 0.635592477779659, 0.637102886086497, 
0.653547158667103, 0.648882731012818, 0.647967674137618, 0.63131858537713, 
0.622524435156644, 0.640224008100312, 0.662455718151681, 0.646981991511275, 
0.627407238198942, 0.641922346963614, 0.653982947506938, 0.627276861096157, 
0.6479416425929, 0.640197310994812, 0.649777228054368, 0.64150285625594, 
0.63881137305154, 0.628945670165133, 0.640153036931752, 0.63872582541879, 
0.654976492593954, 0.637197478167199, 0.638501316050155, 0.639366655451366, 
0.635806684833664, 0.648138248089707, 0.652368854530063, 0.65194392844964, 
0.63937181515887, 0.646203653442359, 0.637226651218841, 0.642535768957001, 
0.640054193223051, 0.623516506040244, 0.642711652036392, 0.644163790133091, 
0.643799978384109, 0.655938801165434, 0.654442151290355, 0.630008070570917, 
0.642543146390507, 0.651215245105514, 0.646455698635146, 0.646834408182306, 
0.642339885903921, 0.63835074623094, 0.650997043878292, 0.629007903495844, 
0.645193048072444, 0.646893051147235, 0.642887581917526, 0.647516167286477, 
0.639569993720523, 0.635352361628036, 0.646265151700321, 0.650395696190729, 
0.640946594434258, 0.633792510515481, 0.639634816441136, 0.629353570602899, 
0.652985058906463, 0.651992917444488, 0.637932561103866, 0.642295995211117, 
0.626322933266036, 0.633817319395562, 0.648330180369271, 0.659555652731297, 
0.652097310345366, 0.635541087241011, 0.646353916805133, 0.637987380410653, 
0.649901139737474, 0.629205186697068, 0.662766350702295, 0.639120098270786, 
0.644699940982915, 0.640126416194596, 0.649590630064165, 0.634595448938356, 
0.640855352543366, 0.640794245636557, 0.651081167351282, 0.650679813961765, 
0.66135133049306, 0.645917056235647, 0.611834298186063, 0.639929710183335, 
0.635980634082715, 0.640711782895904, 0.62518827930998, 0.642374088742405, 
0.643683613036886, 0.643220406271381, 0.635442705820625, 0.641656628145308, 
0.656028220682708, 0.643422291253863, 0.648315932032648, 0.630702821907841, 
0.64055139707651, 0.635530261816312, 0.648154614563994, 0.66713619996489, 
0.659089972663713, 0.63620215626626, 0.639932830430302, 0.63660802950818, 
0.651482134819078, 0.644311311392951, 0.634297158501186, 0.651181050962395, 
0.646647569196396, 0.648044330449599, 0.625329486463586, 0.639349896983189, 
0.631613823117273, 0.639533118459551, 0.655136998854093, 0.651245773621342, 
0.626095322239265, 0.645742423038418, 0.633716370896043, 0.648107995699103, 
0.631801772766713, 0.641368344368491, 0.649535857140985, 0.64224223085015, 
0.648644759899525, 0.616914412371874, 0.639113162978692, 0.647289302380941, 
0.634996488705174, 0.634327040477802, 0.639142248413011, 0.624089710823518, 
0.646981362705214, 0.638093041325171, 0.633692083130259, 0.631123160398893, 
0.640268875687395, 0.642106655730078, 0.655079518916545, 0.653393856160106, 
0.645478092780123, 0.636598584189691, 0.64092989574515, 0.6447158564392, 
0.647108991144548, 0.642598238597641, 0.635551508514673, 0.638937111348943, 
0.642730531102366, 0.645334084645977, 0.64355719015033, 0.648824393755532, 
0.64369910562079, 0.643390053731542, 0.65601465780722, 0.637187226363077, 
0.633270879788081, 0.658445219603521, 0.628494742378604, 0.65660337790242, 
0.668351277997411, 0.637091199527302, 0.643002515342667, 0.64232991696081, 
0.643530102602186, 0.648270438063139, 0.640192569240024, 0.652019661072409, 
0.64013581232397, 0.645187208887777, 0.660027276721006, 0.659601370694871, 
0.627459160866369, 0.643897460224086, 0.651000152030583, 0.644354443512461, 
0.640167090377133, 0.634530399587748, 0.650887528628134, 0.660861301762898, 
0.658803826217226, 0.634893531578879, 0.646449326816728, 0.635452358050768, 
0.646820475448897, 0.638509371578222, 0.642847382805366, 0.617220434344196, 
0.639033040063066, 0.652035889411804, 0.660089090174354, 0.640876021707846, 
0.645089289449188, 0.646420167506908, 0.632721998571707, 0.641171624314632, 
0.642045793198722, 0.630763548530475, 0.655159862293073, 0.644346788419095, 
0.640151732713922, 0.646336588040506, 0.645777105289133, 0.64511223990626, 
0.652807019606773, 0.628811839859174, 0.642165655408858, 0.638502280251048, 
0.611495907616897, 0.64532463925483, 0.619414764151229, 0.6296743779336, 
0.648298038558598, 0.631753560529289, 0.643061436595445, 0.647388566692363, 
0.651633937620524, 0.646780387369557, 0.645045150835923, 0.644571098340333, 
0.643008161981127, 0.629394175610576, 0.653172974303991, 0.638789458891573, 
0.65914317399324, 0.640250188149739, 0.640281554696017, 0.639381990611021, 
0.64799514935802, 0.639988689355388, 0.643821568185828, 0.644040164428838, 
0.636566080183734, 0.647334398513515, 0.638841220966074, 0.639075538020836, 
0.625550734266681, 0.642022552805712, 0.662566649930571, 0.650999476346679, 
0.638114804521069, 0.642956988083223, 0.642544673339976, 0.625746354202278, 
0.653655224078947, 0.637211802898889, 0.629653814548221, 0.632098550395117, 
0.648546505795781, 0.65072450489543, 0.648547981399692, 0.634374111217225, 
0.63623771552973, 0.646231005638812, 0.62509780768547, 0.636127180450366, 
0.634330747452207, 0.641389036147761, 0.654738113252727, 0.651135438181068, 
0.647356139158274, 0.630505112526452, 0.628939525617667, 0.638459936112935, 
0.652633112670989, 0.646634214837269, 0.646631179058502, 0.643304156084006, 
0.648892735662872, 0.625465691111472, 0.656215001214988, 0.652270065952569, 
0.634004848585144, 0.650519745992484, 0.630698436565916, 0.640590624558708, 
0.64359011562179, 0.64788240344581, 0.630161041319291, 0.654321233013034, 
0.64381330208668, 0.646715674646885, 0.646179021398706, 0.650794371314366, 
0.635772639867543, 0.654570840058605, 0.622962963152416, 0.641600868256426, 
0.640535020909884, 0.632146280883307, 0.639192266169142, 0.649640191720437, 
0.636508605579912, 0.659467700227642, 0.633875106665648, 0.64475226515241, 
0.650402138052925, 0.635723105030129, 0.6220031018677, 0.627285470957261, 
0.634847992759734, 0.647399600086614, 0.640961101739284, 0.623911894914181, 
0.649100069010826, 0.639819987107713, 0.645641433976689, 0.651585338321256, 
0.644698962879791, 0.631880852816888, 0.642457725580458, 0.659541959509806, 
0.640552122106551, 0.633940643062117, 0.634131999126907, 0.640569977814589, 
0.631233424031872, 0.648505463672453, 0.643755024777281, 0.648788640367347, 
0.644038718571055, 0.66320555334194, 0.641590274521492, 0.650492376254912, 
0.634110768594252, 0.655191874715866, 0.650289023397578, 0.639958131021509, 
0.637089818283199, 0.640713543608252, 0.652279575413078, 0.647125513487535, 
0.638739160515934, 0.646735231343687, 0.649875079449334, 0.63779906221458, 
0.619474172354805, 0.628101655459979, 0.651999578287421, 0.651564548397706, 
0.634551589620428, 0.627410583325808, 0.634403862465489, 0.651711476775564, 
0.642978792391058, 0.636632502721696, 0.647906387039387, 0.644140712238043, 
0.644285857016777, 0.621126354082442, 0.647468084558533, 0.63635689545112, 
0.638517447082051, 0.628962240183225, 0.631839850879601, 0.656327878730956, 
0.651578262976959, 0.65227394433191, 0.641510352311291, 0.652974160383183, 
0.633340388331917, 0.65334695067725, 0.638208341387262, 0.66287266636881, 
0.633061548358529, 0.642339656337908, 0.64196092045246, 0.633764129321683, 
0.65554274466612, 0.634398856255164, 0.63527820005197, 0.633836598911354, 
0.631548377906342, 0.639185338226928, 0.641120546342626, 0.647507460969856, 
0.656031613925609, 0.649393159068604, 0.636308964224192, 0.63649550210269, 
0.628137782163185, 0.635320556765889, 0.645011438126841, 0.649714330552019, 
0.653844654160584, 0.642628941472261, 0.650688058433413, 0.613495532269879, 
0.627289304541034, 0.629614611677731, 0.633896753007977, 0.633054861741868, 
0.65358014436353, 0.640827327207124, 0.624459761339212, 0.647260341289346, 
0.649039437386347, 0.64498860713666, 0.647939388929362, 0.631207441908537, 
0.654540147525014, 0.651342851249197, 0.63094858909014, 0.641960218465589, 
0.636175544287842, 0.636664000088975, 0.642012578212902, 0.63097530606941, 
0.651190005384562, 0.615105733092658, 0.643993812960303, 0.642947305705527, 
0.642895270219531, 0.644250193027972, 0.64130085353289, 0.627189495634951, 
0.634594180062645, 0.656147250213788, 0.646550415430735, 0.636046364873303, 
0.628233852063025, 0.644991201905683, 0.640636910739438, 0.630599056822568, 
0.622793162635694, 0.650992126039132, 0.640767974842779, 0.614681753685911, 
0.619976149437878, 0.634148421410213, 0.628955759111093, 0.641321553022531, 
0.631530533646447, 0.634615816491353, 0.636909199006754, 0.649001115163222, 
0.637077174672732, 0.644311417914375, 0.639071608645464, 0.643533312934824, 
0.659687456623749, 0.625350231098056, 0.636350210361773, 0.644676784130362, 
0.660677623181236, 0.634560179784256, 0.650436223046757, 0.629329529765456, 
0.648440476363866, 0.65996441825588, 0.64698460995898, 0.620325392374344, 
0.638279960722699, 0.653559067993962, 0.628083868369679, 0.628132681245742, 
0.644158481462432, 0.632781072929706, 0.640142333106978, 0.650903724475723, 
0.631922208194903, 0.637887232913749, 0.657241848610866, 0.638527810797968, 
0.653531015707112, 0.636863772127517, 0.628436204651668, 0.651254993562834, 
0.648340494692774, 0.634595646514937, 0.65876157171959, 0.634242562362361, 
0.629471307687293, 0.637427936952798, 0.645462246753887, 0.628839289406884, 
0.64281154693524, 0.618869597605204, 0.642986454793607, 0.648780564428535, 
0.642075065151916, 0.644857800410138, 0.639212125331855, 0.631482205066606, 
0.62994589316422, 0.627943156173089, 0.637963717578418, 0.631083895031018, 
0.646439931005787, 0.64315575015018, 0.642670208419247, 0.628171469195576, 
0.650169526726687, 0.646944227194285, 0.648624511478852, 0.628918618554901, 
0.619731114499467, 0.648606759758764, 0.627810207808131, 0.622665048242609, 
0.635430325085038, 0.635949852317953, 0.633386786547899, 0.635131008949837, 
0.652984858086453, 0.635028897554536, 0.637730295310764, 0.63424529435884, 
0.640904760598164, 0.64071047289267, 0.647123316783892, 0.643829977029119, 
0.631998678406879, 0.638123408485667, 0.638087253383078, 0.633590208863961, 
0.652330345501874, 0.632007336551552, 0.618271412602299, 0.641366163196802, 
0.660813378658906, 0.631774778367054, 0.651211634275022, 0.649138154388173, 
0.655008169990919, 0.640763903698467, 0.633330650193477, 0.644070611139953, 
0.640997287470481, 0.644930459826169, 0.649215059916241, 0.645163402321067, 
0.648659896242136, 0.648093695055817, 0.64567214454853, 0.649408505147565, 
0.643279228572631, 0.633094083212321, 0.64071578509675, 0.647422442448207, 
0.627577501513459, 0.637996380418573, 0.647907790263593, 0.635767520361056, 
0.648970733731034, 0.667660253272777, 0.631175003843187, 0.647366816414823, 
0.646427678964021, 0.654124900028334, 0.660207598371786, 0.628250755770685, 
0.637983716839768, 0.645583547617277, 0.65305511777558, 0.628198829446312, 
0.635705390627575, 0.639115204542928, 0.64202763492964, 0.643818398110946, 
0.62513555080013, 0.61626284577273, 0.632843859940986, 0.622754821787983, 
0.628140684349563, 0.649578392598075, 0.637246108333957, 0.631613298723521, 
0.644847933885027, 0.650285919575246, 0.635967077683484, 0.654539968395166, 
0.64229021031851, 0.642198326650797, 0.659238267035557, 0.641951365874198, 
0.653853297857736, 0.642426003094474, 0.64668309988211, 0.632391092308867, 
0.645370791813086, 0.631650126670494, 0.630430325025757, 0.636619091020249, 
0.642891834494236, 0.642294983526391, 0.646623339487133, 0.640820016508892, 
0.632574424504666, 0.647678514682482, 0.638362942730443, 0.642895064734038, 
0.611711067973884, 0.656552686401954, 0.639285162201119, 0.63313392726941, 
0.639604248829771, 0.649788936872639, 0.612696191914291, 0.621237363837448, 
0.643640171732727, 0.638680108055236, 0.661017717785103, 0.642063860576196, 
0.6309699777239, 0.62885068012557, 0.640260245250623, 0.635752296821123, 
0.634683237980885, 0.646074084948342, 0.648145006511589, 0.644983987453425, 
0.633646193983137, 0.64650329943128, 0.64777688653347, 0.640083634566189, 
0.643055260366242, 0.641416463489612, 0.639254923381529, 0.649222079427561, 
0.643659836741874, 0.6469842699086, 0.648142404655198, 0.635180358966984, 
0.651410542757019, 0.637990361348297, 0.635608839085279, 0.641667119641669, 
0.631291019996192, 0.622728267237263, 0.632519586727795, 0.647533900570122, 
0.647452916779219, 0.647780355581625, 0.656254285597576, 0.646395098954003, 
0.61455340132545, 0.647330581196572, 0.65544619254091, 0.620242117042816, 
0.650001310716927, 0.645429554773539, 0.6445522435863, 0.655573426377445, 
0.655817941630836, 0.635901273559389, 0.644632911350086, 0.646414028916081, 
0.648109223565363, 0.641935773213744, 0.641775829844882, 0.656221961653009, 
0.650484957735583, 0.64532547611665, 0.628637002326419, 0.634486351411786, 
0.642128438826084, 0.650816053814442, 0.651598827323878, 0.647667799493145, 
0.650667479607816, 0.633999636409714, 0.643312824176469, 0.644481859242573, 
0.623573688602531, 0.653223911152105, 0.630146725359728, 0.627275042790463, 
0.6230470779286, 0.63890905719092, 0.652523950268692, 0.654876617866705, 
0.638958388825958, 0.637601743876811, 0.646763822050629, 0.644411204344065, 
0.628462559584518, 0.641465648265432, 0.643236298168144, 0.652796747367632, 
0.636215776864814, 0.643134361984391, 0.630899711652636, 0.662322387761429, 
0.64298321546377, 0.648284636150473, 0.643418953183012, 0.634480808499712, 
0.644298507373121, 0.650970848420619, 0.645892903603417, 0.651014106502146, 
0.639915430501693, 0.636242267158562, 0.629991699154069, 0.655403387045264, 
0.641583938556262, 0.63392434335203, 0.663918224433782, 0.646546267078503, 
0.623624335624171, 0.641191930916752, 0.646884180658675, 0.646658362362373, 
0.648668220034349, 0.634308546983013, 0.647313591957118, 0.626759600121757, 
0.64935083523226, 0.647623278701151, 0.636984669473466, 0.643829140374206, 
0.634330390046883, 0.655894378790842, 0.615135155226938, 0.650569423359395, 
0.645536257292837, 0.626632818124342, 0.656471592018517, 0.65051421786574, 
0.646304676302627, 0.646062815870641, 0.631727605281848, 0.643801150644852, 
0.642059762006231, 0.635717926995105, 0.637196545469707, 0.641704967569771, 
0.648755933062384, 0.636330692151557, 0.645433302284959, 0.654507075091811, 
0.655903420857043, 0.6419240108723, 0.648141458451959, 0.644289734667626, 
0.648878091260692, 0.645023281660998, 0.643611252362141, 0.633024408147912, 
0.650237699587058, 0.64388769124489, 0.651897624370858, 0.656740188260479, 
0.650246357051381, 0.643579492831187, 0.645568626014791, 0.658898645962904, 
0.637359701241734, 0.657077096624428, 0.62515859080434, 0.621242593980854, 
0.646236169699419, 0.638568465061055, 0.658784731419352, 0.634587679081162, 
0.631115954483572, 0.656423416022836, 0.62847486588362, 0.640203693166771, 
0.646142010461832, 0.654642782210907, 0.648459189562783, 0.644274626671886, 
0.637812665663992, 0.650949485279275, 0.648666859154594, 0.647156055359736, 
0.628375311759297, 0.657095517647312, 0.640173309916962, 0.644421665839344, 
0.641709234176431, 0.652993486565965, 0.659357477046266, 0.644664223751095, 
0.62047005941203, 0.648833805159601, 0.656339092230415, 0.654518162335613, 
0.622833564284232, 0.639657254202286, 0.657242104393375, 0.644862153280972, 
0.647992639480168, 0.646111671493966, 0.660732885621373, 0.637963210833347, 
0.636352979657826, 0.639201454534812, 0.623254851025807, 0.640330593351859, 
0.637984772089475, 0.645883799749077, 0.636323874293807, 0.650855517547938, 
0.649127420696951, 0.654181420528099, 0.63897687835426, 0.646681339607537, 
0.644469564202128, 0.628647066722446, 0.649180212486078, 0.63744411657128, 
0.652319667080407, 0.658393950309029, 0.617752346779339, 0.640369874116309, 
0.637698369874068, 0.639474565933198, 0.627458824668318, 0.634524781140059, 
0.638945118891562, 0.641620439676754, 0.64576884752266, 0.658554421938954, 
0.644401023800028, 0.658381932580202, 0.637884503161453, 0.643312378607465, 
0.624624940665635, 0.645280497150642, 0.640704656637367, 0.647716232111767, 
0.655717183274437, 0.625311020529069, 0.62709351808597, 0.647585343636788, 
0.640690127127924, 0.630857364429733, 0.627062624512686, 0.639700642433356, 
0.643453564821146, 0.642812755359271, 0.652975430896046, 0.644742958266951, 
0.631228503444912, 0.633856590901928, 0.663052982630919, 0.650474053067497, 
0.660089097891465, 0.635804837635501, 0.643818973904472, 0.629042050105944, 
0.640009655591214, 0.646418673647866, 0.657597867852102, 0.642362159086547, 
0.645202486959949, 0.624552175697604, 0.636927796428054, 0.640588336913285, 
0.656436221549207, 0.624423749745433, 0.641294170622673, 0.657982009887249, 
0.63627844615573, 0.640314780926532, 0.651821041950737, 0.647283366588771, 
0.629852424889561, 0.631194507588507, 0.642890489438566, 0.649985439128588, 
0.63565197446489, 0.639880397752287, 0.644059032610144, 0.638531124787265, 
0.62635820178822, 0.64519780563442, 0.653985110453886, 0.645446896889969, 
0.641712703146513, 0.625444262056298, 0.6433795324823, 0.650216420931345, 
0.63134701890689, 0.627908600317272, 0.635713269886581, 0.641391384351394, 
0.648369976952275, 0.630646891869321, 0.646147830907384, 0.641756419932812, 
0.652029451805074, 0.65808488705171, 0.645446256920986, 0.642495949376299, 
0.641813375962531, 0.654133719567417, 0.638879693941957, 0.643217412897507, 
0.626198922269894, 0.631414069738906, 0.653341869261586, 0.631455315903888, 
0.628958584650326, 0.660294164528148, 0.644114944557006, 0.658750614386204, 
0.637597304437798, 0.644026643346934, 0.61199440097525, 0.633765850328637, 
0.650088202894776, 0.645035814721701, 0.643750938515968, 0.646555521855351, 
0.648952694820424, 0.636418894426722, 0.656424241555364, 0.643209663907488, 
0.640907320185128, 0.633562991517472, 0.660037854557788, 0.643298872605448, 
0.645584907808124, 0.645615302008959, 0.646047989846618, 0.62895684721703, 
0.643664201809822, 0.645461636824352, 0.623867433536463, 0.647733650181054, 
0.637365150128318, 0.645682816979501, 0.634575372548747, 0.647609759568917, 
0.639124673727995, 0.652821209648629, 0.636197336976955, 0.64030013964493, 
0.648558052327108, 0.638868427112463, 0.644444570195953, 0.639577080976736, 
0.629039406928815, 0.638757048413063, 0.654036530905928, 0.654030094789538, 
0.640289895432339, 0.650683963322642, 0.644346755856699, 0.634353266407843, 
0.644857350350802, 0.649991152054472, 0.640596284643959, 0.637578909326717, 
0.640582951535845, 0.634611870908997, 0.633355193748165, 0.636251866017501, 
0.642885039485424, 0.653736416035488, 0.636959069112825, 0.64035266300512, 
0.628507505694084, 0.638006805324186, 0.628590475837123, 0.624407148164337, 
0.642336910618105, 0.625256223102426, 0.633988477259483, 0.63279123799321, 
0.652046961515316, 0.618721877112574, 0.637610297360902, 0.647798206051431, 
0.625043125390621, 0.634114048250669, 0.645554634925754, 0.648144047077941, 
0.648868956779843, 0.641558411080983, 0.642004435168114, 0.636939608896737, 
0.653302898457063, 0.645846203750183, 0.653584327341993, 0.640364280731544, 
0.653659635998854, 0.634502221903524, 0.648666968135115, 0.64477337552413, 
0.641188858235655, 0.627908788502671, 0.659563399815096, 0.622932046136482, 
0.631821713580052, 0.64483015303431, 0.638880756122173, 0.631812025471853, 
0.645272833504137, 0.651689789502283, 0.644774045347493, 0.642186172589513, 
0.636166776962599, 0.642257760714563, 0.64459953543132, 0.653376296638445, 
0.643931360225851, 0.645351401293052, 0.635547805387005, 0.62797031632269, 
0.654299249472727, 0.639430541517767, 0.631460908542106, 0.633420993301246, 
0.637542583143469, 0.638047104192504, 0.643777418023546, 0.656623521662734, 
0.646665938489355, 0.619864960234205, 0.64638118256473, 0.647289387965761, 
0.6442566992082, 0.642324299413246, 0.657046045196771, 0.640247602261703, 
0.645757943599505, 0.627418532507305, 0.628495946911839, 0.628060673445851, 
0.656704989673527, 0.624736933791176, 0.639082973818308, 0.645585377499682, 
0.629136683957387, 0.647489394136053, 0.645558936780916, 0.648774141540906, 
0.64173745522018, 0.638703568852355, 0.641736525337397, 0.65398104636583, 
0.6326201554651, 0.636932249305015, 0.634409289520024, 0.637050821014034, 
0.649715257604157, 0.643300123204172, 0.636495948816839, 0.635750154680771, 
0.655811145357834, 0.632063411783436, 0.648073318574384, 0.63398099126134, 
0.637650574795526, 0.65137233408068, 0.6436823427962, 0.637953493143093, 
0.644349129779064, 0.651562499692677, 0.655603851144244, 0.647157068111754, 
0.634998111181513, 0.630471991504188, 0.646113964010231, 0.642749838442326, 
0.643695338736584, 0.625610033208381, 0.646922775214371, 0.638055733595995, 
0.654546590458412, 0.65373825977262, 0.626608838124722, 0.64586941009167, 
0.634979003461212, 0.636636368862794, 0.646074682714193, 0.656428679351419, 
0.649642530900078, 0.651331812375753, 0.614435633148162, 0.62991106688943, 
0.644423707426672, 0.641180473105619, 0.638949024574698, 0.639844445221482, 
0.625991210942133, 0.654235341401259, 0.634442619075972, 0.629044341584278, 
0.618193570923996, 0.646888514312051, 0.630906459292433, 0.649389757138539, 
0.628880083170255, 0.650003319478432, 0.650561829114041, 0.639056680120656, 
0.649190415904067, 0.636206084885287, 0.643733432843634, 0.628261759180617, 
0.665335509110692, 0.638843983454708, 0.653369563801706, 0.652312206802517, 
0.640179716416456, 0.631097775295417, 0.63725404872527, 0.639211190691251, 
0.618980160261406, 0.645921413665248, 0.630892055192444, 0.636512833302433, 
0.641396027314286, 0.644387377617566, 0.640252026159247, 0.655333071337088, 
0.650582370792838, 0.63133516723119, 0.624858544830288, 0.623358577010177, 
0.642976629921723, 0.648925387516414, 0.636075829133278, 0.645337018391661, 
0.64266972918985, 0.637233427611469, 0.649800492872776, 0.644643563699047, 
0.644884642734857, 0.644833852906532, 0.660478067256169, 0.639488408475988, 
0.654370718357664, 0.65649399082926, 0.643709966498647, 0.640903830990038, 
0.637585738034726, 0.639042757714019, 0.655905852857729, 0.638258878786004, 
0.638103156584135, 0.628304558587626, 0.630652942199993, 0.647762796286991, 
0.62189810655194, 0.648283665442239, 0.651787610264002, 0.63638991767466, 
0.649220731276048, 0.647809586624499, 0.608381038907763, 0.657298643986275, 
0.652258831826001, 0.655261457986517, 0.630376146119789, 0.644863869122926, 
0.63292547066155, 0.630552309791359, 0.637376242766405, 0.642823183605536, 
0.63088908751713, 0.628494531848691, 0.638884658928048, 0.624048732647677, 
0.639403132328826, 0.640649052029474, 0.62811216572896, 0.641931547765673, 
0.636881845302771, 0.639286261014265, 0.65843635787207, 0.644632387338435, 
0.635740217378412, 0.641736990840365, 0.632487100680207, 0.653407881847696, 
0.642809090733483, 0.64546462787015, 0.652755062774713, 0.651159375525447, 
0.646697454467701, 0.644452966442794, 0.642746877557457, 0.642671965233872, 
0.636667196100343, 0.645749565957112, 0.663134535961179, 0.642132364735085, 
0.639397827310338, 0.6374427401143, 0.62622711854085, 0.644144976683791, 
0.644349285238543, 0.649651914460026, 0.629977136139592, 0.632046240079484, 
0.652216262629555, 0.640952575901147, 0.63333144522356, 0.637424518838388, 
0.642872758879518, 0.629493116415387, 0.645257050735615, 0.635047537513483, 
0.637355177022081, 0.632548930353439, 0.640515681744887, 0.640516429691078, 
0.653064114837877, 0.644522084245031, 0.631058497417881, 0.635766580771447, 
0.658515441335687, 0.650456987942257, 0.629387916645085, 0.634392682148038, 
0.645643679817832, 0.648290686179738, 0.63991751906258, 0.65405158087171, 
0.648629913950298, 0.641080916594019, 0.648765541690839, 0.642570199733642, 
0.656057629434506, 0.649498140542571, 0.633520550936642, 0.645887752476927, 
0.668593942384707, 0.654354329960117, 0.624832763138383, 0.629179693248325, 
0.648490269956631, 0.650469151633717, 0.633043376256225, 0.645347910687602, 
0.640731275879875, 0.655529103426379, 0.637392776830936, 0.626317467733639, 
0.635127645517558, 0.637410217608517, 0.630665802862675, 0.647523955292595, 
0.640802971607204, 0.641264100013156, 0.646691131677944, 0.64864529818793, 
0.649803250995162, 0.63713951901924, 0.64867660344494, 0.632762475806298, 
0.641252088055032, 0.652068027940077, 0.613948116627107, 0.649516835311233, 
0.644195394562563, 0.642883556909301, 0.650790548412949, 0.648993489165506, 
0.638171322810359, 0.643623465269815, 0.645165944234938, 0.65095010181063, 
0.649152029851638, 0.656164214007883, 0.655527206182702, 0.623380322822541, 
0.651642566136351, 0.656192694594308, 0.63190991117697, 0.650883046773461, 
0.636612274064301, 0.634201355162473, 0.638183136311742, 0.633570916248243, 
0.629485608619528, 0.639479410858016, 0.621288589364327, 0.655229327020892, 
0.661245751709159, 0.641221002613882, 0.632417553699029, 0.636955850633921, 
0.635679921038801, 0.65293515489622, 0.632745629658398, 0.64150310720918, 
0.634224273024285, 0.648327913412346, 0.637414245790406, 0.627959336832157, 
0.64447167948769, 0.638643453001691, 0.630413031874399, 0.648063126191902, 
0.663348152595007, 0.64496596111965, 0.638658648924167, 0.640113991181225, 
0.644284054505366, 0.645352378378066, 0.638811675934181, 0.638058497533246, 
0.646201080076626, 0.648151242215233, 0.644425779148465, 0.646405987772801, 
0.627137371467254, 0.647385802802947, 0.639720336998374, 0.646433867805503, 
0.636447502461312, 0.641439426291122, 0.631444130522823, 0.636851745770126, 
0.632192352019113, 0.65347626068964, 0.624795745390258, 0.626409226965933, 
0.645950860157293, 0.640352526071183, 0.646406306708219, 0.620238951629972, 
0.641928762892266, 0.644141337964491, 0.635932045528654, 0.639386446945645, 
0.640485946398239, 0.644697889141542, 0.627390412614875, 0.641547074350097, 
0.633128579843624, 0.637568628708117, 0.638158471224297, 0.646937355586326, 
0.637621866090933, 0.632554667186107, 0.661848957075909, 0.630631156019878, 
0.644704523313689, 0.640393472079885, 0.638201988886882, 0.634930771339916, 
0.654773684297322, 0.632070381787444, 0.641552138722486, 0.643177939689174, 
0.633166950742474, 0.636119871959838, 0.629328886055964, 0.641161115018425, 
0.624727861118718, 0.630987603068122, 0.636832589229107, 0.626752940756414, 
0.656903074714915, 0.6425287147454, 0.647188684825128, 0.647804853547326, 
0.641326525892297, 0.645995768881335, 0.63532480568538, 0.640617220912061, 
0.630943342762757, 0.640104896807216, 0.650685288050038, 0.638116728710277, 
0.638358151490049, 0.645100142331971, 0.647363277870584, 0.633080141531583, 
0.648078969535112, 0.633362532565996, 0.643049497254467, 0.640565944121693, 
0.62636360103741, 0.618387790947476, 0.65106015252455, 0.641269308247113, 
0.649804776500344, 0.647061738004444, 0.606280245281487, 0.637535353779159, 
0.64286873481018, 0.625319559545662, 0.629393300070287, 0.655653076496082, 
0.6583752128312, 0.632745947400412, 0.652615000757663, 0.639402902225927, 
0.639469954071988, 0.646862361486884, 0.646214868593908, 0.635480830533391, 
0.642384170979072, 0.637981760020008, 0.645896450794397, 0.642387563449264, 
0.64672941856417, 0.647437193394256, 0.645239996655742, 0.650991567979346, 
0.616737357182653, 0.647664087808777, 0.653838618838941, 0.644778980174598, 
0.65276791435425, 0.634985423890185, 0.640062257214436, 0.630467779209685, 
0.632827512902548, 0.621021795337013, 0.650519983523713, 0.648483150647177, 
0.637937359826923, 0.642502731674086, 0.642450587249907, 0.637741090507313, 
0.627334520252507, 0.637390827818226, 0.647623652098585, 0.641569671101506, 
0.63921913105556, 0.643319300886256, 0.646768065825459, 0.630694279720057, 
0.652457674641529, 0.626213381502058, 0.629306283629286, 0.639871591128433, 
0.633608193322136, 0.632262830254435, 0.620072924518204, 0.639518472488001, 
0.657671161497175, 0.655470819802463, 0.630769270504796, 0.629785698641416, 
0.6319353406428, 0.64462393948216, 0.619543392154473, 0.624579653953586, 
0.654013925007884, 0.650787275223205, 0.659326578446087, 0.632255379427691, 
0.623052153584292, 0.644333541669504, 0.659070115919884, 0.63847912333257, 
0.644451957947404, 0.654043642063872, 0.632694100857314, 0.647781151467014, 
0.647230066045197, 0.656750126182682, 0.638501617339819, 0.637269384988678, 
0.6447028182477, 0.629109690442871, 0.639638412166679, 0.647278854510938, 
0.641630898626222, 0.644705879948885, 0.64333436650055, 0.653579620375817, 
0.636565674383727, 0.624418818873379, 0.638920020566414, 0.656026696603611, 
0.628383769132572, 0.647026037670963, 0.644224413279214, 0.654937422374266, 
0.639323072486726, 0.654668090488846, 0.6484155026323, 0.645206701460656, 
0.62390895869148, 0.650838724346452, 0.635069956906944, 0.62768347286328, 
0.649725422236654, 0.658406595615732, 0.641389847807862, 0.6463458940335, 
0.629526046682572, 0.637538437993315, 0.635826100210013, 0.643084097839352, 
0.631603422321764, 0.645582215430196, 0.632137330566414, 0.656325213141198, 
0.648461022128037, 0.64913696630948, 0.61002303153194, 0.634394488314998, 
0.636222469340455, 0.659965390960834, 0.65053336169175, 0.645598152408127, 
0.643320741218304, 0.655581933027369, 0.652644982681768, 0.65210194141698, 
0.651015585560027, 0.633116058511301, 0.638535273674756, 0.642918585489038, 
0.625236911638976, 0.638863972485469, 0.643511777983005, 0.63253825276927, 
0.629899134243376, 0.657367328620392, 0.63185625506797, 0.627786255012523, 
0.633049524491849, 0.642483730041579, 0.61587607647519, 0.63885635171615, 
0.642066438356633, 0.639353292136356, 0.62841220789069, 0.644293895361488, 
0.660983220242617, 0.641912274914128, 0.635972985469645, 0.63828899418955, 
0.65123981333664, 0.640041840299321, 0.648844527332577, 0.641758695421554, 
0.640022031085755, 0.631549509837069, 0.654047019591902, 0.657527633814628, 
0.650198459770582, 0.643550018206299, 0.646460956099579, 0.656315104139762, 
0.653670233206944, 0.656400996008583, 0.627750759650325, 0.647264234141755, 
0.639910615180797, 0.642660269520942, 0.641382504573783, 0.652248189503852, 
0.651759627049518, 0.639715395018227, 0.655381449125343, 0.646073927949937, 
0.639957834407613, 0.656135619421725, 0.648132924481284, 0.642088772814354, 
0.650488169836092, 0.642161511202278, 0.650876433699258, 0.650287064262016, 
0.654445771406382, 0.634781165424799, 0.661825565248374, 0.651950900783083, 
0.640724245726055, 0.636723790702224, 0.62350778505294, 0.644647332550873, 
0.646588964081187, 0.651740737244685, 0.639317544211912, 0.643984376526445, 
0.652496301165639, 0.644208905023082, 0.642966933344742, 0.631222853847916, 
0.647412761180888, 0.660540921391729, 0.64628397179738, 0.630965613026545, 
0.646270373405718, 0.649595347531113, 0.657079777872282, 0.639986315003368, 
0.639400927537285, 0.628476289750906, 0.63599144195668, 0.652408993629459, 
0.648167955401394, 0.652577002106378, 0.633036360054768, 0.635732019193885, 
0.633758046434682, 0.650554441620447, 0.661846238810758, 0.637685383698974, 
0.624224317392929, 0.637749130021442, 0.651614249838042, 0.641302101702054, 
0.650122155245919, 0.645517873995811, 0.64660405556019, 0.629576534938263, 
0.645272806537935, 0.656058408801003, 0.639420645354435, 0.651132495245765, 
0.640065152386727, 0.631699154198295, 0.627047161212739, 0.621143937427874, 
0.648974372579676, 0.616177527475104, 0.64385365423532, 0.652436026304182, 
0.643776548206717, 0.640264114583542, 0.632251814686883, 0.64017121210506, 
0.635894755298411, 0.642760586937189, 0.620576877662322, 0.648607124663655, 
0.635627629684092, 0.630537467794921, 0.647725203834144, 0.653813597290186, 
0.644042125395915, 0.635383214145474, 0.628614635121416, 0.650685725149707, 
0.646523894240754, 0.652235790167734, 0.64134467311093, 0.638084243156704, 
0.640168115272134, 0.627723046123452, 0.641657594509783, 0.619076584192159, 
0.641942447613077, 0.648633574333882, 0.654864350367129, 0.640606265749293, 
0.631774790741517, 0.609812934402858, 0.648320078669828, 0.604363250046287, 
0.641755877607124, 0.637541654204267, 0.626890325015207, 0.638190191151057, 
0.644691771843035, 0.641997828187441, 0.649804746461544, 0.623790108011476, 
0.624991953412168, 0.631080499667773, 0.650305046613901, 0.644932049972062, 
0.632499120226262, 0.63617823626334, 0.632932562954773, 0.646767736643391, 
0.643277098991027, 0.646529706663279, 0.644254987696545, 0.623046221074673, 
0.643566207172121, 0.645379963457971, 0.647377186525585, 0.635673835078721, 
0.627700495798557, 0.637269200585828, 0.614075748052734, 0.651153337834528, 
0.64592335781252, 0.634822975820062, 0.628608007199593, 0.625572872384994, 
0.620069138478152, 0.639425494314056, 0.643553359654597, 0.641507710254213, 
0.652989212649092, 0.660597782696863, 0.643124384331109, 0.646023422419574, 
0.646451915074043, 0.617940790656643, 0.644671266461955, 0.641255599298885, 
0.64249527548213, 0.65025178079935, 0.64368009710356, 0.635337841727771, 
0.652818601972574, 0.616456382842511, 0.645819815602605, 0.621823249797017, 
0.645595712137025, 0.637790529220691, 0.649309847710876, 0.643198618059031, 
0.641818242177685, 0.631087141624922, 0.655643850815522, 0.656089812417129, 
0.648103728535166, 0.638139227691306, 0.632308985031639, 0.627928558403686, 
0.616837681245923, 0.624943176482603, 0.644353658250688, 0.636606258164656, 
0.662524830193945, 0.616662289272085, 0.646630437269947, 0.642736509693501, 
0.633928640122837, 0.643384661798989, 0.645859749364371, 0.62179127480492, 
0.644376558279487, 0.636786096806292, 0.65002517927534, 0.633967122270908, 
0.654900174577735, 0.657232974020071, 0.640443644318803, 0.652528682171904, 
0.629299300087289, 0.657445830552322, 0.64665287511005, 0.636192575290596, 
0.623303068288027, 0.650805735457338, 0.648796553096354, 0.656800489111757, 
0.648639008124574, 0.65062483819426, 0.642857660898396, 0.653874568307462, 
0.635498081792717, 0.617072735946538, 0.660461654325668, 0.642879855296269, 
0.633043275454984, 0.626338299104703, 0.648362626158942, 0.6505409393527, 
0.656250350705383, 0.620927141214493, 0.645187522493666, 0.644927440535236, 
0.631437635506671, 0.644531492088993, 0.64034538382327, 0.64215417308766, 
0.65268327999228, 0.642779241775146, 0.63683366438419, 0.641722149597405, 
0.630455189896648, 0.642710363695592, 0.645444909249114, 0.654369939426113, 
0.646427585921857, 0.632600857021022, 0.662459150116618, 0.646596757589107, 
0.636926883301775, 0.627538208159252, 0.64844995480769, 0.65666526118933, 
0.66396283369442, 0.654465993242712, 0.636169079652144, 0.64948803723969, 
0.650323736995057, 0.631611939762775, 0.628746964638867, 0.637198652083798, 
0.640319900175275, 0.642397229686536, 0.636864151753452, 0.646961410403404, 
0.656704948046191, 0.632634860291409, 0.643841163561394, 0.637303554530095, 
0.652182311400032, 0.641529629086829, 0.65058406107115, 0.624544864499685, 
0.639164810317755, 0.641663274410162, 0.64945415300867, 0.645449360707401, 
0.622319555294412, 0.654137138228526, 0.636238574534193, 0.631109984375563, 
0.628238834650498, 0.633464932703902, 0.657861766477349, 0.636165888324841, 
0.62540184787209, 0.652364939085095, 0.648221820264589, 0.634826800633874, 
0.640507615983731, 0.633152665169888, 0.620684309163036, 0.641216116757839, 
0.643984862737389, 0.65908449544492, 0.655976764260438, 0.664853154683592, 
0.620433335316436, 0.639231500150211, 0.635962398140511, 0.642804073240045, 
0.6498582776797, 0.650330261195522, 0.638626704413956, 0.616530672908688, 
0.646721672502773, 0.644820315981922, 0.646343845761533, 0.646576561848615, 
0.647489113019795, 0.643113883446429, 0.657889946606153, 0.627433198326997, 
0.636031370415483, 0.648459534368214, 0.662744085436501, 0.65422964541923, 
0.656927286829205, 0.659453281910021, 0.628329442910654, 0.630984177986092, 
0.653353559681485, 0.64786004987629, 0.628306831620641, 0.650469661239152, 
0.648687995996921, 0.638498581809143, 0.629813336822647, 0.638595022624895, 
0.640378628202579, 0.650147514690724, 0.652996893184284, 0.635325181081531, 
0.634181014689824, 0.639313280812905, 0.637344329329557, 0.635637362868999, 
0.64212993236798, 0.638933962036829, 0.645698381209521, 0.632492779715129, 
0.635372538196791, 0.627523421019513, 0.637373091681333, 0.642147571228688, 
0.63318309312991, 0.653210398789951, 0.65252531861746, 0.662125714233227, 
0.649397195482877, 0.632736902874915, 0.638143270588786, 0.639208934105241, 
0.638147786030601, 0.638996345476681, 0.636032409511303, 0.654932571558911, 
0.640472838635927, 0.651107311265577, 0.648558443767586, 0.64102848571934, 
0.647661527649544, 0.647334264600012, 0.633808738076931, 0.615291210283743, 
0.637034611221968, 0.628427362360236, 0.643404279166656, 0.660784824629479, 
0.629921331958714, 0.639950465468979, 0.651213089986265, 0.651287925890483, 
0.660191132425639, 0.640819095725562, 0.653832175899907, 0.651789626771692, 
0.624778401702764, 0.6512772066352, 0.64547561451735, 0.638944436952988, 
0.635667202566014, 0.646662731486517, 0.638999375914222, 0.645346813670088, 
0.658197680150403, 0.641293007592242, 0.632521415652165, 0.645429129813041, 
0.655679457730029, 0.635160535016293, 0.63443984844137, 0.633383894690062, 
0.653772506415293, 0.642974887681667, 0.65002652563319, 0.63780112918949, 
0.652149455331126, 0.636705368504761, 0.659095319195161, 0.626202695125058, 
0.63214052233508, 0.638378757317203, 0.638111779443191, 0.65877938548561, 
0.633236235403136, 0.651633747072701, 0.653524837244109, 0.628829539688617, 
0.64927195183408, 0.645187685805227, 0.652551964654085, 0.644546289287826, 
0.642667045659186, 0.633389025167115, 0.64208392285336, 0.639232166591546, 
0.654739483185982, 0.644431164686984, 0.634572689393384, 0.618594872415594, 
0.6279615128295, 0.656188353440479, 0.645338104113074, 0.63308096395395, 
0.645944162285293, 0.644873541026135, 0.632396060658341, 0.63617573568871, 
0.64022451369457, 0.642403824956519, 0.645634143429932, 0.638290124991453, 
0.631186835790371, 0.647222657297527, 0.64804345518977, 0.649970958304715, 
0.651834953356264, 0.630695778095125, 0.639932110353894, 0.633954838113573, 
0.655552205254654, 0.642689400403624, 0.650597717785586, 0.640736227277607, 
0.650644747428352, 0.636407437737901, 0.626523641543266, 0.649128070085537, 
0.628088455224803, 0.633986566876782, 0.650955078454826, 0.652794391307235, 
0.647516775911698, 0.658045411871772, 0.642662009329009, 0.631962111980525, 
0.648329020821015, 0.624656863066427, 0.650696971691227, 0.621623298258641, 
0.638493224371014, 0.658816894451188, 0.644140894198922, 0.644004368948334, 
0.644300384814682, 0.632281106571494, 0.629994678767046, 0.645556282153264, 
0.645129645022734, 0.651131896164808, 0.662150741169541, 0.64222506829565, 
0.624188309491722, 0.63488114164948, 0.650444907270921, 0.654118161315895, 
0.643232757349669, 0.654322601688165, 0.641903961504726, 0.648807668201179, 
0.661259190834232, 0.658581267090008, 0.63512116856046, 0.645985425860177, 
0.647230761553396, 0.638170307277621, 0.644466211133447, 0.655742756281042, 
0.642243731374969, 0.63847947543217, 0.62264687523642, 0.638513718361416, 
0.629560683170049, 0.651591743219117, 0.639498601419264, 0.620246812923009, 
0.646726915355592, 0.65289372946805, 0.645339695410172, 0.639471636977291, 
0.619522552743064, 0.641746711346619, 0.650049833451558, 0.657504691697833, 
0.636911890067116, 0.631403011527561, 0.654399730486562, 0.652274672107178, 
0.646607451383395, 0.63911509665961, 0.638660445760264, 0.647755954899184, 
0.654658463569293, 0.630223039540785, 0.649265238030974, 0.648684419644707, 
0.653516811727589, 0.645848678372254, 0.637798771463076, 0.629467933220504, 
0.629110459731131, 0.651546174842095, 0.637198245279272, 0.643775491399559, 
0.644072251763349, 0.63784686144729, 0.650490919111487, 0.625756597411197, 
0.645585056626427, 0.62444720241088, 0.640538010682334, 0.64562634194253, 
0.650740158569075, 0.639688025577402, 0.647688672933099, 0.651869510100427, 
0.645462025421799, 0.64360608631033, 0.63089685605603, 0.628790214640855, 
0.634800758459317, 0.617132081891417, 0.642581651431441, 0.64469520627236, 
0.638240541670173, 0.648749736812876, 0.639091782401391, 0.655717690938815, 
0.627451375373143, 0.63718205464854, 0.655170034557832, 0.657410621681808, 
0.626468121561331, 0.650752708589887, 0.658002397324251, 0.648313696202493, 
0.647427513345605, 0.627091872677683, 0.645351921146968, 0.635175703215726, 
0.651467590731283, 0.630447587795816, 0.641666059684423, 0.630165851688022, 
0.643906488319475, 0.645102319770591, 0.611985187972199, 0.644139400955909, 
0.649321502941832, 0.634270837700609, 0.642341570866402, 0.646725706439726, 
0.656986769003003, 0.63206222116584, 0.634736254390633, 0.641375846421804, 
0.636207532898992, 0.628855594569164, 0.647630723027108, 0.643369246733246, 
0.646329684924408, 0.641638539418703, 0.636132947583282, 0.636762677417514, 
0.648588913327622, 0.639434720420049, 0.635110320673839, 0.641629670678872, 
0.65249069149188, 0.633158290480577, 0.641981868370415, 0.652367502919564, 
0.643414502708499, 0.647832734521842, 0.646190559103237, 0.648426005542481, 
0.637667845052061, 0.630007732650254, 0.623267578978174, 0.642558171564761, 
0.645041714150024, 0.645596671632012, 0.641913763824432, 0.635705203163562, 
0.650492020738168, 0.611583873220191, 0.628357976464184, 0.642448982771489, 
0.651232961118394, 0.638244320847746, 0.642427546354131, 0.646069227766466, 
0.654709016584596, 0.621163589602131, 0.64078102094794, 0.648140715916426, 
0.636234135871511, 0.644126148485455, 0.638763792255237, 0.632782520393839, 
0.644964690843863, 0.625414879791966, 0.629750869910587, 0.661733471469773, 
0.653093727936415, 0.658321818055167, 0.632605852434577, 0.649606826769304, 
0.638498379040077, 0.641366056082849, 0.643564846177094, 0.638438619769824, 
0.625232898436786, 0.640550048370648, 0.635124853516235, 0.635836834761458, 
0.640887445869875, 0.640522596733296, 0.663034396880916, 0.638285628527045, 
0.638073943937336, 0.617510891527577, 0.632670508790112, 0.636439534411798, 
0.641859313902067, 0.656717769991837, 0.65263752204031, 0.638362497359302, 
0.648573336632111, 0.643962036833113, 0.639476519861297, 0.61707718014864, 
0.636162283276023, 0.657865904645135, 0.647952533670102, 0.659411822869984, 
0.634571405390159, 0.640424329605683, 0.662498089430663, 0.638175219231141, 
0.627815364758819, 0.649564830916826, 0.651739026836365, 0.629620103083202, 
0.634707825292909, 0.648658782623931, 0.652442939258136, 0.636688181089046, 
0.650645904824992, 0.643969295248559, 0.64358910605917, 0.647310989557026, 
0.648391262957534, 0.649128488822684, 0.658715713647411, 0.646434644940776, 
0.650287037139333, 0.648430482557588, 0.646665537358707, 0.651473021994287, 
0.640055157022252, 0.629648290167458, 0.621795912211947, 0.627750308808523, 
0.642600531205123, 0.627940211805871, 0.652926340067357, 0.623689450334665, 
0.657372294455116, 0.637944721673641, 0.63937353507369, 0.630681885688236, 
0.652135162742313, 0.630447945324598, 0.634670032241489, 0.629327599609038, 
0.652387432761914, 0.640444692812128, 0.617929697802981, 0.643721414548263, 
0.638075740889853, 0.64671144534736, 0.656543067203245, 0.634923856840615, 
0.636950871625819, 0.63423618089896, 0.656522276610054, 0.645485929488157, 
0.653150354556049, 0.643523438563127, 0.637369810456663, 0.635559509768243, 
0.627240282626248, 0.647824889830086, 0.619171064103082, 0.645916807661723, 
0.63491652482795, 0.638606999086615, 0.650330452604361, 0.631116423547404, 
0.649550959430491, 0.624004808852527, 0.647135874293608, 0.636254177432628, 
0.631885079205239, 0.625148057567597, 0.655130239214061, 0.63264616981427, 
0.643266294778193, 0.641476670313705, 0.636800633456964, 0.637837617075052, 
0.650093298082783, 0.633135267387361, 0.652773466479931, 0.6358977372552, 
0.645017346136632, 0.655384719607928, 0.632794901304492, 0.642925725366142, 
0.649567546013256, 0.63246845322691, 0.643950974294737, 0.64581013377348, 
0.646835196082785, 0.631380350547644, 0.643826588030844, 0.646232846368129, 
0.635948165309986, 0.643139357291297, 0.630711014208131, 0.653559659980353, 
0.642768291666861, 0.629613707360166, 0.642828270090631, 0.644996518840403, 
0.62979840840525, 0.652963115414181, 0.634873513288685, 0.630650538941917, 
0.654823434609017, 0.627666861111252, 0.641239352122829, 0.641475000062453, 
0.635432968556073, 0.636932935872547, 0.604790116478809, 0.642610379756098, 
0.636027971933283, 0.641077886879958, 0.639579907307377, 0.658776930051739, 
0.630863181099926, 0.642738528146371, 0.62498683099361, 0.63440187485962, 
0.650055484811203, 0.649065524448546, 0.637794447712265, 0.646056320491269, 
0.634140321720509, 0.640601262626905, 0.633718467319696, 0.641752149075267, 
0.653157320760072, 0.647687931133329, 0.655722369401852, 0.63439745503331, 
0.637375132876593, 0.647186276028666, 0.665892123822918, 0.6240864049428, 
0.65595172993366, 0.646669977056555, 0.644918826670135, 0.631260507881809, 
0.64732895943333, 0.62289359488809, 0.636133366237793, 0.618497931490107, 
0.640853536038743, 0.631582318720502, 0.634548166369361, 0.661243513878602, 
0.640573982234079, 0.630573909749415, 0.632237069652571, 0.627461848173042, 
0.635068411181789, 0.630535568003332, 0.658124834881104, 0.63889063148531, 
0.652345012253344, 0.64800439381064, 0.637021581595209, 0.643186398354161, 
0.640091222362451, 0.65469656681099, 0.646936892780012, 0.641156412437254, 
0.649181063651467, 0.627586167302406, 0.643731058716103, 0.654367716881483, 
0.644111728767513, 0.626310765141225, 0.637346686519356, 0.63937667966276, 
0.637620750485312, 0.64875086368965, 0.64755565701605, 0.643733265025039, 
0.637187424254488, 0.634466526887111, 0.649710852432027, 0.637742126628241, 
0.639150842056079, 0.640100170813928, 0.634711194180527, 0.641323306559378, 
0.634687397600024, 0.648631088578536, 0.662130594774929, 0.647357885329016, 
0.622563136942752, 0.651212084187408, 0.649798919017375, 0.64713390616907, 
0.640964517102861, 0.632231868651115, 0.647881269735918, 0.648770714394526, 
0.621606226002722, 0.635404397218994, 0.634256740033378, 0.638124664947452, 
0.624688049582683, 0.647911507773222, 0.637314312263402, 0.649196279491378, 
0.642103404079582, 0.620635656081479, 0.633825219343096, 0.632770442153211, 
0.641884682817843, 0.630855561333776, 0.6458780070192, 0.664050773947481, 
0.637868552682617, 0.64574971280245, 0.644578596436157, 0.659109525021465, 
0.630158544212822, 0.642348891973942, 0.663096570449221, 0.623219298907167, 
0.653174157222356, 0.636723681139848, 0.649149210039173, 0.633450949282112, 
0.628028445756062, 0.64951851571651, 0.643554589367304, 0.617316584241373, 
0.64351209777674, 0.650710280073331, 0.63861603462087, 0.643260902488897, 
0.629802904223077, 0.650477559674643, 0.634981659058489, 0.631588692208834, 
0.621951112174043, 0.667298608967357, 0.632718120666384, 0.647406007556229, 
0.645611342339804, 0.642239480923723, 0.645845957933007, 0.632169486650472, 
0.644377657863485, 0.63360920305421, 0.637757203885261, 0.640233466016958, 
0.648432612042276, 0.641539499041002, 0.663850488187152, 0.637694850681967, 
0.63762256300315, 0.639985114416925, 0.642262684616394, 0.65632858274116, 
0.636551892205077, 0.625489739369606, 0.639231275089594, 0.64294777356532, 
0.646048330998157, 0.654009600366894, 0.635906156192585, 0.649135835130518, 
0.650200904619397, 0.622982131332861, 0.628121875866656, 0.64868149805765, 
0.641932879578972, 0.662563012953298, 0.647640835187094, 0.65139489271847, 
0.644638177168781, 0.632774713876626, 0.629814313782642, 0.641492281580831, 
0.62881381514086, 0.657776063047658, 0.63590008350739, 0.649619407264047, 
0.659149615807637, 0.650100375401869, 0.651878967552734, 0.647887297577594, 
0.650296570246507, 0.66273841522309, 0.651688610873229, 0.653703844575148, 
0.653903499568798, 0.636220294713203, 0.643361367453716, 0.641575990106503, 
0.637078355750825, 0.639661148696192, 0.63752726950853, 0.636536879146741, 
0.654408295078354, 0.642857010568907, 0.643744774841832, 0.643157848767091, 
0.645493699159702, 0.63756391602315, 0.640207441954827, 0.645893354595093, 
0.63587017243698, 0.651091586397705, 0.647072044938779, 0.649622329981205, 
0.646869986417305, 0.651948898460417, 0.647207326649528, 0.633916991650061, 
0.618365362525831, 0.641243194399448, 0.634605170950716, 0.629975619246972, 
0.633145538764865, 0.641850031224293, 0.635697025467065, 0.638356505544572, 
0.631439340940766, 0.643245159471189, 0.627509611906432, 0.658267726543135, 
0.643016655271986, 0.659383001996294, 0.636266740869075, 0.644574196442149, 
0.64578596356654, 0.646436909975604, 0.621677309231624, 0.646508246878523, 
0.642965387089186, 0.661228599587568, 0.627172325517917, 0.637833669096253, 
0.642575223546362, 0.636101008957288, 0.652108474945832, 0.646582790663935, 
0.636871152533186, 0.63525314057926, 0.637352219414756, 0.644408236699808, 
0.62560401901506, 0.638927511704905, 0.645336963335018, 0.63941887714904, 
0.63847254207995, 0.632383716598888, 0.648475075494502, 0.65970165323548, 
0.646280322532884, 0.649599510536356, 0.654714623672956, 0.643122461446621, 
0.625180796841812, 0.639590095217348, 0.65696849938905, 0.651356461982021, 
0.653382122202528, 0.640251319853533), cat = structure(c(0.682616911683258, 
0.641454517589693, 0.00990741583424391, 4.15470540272391, 0), .Names = c("obs", 
"mu", "sd", "SES", "p.val"))), .Names = c("sim", "cat"))
