structure(list(sim = c(0.641199509388529, 0.670877615351103, 
0.65206965070286, 0.659355433336718, 0.654870227633351, 0.653906482809223, 
0.66790302654507, 0.65969601522096, 0.670415313713693, 0.668086858221973, 
0.678296589965491, 0.659600237061491, 0.663942557205362, 0.661760454365569, 
0.661330001876063, 0.664901488583963, 0.666348836116607, 0.659396010175636, 
0.660062188894996, 0.66451257262351, 0.659460950939901, 0.661678900914376, 
0.655536024005441, 0.660244874609542, 0.669496620495028, 0.659237049098628, 
0.666362028688937, 0.660707302454005, 0.648692214350619, 0.659103093919303, 
0.661493588166098, 0.647101311643772, 0.649027543928483, 0.659630250389206, 
0.656152950886727, 0.652314910914753, 0.653541550238981, 0.655295019807221, 
0.651795953092452, 0.667838382594976, 0.636894052105651, 0.667419686021768, 
0.656761151656084, 0.65584786344294, 0.663100449772479, 0.646446675718016, 
0.641324591078356, 0.65078064558246, 0.655782789002673, 0.665293347925262, 
0.656098681346595, 0.663286671998424, 0.636341695653857, 0.653860285443368, 
0.672602909554317, 0.646694415087108, 0.66042291356501, 0.66346118952519, 
0.662996144440362, 0.654991422066311, 0.639651226061138, 0.654055943775517, 
0.664057426752343, 0.671566450748472, 0.648933979746847, 0.657799371135624, 
0.658817595760467, 0.66447562929625, 0.655041469708496, 0.662529363955242, 
0.659220603066813, 0.667358956318229, 0.672769279598228, 0.654282325843096, 
0.667995880592819, 0.67104529316369, 0.662264530530864, 0.664167505311006, 
0.658816327631673, 0.674070251403797, 0.65891567655489, 0.665330775265584, 
0.651414653681679, 0.674733371085942, 0.660943493476557, 0.657284611283465, 
0.645776474538357, 0.659134124440856, 0.663087518909185, 0.64381818790989, 
0.663896631314518, 0.664712087672432, 0.6595260785672, 0.673022076624633, 
0.660650954388368, 0.667945520141067, 0.652518855940601, 0.670310486361894, 
0.661604438590846, 0.665458275767493, 0.651178583119212, 0.654677351168454, 
0.66909213544665, 0.65699142176318, 0.659131107474602, 0.663557143457234, 
0.655425809304537, 0.659790893381893, 0.669939919061438, 0.664884593568251, 
0.658028297191556, 0.658881835487598, 0.658396510346004, 0.673854642844475, 
0.664683310794896, 0.669595427015791, 0.663516889765026, 0.654364974250328, 
0.656528059602302, 0.656127120304146, 0.661431839453657, 0.64836406409528, 
0.642766771794558, 0.659253805483681, 0.655182142536373, 0.661017855249779, 
0.656793306835914, 0.668508895331595, 0.649959573804746, 0.67461329898459, 
0.655941443668162, 0.643939180994559, 0.647756295332487, 0.658175470062242, 
0.66064231167711, 0.65951794246426, 0.662961779019835, 0.645850427666571, 
0.664660594974028, 0.649365341133975, 0.661533612451235, 0.665945046892862, 
0.657171882824749, 0.671651935679499, 0.66087047265872, 0.66243345413932, 
0.662017769871939, 0.665938438511473, 0.674343133872063, 0.663241080585158, 
0.664256927865879, 0.669588382897582, 0.643400052482647, 0.674368810494482, 
0.669483683469062, 0.658939301863251, 0.6620705595067, 0.673813363567447, 
0.669202295985483, 0.655107508268696, 0.648275425003959, 0.673870054734973, 
0.653315021009734, 0.674464499640187, 0.665884818328996, 0.654102277485836, 
0.670288634710852, 0.646462898167298, 0.67304226180115, 0.664456518354622, 
0.672507335282337, 0.668745348611852, 0.67338464988056, 0.677040685095559, 
0.655213206731682, 0.660442538213937, 0.655739793160134, 0.672652135025403, 
0.660612908164735, 0.663449813398908, 0.670199403548406, 0.668036488884126, 
0.661481762870898, 0.670774313028521, 0.669765060530648, 0.6493923939291, 
0.665334529468792, 0.664300939691985, 0.672100129198452, 0.663027026267709, 
0.650344637639544, 0.651351391496608, 0.659924136649443, 0.668192832269995, 
0.66649880887168, 0.653834605431423, 0.667733575709735, 0.664028643502296, 
0.660227527223307, 0.660717884684184, 0.67147373869387, 0.650659795636848, 
0.664524800363558, 0.654900890913766, 0.667746044901428, 0.664503183263982, 
0.673558075740684, 0.662823256045381, 0.661633042797832, 0.675326856263255, 
0.647692080530965, 0.664807505179636, 0.664389182751172, 0.6494234820616, 
0.680094216227805, 0.651739911115431, 0.676584566395869, 0.662756747976591, 
0.653259636470215, 0.670054122434646, 0.6665061661652, 0.670904986170487, 
0.653108418629374, 0.661638735732988, 0.657777207339103, 0.653813726049641, 
0.64844628028935, 0.648574825209265, 0.672726763402545, 0.658660288804948, 
0.647656757768476, 0.661873719050568, 0.65953618489385, 0.647046207868021, 
0.666083221572167, 0.667809025060187, 0.655294126725618, 0.664338050232055, 
0.665358685243914, 0.660146459545108, 0.664262353697993, 0.662048923031947, 
0.656595256920039, 0.64694794719899, 0.659116827538104, 0.663549267146899, 
0.656858979884886, 0.665528067440772, 0.673669350457577, 0.656508316030776, 
0.666318091333827, 0.660065313076878, 0.668593619074432, 0.662807876479586, 
0.648366711310742, 0.657732339527128, 0.664587705664348, 0.666472742311432, 
0.660504530048786, 0.665899330393635, 0.672433898032763, 0.661099587272918, 
0.657319461031486, 0.664345399255989, 0.636851407575382, 0.651021721389265, 
0.645250981739255, 0.655976295282298, 0.663012503164382, 0.663665084102862, 
0.655478332138859, 0.660195015184478, 0.64975114512554, 0.671849371330912, 
0.663930249794548, 0.654975197985307, 0.669445103656597, 0.659544342217472, 
0.670363188069058, 0.667100040072223, 0.656084820514592, 0.666472531973574, 
0.653234894328959, 0.653635729669927, 0.678479628221677, 0.658946964125911, 
0.660708903726545, 0.654691054292576, 0.652889189415056, 0.659236099815824, 
0.659832323783324, 0.639055751239311, 0.672467925290676, 0.641577547505069, 
0.649937107942151, 0.673436212784049, 0.663626329939343, 0.6581757529388, 
0.668530350721136, 0.65540463903551, 0.662914159973988, 0.642730964610273, 
0.666141631155551, 0.671848701227301, 0.648043732309727, 0.657271941092567, 
0.658751530453852, 0.659052025664615, 0.664647494555779, 0.648190608079114, 
0.656111611221096, 0.651501740632384, 0.654572128641315, 0.665657681174168, 
0.653188868960316, 0.65047240100161, 0.658388992860712, 0.657605970895145, 
0.655328583174212, 0.663610598261177, 0.656954188495955, 0.666917775584283, 
0.668888833770685, 0.661868393517359, 0.667284005540186, 0.659494162689762, 
0.657720328465939, 0.654920935635111, 0.663961649127044, 0.653664618742187, 
0.656871682771936, 0.650398887950824, 0.666236685164134, 0.645397381590861, 
0.63963108115625, 0.658151911530217, 0.663075097709401, 0.648480560644985, 
0.65326466814341, 0.670913082080941, 0.652332681634696, 0.665914752689599, 
0.671162722823718, 0.648874642243942, 0.650526278441149, 0.662370417847504, 
0.653031487507916, 0.661099504140168, 0.66715682266704, 0.669527960690996, 
0.674461914886292, 0.651450685563562, 0.658882448717199, 0.662647689338864, 
0.656246356192263, 0.66514602047518, 0.645981011473814, 0.662459839534313, 
0.653208059264051, 0.667445279527336, 0.661613372031531, 0.655348278082505, 
0.675800310338137, 0.664334755226965, 0.639654270038705, 0.664249733010346, 
0.66673884507781, 0.665550773877046, 0.659672918049778, 0.652890593252468, 
0.668319187128119, 0.656510127325706, 0.666577251700951, 0.658506869652126, 
0.652584620533933, 0.664700169990133, 0.66831918445161, 0.654837138039287, 
0.661343355322844, 0.651230740630118, 0.665637707808427, 0.651422732885961, 
0.672997512829145, 0.663528254253749, 0.64673771671572, 0.668552901488268, 
0.661594481617285, 0.660996838367108, 0.664135394972319, 0.661553591843785, 
0.657287292946651, 0.657593419238606, 0.643646362327399, 0.661838789332476, 
0.654130115406355, 0.652168523303242, 0.663189595532451, 0.666845412198916, 
0.653535297749402, 0.665482083473008, 0.663620156886022, 0.648298273666474, 
0.659489946420919, 0.662460090242356, 0.65651648446434, 0.663602844134121, 
0.644244032471186, 0.644006069195788, 0.646060728424161, 0.66729587949461, 
0.664617574814944, 0.653657997853062, 0.665480284339428, 0.668602121802727, 
0.664530191247676, 0.653725039312616, 0.662590917966692, 0.653139548662498, 
0.646963430848476, 0.65630009262931, 0.659264259260088, 0.670536090917848, 
0.652006800540626, 0.653824532470294, 0.656378749980576, 0.665660543789407, 
0.668674062289217, 0.645365615159026, 0.667697032681544, 0.655630631671393, 
0.663997272443998, 0.66264883952445, 0.660760810716589, 0.645844558466524, 
0.650747386141512, 0.666802917024245, 0.670214564551397, 0.651838498735762, 
0.658050089920591, 0.655879773281576, 0.665572765669233, 0.653442399811632, 
0.66648347806398, 0.657366272269835, 0.670144122168773, 0.665560663175885, 
0.666118308057452, 0.662987772487973, 0.662001902367971, 0.662259175898973, 
0.639403943689265, 0.653392690094723, 0.647042489802219, 0.662997407267469, 
0.650930297304617, 0.64646368922663, 0.655863221021213, 0.665998467980021, 
0.663811652048535, 0.659112845869431, 0.652180326553667, 0.664188443435781, 
0.664275479631423, 0.659874665422183, 0.658062335391709, 0.662639826406308, 
0.661933939546659, 0.66498416635641, 0.66671264580559, 0.673396461805748, 
0.667645794522578, 0.656483953332866, 0.672710955572643, 0.644558836199033, 
0.670283431403001, 0.67240846237334, 0.640588815956597, 0.660898743661748, 
0.662887649128861, 0.669548528979796, 0.660230672352479, 0.677585039170352, 
0.661677334494712, 0.665089363428576, 0.657290374837062, 0.658233892684077, 
0.660632251018972, 0.671280000100439, 0.664877006459604, 0.645640394776196, 
0.656137009988924, 0.654021590265414, 0.654606121238265, 0.651139785410409, 
0.659577220497146, 0.66172755380468, 0.664152567000363, 0.642909950308509, 
0.659510729100436, 0.67671722445303, 0.658063845417881, 0.653681190523738, 
0.672721480973746, 0.666229824219637, 0.641858126156169, 0.662190338344594, 
0.646503206712442, 0.668141593859869, 0.65764435905419, 0.662814031233866, 
0.660005254631428, 0.66491175290954, 0.663364476921683, 0.666562513858814, 
0.654849946224896, 0.659671979063706, 0.63983691231271, 0.654672915163744, 
0.66056234820223, 0.641937161434167, 0.664668487589723, 0.656416897612068, 
0.673033088923273, 0.661097318090729, 0.67273691866474, 0.662774516420576, 
0.659279741333413, 0.658491470818092, 0.67304848036759, 0.666306960316258, 
0.66861986803643, 0.661383782788423, 0.652025670012806, 0.646535272728923, 
0.656518810304836, 0.667194909856446, 0.651203827058777, 0.658836266287847, 
0.661031556156889, 0.662421394961839, 0.658764418067764, 0.669751909806057, 
0.671328455836302, 0.650604853998529, 0.662582474507792, 0.669370770265971, 
0.665788794767483, 0.651609790977377, 0.652045666849363, 0.651400785708919, 
0.665622039306058, 0.670950400143437, 0.645394650957793, 0.674278793785271, 
0.65503182690291, 0.672467613998575, 0.658934270529039, 0.651956868014677, 
0.651899367714352, 0.65838708457832, 0.668567457120759, 0.661171278258564, 
0.656465956150738, 0.656438514240379, 0.649822679625457, 0.664589101029608, 
0.653844688072259, 0.669766126363989, 0.66130261701291, 0.666961623219347, 
0.658495585220046, 0.665001762021404, 0.658263511480409, 0.658353639352476, 
0.659876716126188, 0.659738554311085, 0.672215224163217, 0.668888916009413, 
0.664709258492121, 0.668768119991268, 0.675131293324981, 0.664385749318695, 
0.649389384524498, 0.65389203303113, 0.642307594537054, 0.650137254955296, 
0.655432696775507, 0.652875753411564, 0.6637569672705, 0.670241471245294, 
0.65983254201239, 0.66129811068366, 0.647612544107641, 0.668693811668375, 
0.664908128827122, 0.64099777576614, 0.667201864282726, 0.655774739695769, 
0.66301427543197, 0.654161099927309, 0.662644481150168, 0.668896389086816, 
0.658934602734854, 0.659537250247732, 0.665335167394561, 0.668716357956418, 
0.676991573299185, 0.657259450949227, 0.657663578676288, 0.650770429132183, 
0.665037285158078, 0.651959581466995, 0.673678175883975, 0.653106783207049, 
0.662075745343476, 0.653918144996991, 0.657953253134659, 0.650002378373329, 
0.655512021713843, 0.667695435047091, 0.650237986354067, 0.655020468857162, 
0.667221799500443, 0.667496206087725, 0.65936581572296, 0.662144342266314, 
0.660301465588113, 0.656425015755906, 0.650385155024277, 0.659998390922464, 
0.651840565788014, 0.647994228374123, 0.651106808651705, 0.651092032954901, 
0.655313782242656, 0.669102554305832, 0.663367380768819, 0.655612407384944, 
0.654437559445683, 0.653950231748299, 0.663773364061045, 0.654573048480668, 
0.651912557604614, 0.66100525103413, 0.655856970024493, 0.675206262106828, 
0.659219977692674, 0.661357344154567, 0.653371533621428, 0.669947776225436, 
0.655757404438947, 0.649145103156717, 0.65888593538174, 0.65223687410901, 
0.663256485239508, 0.669020067080271, 0.653456248317793, 0.66244574270249, 
0.651044135413227, 0.676763429935539, 0.667369450050212, 0.670723176025615, 
0.65415191090045, 0.664285281750203, 0.663689472132011, 0.65503765597662, 
0.657637968387101, 0.654816450434536, 0.674312590066111, 0.656693475684858, 
0.670521002515185, 0.653346455024048, 0.659543383298419, 0.646633710188276, 
0.676846621692253, 0.664933024092563, 0.67429088592293, 0.662505586322991, 
0.635575340612705, 0.649082038972961, 0.668006180329828, 0.65630468084888, 
0.667449146759509, 0.661115113783124, 0.669772154068903, 0.670754023874785, 
0.652338834085063, 0.656809109629611, 0.66091817100833, 0.651312198220272, 
0.658383705192567, 0.654753393447249, 0.665019049708187, 0.67390454792583, 
0.65436980084875, 0.661466058367553, 0.657706024214649, 0.66957325822072, 
0.666544365175377, 0.65451973937481, 0.672824113926088, 0.656362391022269, 
0.664511424918928, 0.655984826816473, 0.662999320733777, 0.661638395779445, 
0.662238012057901, 0.639780372787501, 0.673195247954226, 0.676142043463994, 
0.647331359512755, 0.663387946897494, 0.661176338037979, 0.65612673079909, 
0.659570915358843, 0.669378687798539, 0.655720812157865, 0.672390179344179, 
0.655647539590511, 0.658321386942184, 0.652720453786108, 0.665037190418384, 
0.657596806068814, 0.668891252547272, 0.661869496142381, 0.659239551724275, 
0.66723200001418, 0.672376720618582, 0.64795187398416, 0.656425360610177, 
0.667862135806819, 0.652430388505399, 0.637033334417154, 0.663780037566941, 
0.658741654746342, 0.666465929174885, 0.656531640432468, 0.661526452376753, 
0.665548177293024, 0.646411614404386, 0.660589178331541, 0.671113584589745, 
0.664126750144379, 0.64687785120532, 0.673939811926737, 0.662870915100723, 
0.661333840176475, 0.650883059710724, 0.664323736236021, 0.651432231920734, 
0.659903460925742, 0.649406566838515, 0.651450986139703, 0.663839646473468, 
0.662911093743437, 0.654798903632808, 0.654075118092429, 0.670713811239075, 
0.671181901726117, 0.663304890170735, 0.652689532694132, 0.657771234243442, 
0.654379727229975, 0.663115207555076, 0.657735785741701, 0.663534127893286, 
0.668877010466078, 0.678258696691973, 0.643318995715128, 0.672444522391893, 
0.655122257134824, 0.660575997237285, 0.6477862758937, 0.668245893896884, 
0.667121754752986, 0.653754356209496, 0.668357955150177, 0.669596984555526, 
0.658832050376829, 0.654047551779923, 0.668141348544014, 0.670028920147344, 
0.657408482277081, 0.664279101028338, 0.658692335510055, 0.659835626270444, 
0.669149356213865, 0.641823821352021, 0.663580190604726, 0.655181029298511, 
0.664579362958295, 0.665790762639121, 0.666109248633151, 0.668777466113939, 
0.658643495988531, 0.659225643713351, 0.675594307960503, 0.668797485784239, 
0.648542093017054, 0.665387117510702, 0.654701566104127, 0.664498894325702, 
0.6665568391734, 0.65814068762054, 0.650582100930035, 0.659350311692928, 
0.659561570111315, 0.673671623358831, 0.632621315165792, 0.653460874554636, 
0.669347388436725, 0.65634503808511, 0.669996996284733, 0.661575389438837, 
0.656640478100523, 0.668006289953669, 0.649355800464945, 0.658732068023085, 
0.665200281618341, 0.648816326453405, 0.661126159864085, 0.647990759926959, 
0.66224489082849, 0.659092913003943, 0.655532766652823, 0.659414770997669, 
0.656981431351025, 0.639945384847514, 0.658080528339972, 0.665083080469328, 
0.652540012308577, 0.659580872057822, 0.657533450573231, 0.6658261919395, 
0.660578729394573, 0.652944571089108, 0.646767769219998, 0.656131846159772, 
0.6617138935943, 0.667186497247914, 0.657460937514776, 0.657385648970184, 
0.649618096781464, 0.660607817805692, 0.663653112286603, 0.672287237266486, 
0.67258908110204, 0.670569426383035, 0.65592660864047, 0.649970654549506, 
0.664164051245708, 0.67258569278155, 0.657535196126205, 0.64956637366282, 
0.65615075400157, 0.672983254514733, 0.665988734282971, 0.653959541953299, 
0.658521191236695, 0.657227947440643, 0.650873197219457, 0.656676196731099, 
0.671324230878811, 0.654363879801085, 0.650898175913722, 0.666841060266562, 
0.671042801291365, 0.648583172259518, 0.661531555708349, 0.673897106368139, 
0.66473437350722, 0.661611096088152, 0.65134928457812, 0.655195227560308, 
0.671911897463017, 0.657976239438611, 0.655182627650581, 0.666890647735952, 
0.633150959612822, 0.673460991145784, 0.672025617463577, 0.652873605318329, 
0.672847595194815, 0.669272075595682, 0.661308032872101, 0.655198005442984, 
0.657126328578639, 0.664379562688499, 0.648753099256042, 0.658416758659496, 
0.667311618914738, 0.662046516815298, 0.666411535698596, 0.666494780888833, 
0.659355134480932, 0.665558120292444, 0.647802782480966, 0.665660976862412, 
0.660752134983805, 0.64870393010931, 0.676052778990201, 0.662855529599958, 
0.670087347509342, 0.652793689454413, 0.660898628022549, 0.666076443541636, 
0.666304631967671, 0.667108030409058, 0.663963209036178, 0.662144331028524, 
0.660300827845707, 0.662974528017673, 0.666324448982063, 0.673638584442674, 
0.652132797034463, 0.658636046309301, 0.65650121487553, 0.665424343778985, 
0.65756102770687, 0.646401851105028, 0.659869625798167, 0.663671338127848, 
0.670985375807992, 0.660699471541974, 0.662689204192795, 0.658028750138489, 
0.655004446815642, 0.665716855010838, 0.665117224440874, 0.659168409812749, 
0.647011970914379, 0.672758799908053, 0.663076873607606, 0.659134150536462, 
0.647566943320678, 0.660092219972409, 0.656487197611152, 0.66295118536543, 
0.651680572821529, 0.669513471949998, 0.660651181633728, 0.660660592136094, 
0.664337055004819, 0.659217924372772, 0.673878470562812, 0.64763766707581, 
0.658004219441193, 0.650320475712159, 0.666557381050573, 0.657065561945642, 
0.646742112097043, 0.652790530125089, 0.666923752328505, 0.666965687917954, 
0.655451850982044, 0.666111048743789, 0.668562433753376, 0.654472969012487, 
0.651348629958785, 0.659108511202924, 0.666330453464307, 0.646026266624215, 
0.661306095784614, 0.658839764478167, 0.660146883508395, 0.665848033947171, 
0.657851090206351, 0.654496761588091, 0.652908929386317, 0.646934554686098, 
0.656435410240659, 0.655351913179838, 0.662069525005321, 0.659728784745476, 
0.666353823403655, 0.669587161599299, 0.666859052190213, 0.658483542507387, 
0.670554276010975, 0.665953182529114, 0.664327156645079, 0.658166734485507, 
0.676947625914345, 0.664493740778597, 0.649442833203727, 0.66173475600913, 
0.654167704832441, 0.6656688384422, 0.664642312277013, 0.660521480762965, 
0.666772079449683, 0.673149079974371, 0.672555508708248, 0.674518888709026, 
0.668845594267679, 0.657723516524967, 0.665174251056553, 0.65984168408866, 
0.670499079884513, 0.659996109736372, 0.659342275707938, 0.65645713076948, 
0.664360577042706, 0.66154386351455, 0.662866699733996, 0.649539759157684, 
0.661901819800553, 0.668657152715522, 0.657832847510067, 0.655057780666503, 
0.657678188159452, 0.663024657462097, 0.675846972771997, 0.660599413652429, 
0.661604028293656, 0.663170829196812, 0.66015641945781, 0.661377569160829, 
0.649414370966842, 0.662463461539794, 0.660971370482696, 0.658344315902584, 
0.670433378066401, 0.642401843135984, 0.655532927865266, 0.666226807232366, 
0.665067758609835, 0.649095099696252, 0.655730830186245, 0.656193356759677, 
0.650721539289878, 0.65721414102811, 0.654338579191997, 0.664561803023775, 
0.648709011375655, 0.659348792580891, 0.643572788832197, 0.658132770563137, 
0.656330197774956, 0.669927324392093, 0.655326908004594, 0.667164916546558, 
0.66051481097203, 0.658143405092488, 0.66375762789668, 0.659521792900434, 
0.66809709162585, 0.667614250535314, 0.658803106395715, 0.671058152898293, 
0.658141885727559, 0.662420633773605, 0.660276698344484, 0.651971428876729, 
0.661386387996244, 0.653770871056633, 0.661477870183168, 0.657090343857948, 
0.669813148819015, 0.667373858216617, 0.669368749441114, 0.659074838251016, 
0.656023378424202, 0.672153160746785, 0.663625430895058, 0.6626446079781, 
0.659190170781132, 0.657628308613009, 0.66475430381657, 0.662656937089224, 
0.662434279589363, 0.645641376709993, 0.655142226820534, 0.663208132349163, 
0.66427792376125, 0.652954859571189, 0.659622172482031, 0.660621252610205, 
0.65297526059924, 0.648800656588974, 0.657525576205383, 0.6704945567402, 
0.675999154027179, 0.634483865943958, 0.658743666711318, 0.665692679476772, 
0.65225456066656, 0.671342679016624, 0.650075142197607, 0.647087462361206, 
0.660047598877338, 0.660829034587897, 0.663061086748211, 0.647985045743441, 
0.663137369252806, 0.663731061655178, 0.666265970857378, 0.669188033961409, 
0.665726168628525, 0.654552143922531, 0.676787776407312, 0.643512989765063, 
0.657375683859381, 0.656347032940976, 0.65537229936633, 0.664720832280863, 
0.676141755638653, 0.664291039569348, 0.66073156744434, 0.644822103926354, 
0.659744600012824, 0.666626934783852, 0.664009925595439, 0.673399785384836, 
0.674545434778359, 0.649241589716418, 0.659798118950799, 0.665399970087837, 
0.664618866393304, 0.661316863092991, 0.667627826124812, 0.643197255783769, 
0.657487152812379, 0.657198803988141, 0.656345966127634, 0.658509508616968, 
0.662452905011554, 0.660674519108572, 0.659423412041689, 0.656405798076325, 
0.666860065312788, 0.656833798212393, 0.661851627159575, 0.661083385591316, 
0.658756315704958, 0.652318951921064, 0.66005082234477, 0.657646819085631, 
0.66694999108307, 0.658422076184409, 0.666208870458955, 0.66161839238802, 
0.661620822122216, 0.664627937871178, 0.661102253690837, 0.664881881439259, 
0.661982425022968, 0.663828913581591, 0.640358032567037, 0.6697634181717, 
0.667057336458522, 0.65248753349364, 0.649012683453837, 0.66236280292786, 
0.652678946077649, 0.661549099165695, 0.680143087599673, 0.661951640856988, 
0.649922648259139, 0.659898180344918, 0.639980057418742, 0.675489516180054, 
0.660245639288981, 0.652760138329734, 0.658928125725141, 0.66845431451712, 
0.635830604663367, 0.667323673656276, 0.659571971123859, 0.663937076619815, 
0.661989930307719, 0.659118922648488, 0.661677621407668, 0.665236856738508, 
0.654306088148454, 0.64906034736211, 0.672635704782069, 0.660488939588649, 
0.664502511193142, 0.659257613022608, 0.657924583927398, 0.655043254875943, 
0.655529590254521, 0.66006872612043, 0.663846829227216, 0.659572353090321, 
0.656868983044025, 0.663413122434889, 0.660485297160972, 0.656706411477119, 
0.669518362177777, 0.656733728111476, 0.663198434399747, 0.672495661582902, 
0.655335796329415, 0.659106655408427, 0.666549759473201, 0.662172535268766, 
0.660796114494328, 0.666043071442665, 0.650450930604131, 0.663281639432502, 
0.665809602215657, 0.669047027998822, 0.662222861378849, 0.662141133861552, 
0.666502677378283, 0.66403527305104, 0.655776803810202, 0.657004339657526, 
0.657892674545409, 0.662617033738004, 0.65844654332511, 0.653081686391245, 
0.650370571944035, 0.641176692700386, 0.654956846896733, 0.654239958417452, 
0.667966007815456, 0.664971557735118, 0.658393174289201, 0.662399621223929, 
0.669564428550095, 0.661527345912985, 0.664716536342284, 0.657911276850209, 
0.644767092275346, 0.659021433659818, 0.664576777992744, 0.661948833532404, 
0.655857171536412, 0.674050271671131, 0.647274473261688, 0.66917111854242, 
0.664502157221097, 0.644465181815386, 0.669041579600548, 0.676253912919184, 
0.649395720360472, 0.638996695516486, 0.665495819763219, 0.662816085654563, 
0.660303898742938, 0.661382634354829, 0.660097487352613, 0.648861168764117, 
0.648688229170404, 0.65596861795276, 0.670636599619861, 0.659405035547778, 
0.650110266650207, 0.667100192991196, 0.657769452963022, 0.659738330946884, 
0.643402124232389, 0.671090802054611, 0.668200047900101, 0.662449225819373, 
0.650567003251423, 0.663284511739115, 0.648913289529946, 0.653776842330138, 
0.64793530247425, 0.673607566146102, 0.658984261187557, 0.665667463522163, 
0.63433222455271, 0.645220215485591, 0.673754044021787, 0.662650319026135, 
0.65614218096988, 0.674320648568094, 0.67034954304307, 0.653283442231868, 
0.649994079547879, 0.658450800726833, 0.659393340158268, 0.665827356109647, 
0.661325940303262, 0.65456612798769, 0.657361987484452, 0.671984734633441, 
0.661574884425565, 0.666424158612562, 0.664031148289908, 0.661074036059737, 
0.657458024548312, 0.653682077040601, 0.655425811861747, 0.661697977737251, 
0.652750863096978, 0.66781199866145, 0.654072783391147, 0.671782708020471, 
0.635742626369177, 0.655718057587993, 0.656841617278271, 0.664639610840441, 
0.654917997879991, 0.654426995240798, 0.663918572212654, 0.654470291577537, 
0.65686800644414, 0.660342203526462, 0.659233822701656, 0.663465268311658, 
0.656222485405553, 0.658551761411947, 0.663765962725168, 0.663179602984635, 
0.663717938437482, 0.667861454291389, 0.672472054964963, 0.66415397795984, 
0.660526509612212, 0.661632372881736, 0.674171810099726, 0.66776652162391, 
0.659703453282788, 0.650685478661114, 0.661210039681705, 0.646713759028938, 
0.674315591982835, 0.661403013881594, 0.660221053395125, 0.655043136934561, 
0.668921079624689, 0.661810080241162, 0.667378020617481, 0.670115676656953, 
0.654665595075076, 0.661873164707691, 0.661120302268777, 0.639220316134532, 
0.656110695157261, 0.652973676368741, 0.655284259305397, 0.664933383968989, 
0.670110329151648, 0.654852154195371, 0.648225481021758, 0.653997388793415, 
0.665770111674701, 0.671786819862617, 0.675134489072789, 0.651314648179769, 
0.662797271810957, 0.664731151571448, 0.6564924841859, 0.660166859410366, 
0.662021068369733, 0.664989512894282, 0.658555282944834, 0.659488936998931, 
0.661258146556458, 0.666185708522254, 0.648523269010573, 0.651922344000361, 
0.659977173704055, 0.670621738650514, 0.662757056750288, 0.660720753319421, 
0.66225898235231, 0.6488488226974, 0.658183859848837, 0.655425916663133, 
0.658847701859701, 0.654422429420908, 0.663917084805268, 0.650629896449779, 
0.64959468925137, 0.658326223284219, 0.654687863327168, 0.656405948550351, 
0.65098643015019, 0.655611856957265, 0.67127484475435, 0.664038671976247, 
0.655602432773566, 0.667250486031022, 0.662338501011992, 0.642900246830626, 
0.669209517186036, 0.667962682439429, 0.641340676941508, 0.657074475011355, 
0.675955514468319, 0.644919677750981, 0.670760451371345, 0.657495418750959, 
0.646033325572401, 0.643178694631378, 0.661582637508853, 0.670411789738432, 
0.666741211010274, 0.662146444704448, 0.672273782409326, 0.661375828715771, 
0.659271957143922, 0.658150988499698, 0.667981722134914, 0.662407843683092, 
0.649216457259296, 0.65671553627402, 0.665350167119976, 0.658871892406287, 
0.649839694716357, 0.664278469106047, 0.653609285802683, 0.658811559664386, 
0.662582919492956, 0.657696629344697, 0.653243091011375, 0.67235589951381, 
0.652663258841973, 0.650703687994435, 0.66899784712258, 0.658719328318412, 
0.653829205059253, 0.667775419088006, 0.661850744311149, 0.657580686619694, 
0.666804184405287, 0.663686518389056, 0.63901481775676, 0.642186298430411, 
0.676222911026101, 0.669889322481375, 0.670798508248182, 0.665493383367663, 
0.664079266659805, 0.677428634009608, 0.643805233523572, 0.670781952168261, 
0.665325700054286, 0.672124708811261, 0.677825558311604, 0.662599363448539, 
0.634418911271825, 0.658637916972327, 0.672679421274324, 0.64980129489109, 
0.669487725489376, 0.656689696681334, 0.655569919461272, 0.668412827485462, 
0.657213270580646, 0.644793433888003, 0.660632364826167, 0.666003009743076, 
0.66612823670518, 0.661114594507286, 0.653850383001278, 0.667160105683453, 
0.670986737181061, 0.678435817784521, 0.665765497079859, 0.665647035204818, 
0.655587655588157, 0.652135705378297, 0.681095101905853, 0.673267974429473, 
0.664088187038678, 0.655273687566736, 0.664669405096726, 0.660420490465064, 
0.660741198430986, 0.658883071577412, 0.668459904981542, 0.648354216260167, 
0.663702578492481, 0.668225767984542, 0.660415382829452, 0.661404567072713, 
0.662238702720555, 0.651151648274868, 0.660699722741837, 0.669277681653303, 
0.652438686608268, 0.663235139185308, 0.659404262431459, 0.675943592485323, 
0.645323752508603, 0.656559792554404, 0.65179728628965, 0.667898895725873, 
0.656259768787067, 0.660654859896767, 0.668299374547287, 0.652684769456024, 
0.670456196970391, 0.665372844919822, 0.660805978356259, 0.667102069044147, 
0.668172382823302, 0.653901630178449, 0.648571760659224, 0.646768406652125, 
0.651824715012728, 0.665726558302442, 0.660482908367945, 0.662251617483704, 
0.649392522482227, 0.663161527265309, 0.654907247132272, 0.629315209537368, 
0.662944689835102, 0.65346579283257, 0.657863665266403, 0.657574636395117, 
0.65427713202318, 0.651200012115231, 0.651660065569237, 0.664505531823566, 
0.662683624854328, 0.652011663182932, 0.674773802189552, 0.659478808420008, 
0.665972026443151, 0.667724748532079, 0.658117160966645, 0.660559833635703, 
0.650259046203531, 0.650615397184457, 0.661739457686346, 0.671380472550325, 
0.662166808839579, 0.654147099872793, 0.662857289688858, 0.66141027323221, 
0.667536100657608, 0.671533854097172, 0.653388080174202, 0.659872997459419, 
0.656264475756855, 0.669627185655247, 0.648833197493846, 0.653582997502023, 
0.665351928960858, 0.64798177254689, 0.661016146880925, 0.660089765013555, 
0.657382266346623, 0.657359792402958, 0.65664431826688, 0.653539787219754, 
0.665746416927472, 0.655777018087247, 0.663176156931016, 0.65361797442483, 
0.671120798791018, 0.668876531873711, 0.659108327854327, 0.66020988912651, 
0.635738656411811, 0.65465199102089, 0.653830960901587, 0.647025595282508, 
0.660063650333744, 0.670243205450374, 0.676835957756599, 0.654215283092559, 
0.656420083943651, 0.665756657370708, 0.652776237790593, 0.652692994355896, 
0.668267572242437, 0.658719907743569, 0.657048404506218, 0.670099135546638, 
0.6650552909627, 0.647673279807516, 0.672802449343884, 0.667713473169641, 
0.6680732514287, 0.650751191354778, 0.662819550248181, 0.658633086830767, 
0.673021307490232, 0.651814740917743, 0.648084303252505, 0.658512617581078, 
0.664826673985485, 0.643305077738969, 0.657059728799636, 0.663975331140903, 
0.66445375812498, 0.656055671819467, 0.660747560863917, 0.650450767363232, 
0.662616761025501, 0.663297885723134, 0.661504979390234, 0.658161437718028, 
0.667346963713718, 0.666473025364756, 0.652603589840785, 0.66439161849078, 
0.652717066794755, 0.668822785321771, 0.652377594058003, 0.652896636592572, 
0.662468594337457, 0.654682190902124, 0.670631301007432, 0.647709989316791, 
0.670452802301959, 0.657847801546722, 0.664920560262605, 0.653119928123873, 
0.664326179712273, 0.663617439596148, 0.656856610842366, 0.676780138500474, 
0.658488980834019, 0.666505240120192, 0.66547198974752, 0.664112890932575, 
0.660339299215703, 0.656784577085758, 0.66360514571017, 0.646221440009551, 
0.667624496655178, 0.663598730123123, 0.658482708624774, 0.652204106173832, 
0.669672563886425, 0.663452555712935, 0.674708226057598, 0.655488209804426, 
0.674073821747592, 0.662518015096344, 0.663768583335234, 0.653385881241801, 
0.659285630887563, 0.66397297128709, 0.662335381292412, 0.665613193390608, 
0.662746576871532, 0.649837197259578, 0.675310251227921, 0.651276535039825, 
0.661525942850289, 0.654423084844305, 0.654981494258561, 0.643151155552608, 
0.666880242793633, 0.672577301372813, 0.655499677645753, 0.674088765394651, 
0.661387450735773, 0.668718271459278, 0.673517396629836, 0.651216182554007, 
0.662811275706494, 0.673341210520792, 0.664092194708165, 0.667369049231744, 
0.657669356385122, 0.637702439086033, 0.66915164720894, 0.661592417327383, 
0.648492393053782, 0.64872759106879, 0.676818856632387, 0.64942802529018, 
0.667498360316031, 0.644352764138152, 0.656590032686132, 0.664965068993247, 
0.664590237108019, 0.655089403664433, 0.67077142186076, 0.663264737250474, 
0.66315005088604, 0.654878453570634, 0.657004431309378, 0.652517405974848, 
0.656597024878573, 0.659183124174607, 0.665934957079556, 0.663938081023535, 
0.650929732757155, 0.655057143036118, 0.663452206065308, 0.658878358346008, 
0.656147913146234, 0.651889958969831, 0.656089191097205, 0.642187787610499, 
0.660913082962428, 0.667995862583959, 0.649006134649292, 0.641994596767935, 
0.650216586280666, 0.657541398775482, 0.638356801223549, 0.660415822678324, 
0.65932796685427, 0.659315961284762, 0.652521138200186, 0.652035726680133, 
0.648709914368749, 0.655647289360327, 0.667027900574007, 0.664006838716259, 
0.651040330531811, 0.653480023643869, 0.658193574084172, 0.654751031852373, 
0.653015101718842, 0.647234912973639, 0.673933066922123, 0.657121217616419, 
0.6741215261461, 0.66977948439271, 0.66865657879714, 0.660466820163006, 
0.665228529754201, 0.667637853289265, 0.658455417228261, 0.66329061060432, 
0.639805005310255, 0.65864854447849, 0.666311429094348, 0.650918869233696, 
0.667694168816997, 0.659228444509063, 0.657594971348292, 0.67039545465303, 
0.662709854688986, 0.652583004724413, 0.660742779773298, 0.641424920323031, 
0.657517362522251, 0.659917964841704, 0.667772956556256, 0.653180471174099, 
0.663668544277882, 0.65933194212108, 0.66562403784449, 0.66789421202694, 
0.655477823589959, 0.6597972424427, 0.666653180437553, 0.64449348335769, 
0.661880159302322, 0.664838825725946, 0.654309891099277, 0.652353018632433, 
0.658771243926488, 0.659177558882417, 0.664816434346622, 0.663151248492358, 
0.651038249548416, 0.662231845620873, 0.656663605418656, 0.669372332867019, 
0.672301708021027, 0.66535052221718, 0.662700931903843, 0.648529510987381, 
0.666077957817596, 0.665114351861088, 0.669351297805124, 0.667595185643622, 
0.670607656753124, 0.668377932724457, 0.66495675916258, 0.652037469512055, 
0.648061141022499, 0.638205004931472, 0.656053369762603, 0.668076004360297, 
0.669688970822177, 0.653338789346954, 0.673149364186909, 0.66991534728688, 
0.665576917505485, 0.663136768856726, 0.660580152583109, 0.650149257638889, 
0.652137322993117, 0.650530006406588, 0.660530612595483, 0.668169089861213, 
0.659780961930905, 0.673279747874151, 0.665170785931397, 0.660593685338962, 
0.657498466801655, 0.664215188787601, 0.669321047830909, 0.642544549230097, 
0.663191109220171, 0.654461734016985, 0.674260571992623, 0.649733464878769, 
0.656128150079407, 0.65997589882997, 0.665479510077355, 0.649127945925369, 
0.666750445697437, 0.663644985608903, 0.662629001168772, 0.658169836063253, 
0.65279485170333, 0.666479723089309, 0.652605265393843, 0.655532629832475, 
0.66668842271909, 0.677935377522175, 0.639922013999713, 0.668825410296023, 
0.662972445815405, 0.666457328680146, 0.656804257093282, 0.66278208475927, 
0.656253516645556, 0.650805964402037, 0.663185086276124, 0.648617696531466, 
0.657699255603327, 0.655299975791514, 0.670635512117952, 0.669255457600335, 
0.645174011742705, 0.64220863217906, 0.652106062821809, 0.656007034506719, 
0.666093974252655, 0.65352881168586, 0.652126174394965, 0.676803659472778, 
0.66653049794681, 0.670431499226907, 0.652582636572596, 0.671645542472351, 
0.663535515384141, 0.667726978742772, 0.651566449726858, 0.656611439946974, 
0.670433261747398, 0.674386341619945, 0.662349815361747, 0.645278369164596, 
0.656878730343272, 0.659823578172227, 0.655414240918522, 0.660470205606475, 
0.653304338660074, 0.677259420017335, 0.673723107305974, 0.661258000082087, 
0.663966375361988, 0.661412810920608, 0.652060826768209, 0.658071993168895, 
0.674263829251819, 0.663433368409683, 0.656042373361632, 0.660143477766271, 
0.652966706692791, 0.658319490021027, 0.667947302828913, 0.665973580492546, 
0.661116780780042, 0.661237261363958, 0.655078762466542, 0.664404043667574, 
0.67143523201526, 0.666948742027368, 0.669027852915922, 0.663479641935602, 
0.670109024216413, 0.671381087144579, 0.648245089432684, 0.654592506432262, 
0.637451007188281, 0.668920626271794, 0.668344993670957, 0.664284373097487, 
0.647236294212224, 0.660981405005777, 0.670388120064476, 0.662797291027676, 
0.650904461800772, 0.678203787235865, 0.677578626222247, 0.663495758435264, 
0.665670572236257, 0.645054120001186, 0.63706312296906, 0.649142518024058, 
0.662421351823539, 0.676858556154013, 0.66675126377776, 0.668227067813195, 
0.668074847466447, 0.653234065046811, 0.616684017163678, 0.660102394477065, 
0.656197186535346, 0.669280801267754, 0.666015921828685, 0.65392270254793, 
0.667292070882608, 0.663734780496491, 0.66920543483098, 0.635204718584195, 
0.669330717891287, 0.65638198157634, 0.658230378905317, 0.658806429986766, 
0.666590905156674, 0.656572037098395, 0.672361840397655, 0.666492213212409, 
0.660107755301879, 0.655235628854678, 0.653213896604379, 0.66599108518758, 
0.670209322677554, 0.667056648733566, 0.669281318391871, 0.668754885429355, 
0.654008098184093, 0.678762720935091, 0.664686440389913, 0.661521408036602, 
0.669140186582235, 0.662031866757606, 0.669222093387821, 0.669708834727627, 
0.662770865456052, 0.649376905974541, 0.663527655121508, 0.658240860049572, 
0.655893631966647, 0.663182091179516, 0.660309820139603, 0.667523096696287, 
0.660044269986883, 0.65440606340187, 0.657967438760512, 0.663620253805821, 
0.67508074301135, 0.674411693429597, 0.667032512909636, 0.658457387932132, 
0.667805883397407, 0.655089224786179, 0.663168758868042, 0.65300327309792, 
0.658898974158886, 0.668504454482542, 0.669294653934006, 0.661771346874707, 
0.670434348622149, 0.651244534491677, 0.662740922699745, 0.650227782218341, 
0.659047498889757, 0.67484337150698, 0.660210505479025, 0.661365335048248, 
0.656055770656213, 0.658968330793772, 0.644861804327539, 0.660074787757066, 
0.662157355743797, 0.673150045701246, 0.642311667785291, 0.669230527624004, 
0.661096237226972, 0.666370160734857, 0.652730896140444, 0.653782942463366, 
0.676111306406027, 0.671970867202348, 0.670567553572872, 0.665391891259703, 
0.649100903756923, 0.664159868907797, 0.659677356983063, 0.666935857139963, 
0.669691138787432, 0.644782536876017, 0.648358138451923, 0.661398746909796, 
0.66823066942983, 0.658475684690233, 0.661788930422538, 0.661648918295504, 
0.646959165166128, 0.658468177906165, 0.645170376696049, 0.668091479414105, 
0.661843039245325, 0.663113887991965, 0.665838702584956, 0.662252339136673, 
0.655872482189608, 0.652933561337807, 0.671049141035136, 0.649308269966084, 
0.652632227574421, 0.65565296405852, 0.648384242934884, 0.639119929868429, 
0.661308255581992, 0.642291480892007, 0.656473033722576, 0.66678178654591, 
0.670740226511525, 0.661050356259564, 0.649756501933219, 0.658898130815684, 
0.659745066674644, 0.643454267742882, 0.659159539889421, 0.658978562001947, 
0.657214718568761, 0.664664145417442, 0.653242443409205, 0.64959768935831, 
0.661256221152766, 0.660175081694945, 0.668051108012585, 0.665606912851584, 
0.653184722716458, 0.671728456041492, 0.672116593510456, 0.668022208793348, 
0.671744945675599, 0.671495121042241, 0.652408303133201, 0.655698273467236, 
0.665085480886301, 0.658144040433374, 0.666666938875449, 0.661257948138511, 
0.643420336938041, 0.65822697763236, 0.655364543487814, 0.657394744170329, 
0.650637647001524, 0.650574500917411, 0.662823018731616, 0.662079646899182, 
0.676015997840558, 0.658957444321224, 0.658500439580927, 0.665827398336353, 
0.671957912778522, 0.664969808188202, 0.658006527129674, 0.659334517016124, 
0.65553521388491, 0.660250487484121, 0.663274340308807, 0.662938129813828, 
0.661032705212735, 0.661213866038017, 0.65658723890943, 0.646057641444168, 
0.654784585759673, 0.668082882768501, 0.650399917717096, 0.664217165805404, 
0.670332244072106, 0.669725225187228, 0.666618446425137, 0.655020299562382, 
0.661861102162331, 0.655609799407643, 0.671415186184776, 0.67103508060129, 
0.660479722585147, 0.658407596675972, 0.665065598433676, 0.665780642158613, 
0.666247445884965, 0.674969616856298, 0.658124861685267, 0.635603829735841, 
0.667231304338399, 0.665884133501511, 0.672981510298025, 0.665765073528091, 
0.656511163518418, 0.661858125269003, 0.653277001140085, 0.664963403909605, 
0.664221247791502, 0.658406717693018, 0.646435316166981, 0.655698751236141, 
0.6616274804418, 0.66146014598627, 0.653163609842567, 0.650928586862318, 
0.667977537553594, 0.653578864303564, 0.670605488224048, 0.662622404049806, 
0.658116451410453, 0.666450857828699, 0.660769614779845, 0.652893267584575, 
0.667786327957977, 0.653260429791663, 0.651898382262458, 0.66416253705005, 
0.657134714484911, 0.660153048576784, 0.664282526046412, 0.648546233154708, 
0.671806380827745, 0.663672876366742, 0.659548735912942, 0.668402243686781, 
0.659237276104908, 0.651198062203889, 0.66511717016328, 0.665108608177204, 
0.663480436371281, 0.648347349573444, 0.664103412414631, 0.672095208298292, 
0.661752775287518, 0.656209723544255, 0.663671760278172, 0.649827311440476, 
0.659306530511133, 0.665321267518911, 0.66901389588845, 0.670172977186501, 
0.659573519118755, 0.669780438554131, 0.668642568416643, 0.659948563028292, 
0.640527135440686, 0.654632287347454, 0.653134184364695, 0.667548186649693, 
0.662784609222195, 0.653006243817394, 0.672096875764127, 0.667376731600331, 
0.671485329653632, 0.660502460916069, 0.661066131229194, 0.655587187360478, 
0.652633586371201, 0.663361591002843, 0.676145196501254, 0.669065682908203, 
0.66665888145264, 0.646890793770586, 0.648093850563344, 0.663142274557581, 
0.664025414974525, 0.652999458540133, 0.671321710659154, 0.651548527054919, 
0.654056731805077, 0.667023586269903, 0.650044124608375, 0.667446438195697, 
0.654733450792039, 0.65803503758615, 0.652763004756583, 0.644353566648922, 
0.663220553601144, 0.660919200703217, 0.652259428581827, 0.655728909730535, 
0.645443038634224, 0.66832192731415, 0.64517540434201, 0.654319685424933, 
0.661219366009271, 0.664480028627542, 0.662052358671903, 0.658147808424847, 
0.668129901506511, 0.660454940017308, 0.643820279217344, 0.660175477920094, 
0.659567530151365, 0.660486268810524, 0.664313214004119, 0.659082849205338, 
0.663183958081869, 0.657917827759645, 0.657815635301026, 0.64938450076965, 
0.657068456596841, 0.662680003693903, 0.666175575172224, 0.651032696150044, 
0.662019940819962, 0.66757425663084, 0.653768838437146, 0.664319334754434, 
0.652979816897912, 0.646707997523731, 0.66772173481489, 0.669516321691384, 
0.647291005620349, 0.66478756843976, 0.664747444447949, 0.660716033895235, 
0.664273718891998, 0.65801723116114, 0.662319161601423, 0.660897102098845, 
0.649576283335236, 0.655254876964987, 0.677890334708504, 0.660177559588668, 
0.648987230938504, 0.650494934619709, 0.655648530877985, 0.646788797583565, 
0.664591672018656, 0.655115109884494, 0.664926695668446, 0.651859460046539, 
0.667744964635328, 0.660502988900158, 0.651116898971521, 0.660846675351499, 
0.662797474543885, 0.669666617494139, 0.669231165898654, 0.669182789781296, 
0.662218923962291, 0.660294275632406, 0.670255197631485, 0.643771672233258, 
0.66207329752077, 0.664366064847086, 0.655774078429378, 0.653909508330361, 
0.667722679168761, 0.652275277233884, 0.654431950158278, 0.664438478691444, 
0.655854106072029, 0.663976382060534, 0.663733553380391, 0.657749611865724, 
0.655963237637076, 0.664101362932043, 0.670051414878989, 0.67016820110872, 
0.652774662819743, 0.66572603900509, 0.651483075697398, 0.646174406596118, 
0.656179166750177, 0.6504696459256, 0.663086706165048, 0.666486891208326, 
0.665292123913246, 0.659215429592887, 0.649499150953484, 0.653793689324998, 
0.665103845179387, 0.654230029646818, 0.633137835519997, 0.653322436594001, 
0.664208868571982, 0.658329302143273, 0.66023868602814, 0.659285137777281, 
0.653151827858907, 0.65095180274712, 0.677351349238526, 0.669234071987555, 
0.661590898949948, 0.655105836111486, 0.656533191564906, 0.662958853378863, 
0.658330056132993, 0.654799769190322, 0.660578244673718, 0.667760845372018, 
0.645853010353033, 0.65024870265963, 0.663239757211256, 0.644286332398303, 
0.66981550923379, 0.649693616337446, 0.654346534901601, 0.664403875464558, 
0.668245057028548, 0.65126386123876, 0.655048782803575, 0.650808101333788, 
0.661564113634215, 0.652393965295503, 0.671513091653744, 0.654340863235118, 
0.669845741025311, 0.662699466061241, 0.655639309884211, 0.6565786397698, 
0.659539519712129, 0.651845755117039, 0.65998333494796, 0.673017999151476, 
0.63513117326772, 0.659539536968644, 0.658594234586849, 0.658831310210157, 
0.649450599704164, 0.64903906399336, 0.657264561122749, 0.663127223979569, 
0.650531875782039, 0.655342165617705, 0.678604128440954, 0.651872562250036, 
0.673402147266365, 0.661665538334795, 0.668468689039831, 0.651998607852829, 
0.671438129123847, 0.661073437959129, 0.667790128396343, 0.659079637321085, 
0.665710904518993, 0.65595933229169, 0.652092561728991, 0.651770321006583, 
0.647817940760036, 0.668645461103014, 0.649140702897598, 0.657628387258027, 
0.655891845721266, 0.650723741369086, 0.661662560871131, 0.662348063972567, 
0.674930257553575, 0.661187979619765, 0.662221110429019, 0.658557978257078, 
0.662417161168688, 0.665600577558515, 0.65911046805042, 0.642647452331004, 
0.656180933717855, 0.659073791353476, 0.656905144906702, 0.656679265847837, 
0.667547329909051, 0.64490993310009, 0.667767558139255, 0.652959636225902, 
0.664056456061901, 0.663888403727794, 0.662952914334736, 0.657130839370276, 
0.640192548427249, 0.667437623817629, 0.655331897445691, 0.657725798091036, 
0.662595809753797, 0.67533809692333, 0.666530602449055, 0.665992093857164, 
0.669225371650087, 0.674068450328407, 0.66547597154597, 0.667415684302619, 
0.646263942151305, 0.672083910463454, 0.650230364199602, 0.67128109975783, 
0.647151474045368, 0.664480134870207, 0.655665319367716, 0.661131959925198, 
0.670334180826089, 0.663533453119318, 0.661566583364934, 0.652020358103438, 
0.651585739379354, 0.660316859837696, 0.655354463712127, 0.665733223498863, 
0.655487074568904, 0.674499722698969, 0.662961992766322, 0.649239145424456, 
0.66439410229604, 0.673178784068623, 0.652967540451652, 0.653580193753178, 
0.652162553065234, 0.672412602341407, 0.667173308142574, 0.669980039567951, 
0.64389715056966, 0.672757763142532, 0.668124114442914, 0.662594117531058, 
0.660939770639849, 0.649970810748636, 0.672893326422522, 0.669789318962051, 
0.652860046588028, 0.656525496477337, 0.642509504691906, 0.661464122864591, 
0.673016032832314, 0.6590538959894, 0.661370362205393, 0.669231192158029, 
0.658565299098146, 0.658213162997746, 0.646093706956508, 0.655411653706066, 
0.671683170540738, 0.654663653619146, 0.669794246010285, 0.650497386461056, 
0.667877715286661, 0.656207520523234, 0.656911694645024, 0.662650276723545, 
0.669221117106911, 0.660781915628869, 0.649785778206233, 0.672411152102827, 
0.653821807951715, 0.655621728418634, 0.650221113872043, 0.671194895306128, 
0.65610594401466, 0.671864491581481, 0.653095123902663, 0.655860478141462, 
0.649364255568949, 0.66428164689254, 0.640552257564608, 0.668861574080535, 
0.660206374402252, 0.676301001923373, 0.6699001118614, 0.652455969469165, 
0.669354131423011, 0.668468762510377, 0.65611341456305, 0.65632763562176, 
0.664938708828683, 0.658109811637793, 0.646618101958038, 0.658786552387921, 
0.6639735810621, 0.65672693704148, 0.649853619107716, 0.6529011432559, 
0.64889351860813, 0.654175125120495, 0.671724645194609, 0.659136106117841, 
0.658930920738784, 0.661815669670195, 0.669082262678339, 0.658898538220858, 
0.668719949732849, 0.6649440258388, 0.66738999164655, 0.663685937472834, 
0.645907244436542, 0.656893820058607, 0.655235346420646, 0.666322258140399, 
0.649301376631271, 0.663642401803784, 0.65456658257278, 0.663914235375403, 
0.667642386579973, 0.663586489916025, 0.652856480592169, 0.660805764250054, 
0.659095154313555, 0.655935923107336, 0.669183641715819, 0.65896540686628, 
0.66097245457133, 0.662731214882902, 0.656810553795239, 0.6580836602138, 
0.667731461097031, 0.653031469427552, 0.657664321215544, 0.654187068632695, 
0.668424471377225, 0.65522072447687, 0.671270417284367, 0.648483861973084, 
0.663048494798085, 0.658891706565485, 0.660421807663745, 0.64845686168193, 
0.656577840248636, 0.667213397391004, 0.661408001569971, 0.659463482191073, 
0.667281219429077, 0.660543726650889, 0.65484107591877, 0.65450040838709, 
0.652079794253574, 0.634418488624061, 0.668261942483113, 0.666094035081546, 
0.659100996282683, 0.658688450363435, 0.661352264507614, 0.673349722193039, 
0.663519967621312, 0.675024907128401, 0.662482271101633, 0.667570769957483, 
0.659408052305359, 0.661765161990619, 0.660214056486196, 0.67018162138444, 
0.668021302809478, 0.67161343651189, 0.663603684842088, 0.64297281075798, 
0.662867785790274, 0.648926202520374, 0.661185152790652, 0.658243642824741, 
0.657137464713035, 0.659579064338759, 0.66586332236003, 0.660829279007052, 
0.649191657798366, 0.661184780480632, 0.663490103696475, 0.66513597861257, 
0.649743466436308, 0.659392384527346, 0.652780472999887, 0.667488894836222, 
0.664631589531421, 0.657206426576897, 0.657633525171776, 0.651734854708889, 
0.667550150901028, 0.674734731152198, 0.649644439828621, 0.651689616282747, 
0.641082054458362, 0.662408869057398, 0.643970924460764, 0.658218066114926, 
0.670639321119528, 0.659353117784819, 0.67125941195409, 0.669800298158413, 
0.661860808258088, 0.668026175934172, 0.665723987586663, 0.665426834227932, 
0.671549566612854, 0.653745364754252, 0.659970528179688, 0.650595159787002, 
0.668144895647623, 0.668142846786159, 0.671092195967846, 0.645179022127924, 
0.665436565525513, 0.658072773091892, 0.656484488211798, 0.639875573925901, 
0.657928807181563, 0.656158908036817, 0.665909955710703, 0.654604829246649, 
0.662757711512931, 0.665803128004061, 0.667033421200851, 0.663643665981247, 
0.653250087534964, 0.659482070875352, 0.675313029940912, 0.637464365403791, 
0.668821689298631, 0.665382146745904, 0.659021408747618, 0.645384642230843, 
0.661350120657679, 0.650140828278698, 0.654938214419853, 0.666224245590395, 
0.667697426832563, 0.659422105090106, 0.666712707119864, 0.661460121449501, 
0.643003521621512, 0.659793210641492, 0.639876404640936, 0.673412665881373, 
0.653445077061752, 0.65790865303409, 0.65178267805593, 0.670709713490053, 
0.677243547498154, 0.669502774607768, 0.659210733523464, 0.655449148653539, 
0.655637995841772, 0.656028976156814, 0.66535309820893, 0.647382912866052, 
0.661035784513064, 0.659215999557492, 0.639081764048015, 0.650016269361147, 
0.659317231402486, 0.655701257812568, 0.655084613461899, 0.662780820539511, 
0.670703421859503, 0.655282925160989, 0.666852075610073, 0.657817523366853, 
0.677123558244199, 0.647435692907343, 0.672519151160573, 0.66101729331873, 
0.660361102757307, 0.656753091337704, 0.648188145740634, 0.660478906311891, 
0.663811162689765, 0.642427403544701, 0.644664172878638, 0.666342096757821, 
0.634239620191869, 0.654504620305393, 0.671397527539159, 0.672801116874763, 
0.665070347969691, 0.652215736353661, 0.663150305611542, 0.664244239558469, 
0.659740941676894, 0.656170859627893, 0.663174533824339, 0.664858499814739, 
0.665278611129862, 0.648520412316794, 0.660483736523579, 0.668778825442175, 
0.651827338937467, 0.663451633138862, 0.665989821866322, 0.645639577457851, 
0.652230709954663, 0.64852873183424, 0.661355347890108, 0.650669694148549, 
0.665333007734637, 0.652265882202091, 0.667589554631714, 0.659265802593348, 
0.664702058152105, 0.647139840695613, 0.672344037530187, 0.644544595362892, 
0.65870874200588, 0.655439527414568, 0.672908581114587, 0.672744570661769, 
0.661914509259639, 0.648210289537705, 0.671696290384722, 0.64904246080917, 
0.661598032607273, 0.674490301915662, 0.646336185891218, 0.65556257229577, 
0.670124739258506, 0.654875361701662, 0.663122829751783, 0.666885141622936, 
0.66430275492931, 0.665098104471733, 0.668142464675883, 0.659585846396935, 
0.657643672439618, 0.655837087649799, 0.669769735824573, 0.667211263913127, 
0.667046064694993, 0.665660704792863, 0.658372176708748, 0.656671191582061, 
0.672226653162994, 0.653970553187038, 0.66424021750767, 0.656937246067789, 
0.655536658745998, 0.653397151894509, 0.667840855384707, 0.665941524725342, 
0.666289592442567, 0.655627057375732, 0.667158147522411, 0.663899332350022, 
0.666936914970364, 0.66534271190532, 0.667676236438755, 0.659724131233555, 
0.66971686564595, 0.674687457645082, 0.669163554084156, 0.655023766366543, 
0.660684304940168, 0.66800135994367, 0.671112085111597, 0.664166180144981, 
0.656739230956242, 0.657303973253838, 0.660539112096468, 0.667664948807511, 
0.654756029116628, 0.6663022393821, 0.657577884322377, 0.665400295371929, 
0.636866677056539, 0.661405658338368, 0.655847993171191, 0.664090892336542, 
0.66043004817083, 0.666516447542641, 0.65938809293492, 0.658354237408584, 
0.656592434666488, 0.653887879875035, 0.656352559200921, 0.64610515476441, 
0.647538533150789, 0.653736520397497, 0.659749959540197, 0.662239958342547, 
0.650314388408063, 0.657415157022719, 0.6662513446697, 0.663084100164976, 
0.67339589824747, 0.666599142396906, 0.668671014495912, 0.647662642248288, 
0.646015092451219, 0.65996972602139, 0.67446968776752, 0.655662453226996, 
0.669464391119758, 0.634300238483681, 0.648030315873192, 0.657253871629945, 
0.666678944520762, 0.652170722752046, 0.647278034646903, 0.662543738054899, 
0.657791364162559, 0.658554349945946, 0.659803828548994, 0.651304233696635, 
0.65850476890045, 0.661182831691619, 0.661987362500029, 0.666757762233488, 
0.63552201455883, 0.674319709340091, 0.666802755526727, 0.651180730604365, 
0.670369449930443, 0.663453849765657, 0.662986102053389, 0.667516388253598, 
0.654844344778913, 0.661945733045676, 0.664775795124203, 0.650996487826714, 
0.657166265756499, 0.655838305071233, 0.669579693444659, 0.67395914617952, 
0.650087395210079, 0.635944504005551, 0.66468388905022, 0.660307680945939, 
0.66442771264791, 0.654878615087642, 0.657733186701627, 0.656156206732611, 
0.659997741542894, 0.667645939468454, 0.662874656794798, 0.67403781821684, 
0.652717549592794, 0.662269350104417, 0.659729049831519, 0.662011004008698, 
0.668966143532299, 0.65136901451893, 0.661084755269598, 0.668500516116525, 
0.659140402101227, 0.668840965065101, 0.660150636325279, 0.672792824564916, 
0.664988084946842, 0.650830209229529, 0.652827831938698, 0.67309844587834, 
0.64765240376785, 0.661142860336881, 0.657585744108712, 0.665336509051685, 
0.661158663721788, 0.659063294130672, 0.667631458989547, 0.668339738049736, 
0.673432886258467, 0.654015735208324, 0.66588661589324, 0.657158574732691, 
0.668897881377095, 0.660446807623319, 0.665542888959559, 0.669557597965453, 
0.665148463690115, 0.668693638099752, 0.664978595482541, 0.665544815972839, 
0.65622826593374, 0.656171865942872, 0.665441221339782, 0.658163237229764, 
0.663500433604242, 0.635571558955431, 0.650177337999293, 0.650180630605869, 
0.66654446176539, 0.65945694793658, 0.65107122454699, 0.65483493244928, 
0.665838566776971, 0.657185384339651, 0.648979907333872, 0.653566772016781, 
0.663569755806784, 0.663874771004108, 0.658107778285799, 0.665715013826423, 
0.662057401215997, 0.67392995141091, 0.668252967261891, 0.662073791662951, 
0.66390646136036, 0.66753747120646, 0.65799851142731, 0.662557391072279, 
0.66447751630651, 0.665686641203692, 0.670463372231299, 0.658444835618903, 
0.66701064728354, 0.668356628808952, 0.659917598975246, 0.6659285019082, 
0.653350209582055, 0.653871905641005, 0.654175836873454, 0.649017145596118, 
0.670841454967205, 0.656838435306321, 0.657116280473777, 0.66598416086194, 
0.655049324762803, 0.666304430585989, 0.657366701651628, 0.654184885521195, 
0.663438643102459, 0.657361698302774, 0.660513754189814, 0.662507374784407, 
0.654619795899841, 0.662932134206396, 0.659347587742256, 0.658640023657418, 
0.666980327327528, 0.657264308969131, 0.655640127875052, 0.665774485607441, 
0.66099546196752, 0.659554342040225, 0.659475025299832, 0.663321345151198, 
0.66982183911452, 0.664688371201391, 0.660597463606288, 0.662663291593603, 
0.657568149863689, 0.65081881424196, 0.651019822829446, 0.667584676990054, 
0.657572112462941, 0.654905825290931, 0.660659639826577, 0.660961618536756, 
0.660067538050717, 0.668878086589594, 0.647613497101959, 0.648746765413071, 
0.671308691836034, 0.670398130018419, 0.663756450891763, 0.671564733247375, 
0.651781450188279, 0.649228458324465, 0.650579943742731, 0.658652584038649, 
0.658442077904583, 0.64383132066781, 0.660086122675043, 0.6668186761383, 
0.660797795702254, 0.664231510788711, 0.662140185907515, 0.642580003056971, 
0.659907799277681, 0.672648074809665, 0.668403655314514, 0.662061706983915, 
0.657835769529704, 0.652602877594559, 0.658222670356875, 0.664887230253533, 
0.650745075070008, 0.660686569884242, 0.66350783264461, 0.664299045600424, 
0.663872406099026, 0.660674833237217, 0.648196665660865, 0.65782348391013, 
0.677547030174411, 0.649842094530349, 0.629641317290079, 0.660940982701422, 
0.661235543663126, 0.667856442821866, 0.661336348296417, 0.648814278702635, 
0.665653514683271, 0.66795440605004, 0.666098595231615, 0.66876512673337, 
0.659952075803931, 0.667639189833134, 0.665044445029599, 0.655256935393282, 
0.665938175367537, 0.654146117562117, 0.659584453836513, 0.659901550152564, 
0.657371333670091, 0.644155487189842, 0.668863198598378, 0.668060637876438, 
0.657681551055329, 0.67139668161066, 0.666768690888668, 0.659096209955898, 
0.663474330438871, 0.666918996764098, 0.665015348428188, 0.662059485796349, 
0.665969807163793, 0.671541207776643, 0.654850966473032, 0.670786103867816, 
0.664143398990221, 0.664565707079519, 0.65664351099413, 0.670679796153071, 
0.671541336953064, 0.647842570518815, 0.652833092249597, 0.65335998851085, 
0.660703848214998, 0.655391380556921, 0.659781723917473, 0.660988179030672, 
0.662638681501041, 0.656217677363269, 0.651065534655878, 0.657167951560222, 
0.656097790480139, 0.652729877978847, 0.667661505373671, 0.668505855892891, 
0.660709159282575, 0.663942474986759, 0.65913017683596, 0.667027684624355, 
0.650764709983869, 0.672439606083793, 0.652879223015062, 0.664192864386451, 
0.657034748634293, 0.671060631930517, 0.661534654746394, 0.671407270125125, 
0.654607453244613, 0.670082524769683, 0.650840644427693, 0.639344867046621, 
0.65216241024021, 0.660753333386225, 0.653633168745464, 0.648657670530535, 
0.66212004885089, 0.656612017633002, 0.659350195355658, 0.648881573130154, 
0.66492118443876, 0.659267489794338, 0.662379780205353, 0.65864886213594, 
0.652878665476134, 0.659067990711437, 0.644259088041922, 0.666257455489263, 
0.666539008665489, 0.66312472105888, 0.654978817275532, 0.668655196353558, 
0.673686190464204, 0.662476982581516, 0.666109596359216, 0.662574177460312, 
0.668917482563524, 0.658349659255282, 0.663696812850665, 0.647454710477596, 
0.664139530568969, 0.647599933068103, 0.67012041264121, 0.664274635635422, 
0.661458827948347, 0.662103613060897, 0.671691624924648, 0.656205004275778, 
0.639596782452961, 0.661230230376946, 0.666215839297031, 0.645678036222895, 
0.651947520375695, 0.671764251807844, 0.654518054205394, 0.670172039803256, 
0.647399795926213, 0.659828803606804, 0.657139790877153, 0.655809152706304, 
0.660820174504805, 0.650531646966838, 0.662738319589877, 0.657993601569496, 
0.65270250127416, 0.66905439272505, 0.667193004737211, 0.653234906702279, 
0.650179303223046, 0.658301809967233, 0.659000746275784, 0.671187471627914, 
0.668616750957576, 0.668742678395418, 0.670764437172546, 0.653677936169941, 
0.664690290330227, 0.658007443488914, 0.661182825989965, 0.660176317437948, 
0.665401680334807, 0.657420802865355, 0.666288175394262, 0.658947479794688, 
0.662771999781265, 0.675302321901986, 0.669343145940227, 0.666355010382942, 
0.648649141179408, 0.673287346295562, 0.6571024589665, 0.664012198416614, 
0.659702060815627, 0.655456849844965, 0.662745286159885, 0.656339346858683, 
0.656446104644697, 0.662548505962856, 0.64898631868285, 0.660623986916609, 
0.669338066234438, 0.656803446757852, 0.668100992792708, 0.64334983497387, 
0.637330449908616, 0.665898774681023, 0.669774078252355, 0.669461106586501, 
0.666618293933333, 0.661304827259689, 0.653562628709763, 0.665658550719732, 
0.663236646143306, 0.665567614781046, 0.635938380401157, 0.665993084950577, 
0.66505921947633, 0.652302542524218, 0.654175152790484, 0.652548867019199, 
0.66441106618778, 0.66210702628158, 0.649924788689899, 0.668026309238548, 
0.66323064145439, 0.661342748004433, 0.65422548693182, 0.667142719674414, 
0.638642548095422, 0.657708127167329, 0.659829936045132, 0.661984367444936, 
0.658121643729362, 0.663900088033485, 0.651900503565381, 0.666184983846532, 
0.661377158275031, 0.65396020732805, 0.649120628331227, 0.675653129150202, 
0.665861389770231, 0.669045110167406, 0.658856458986197, 0.668514241850265, 
0.666659595102879, 0.657237278506694, 0.662404792642868, 0.672894906337842, 
0.670405147641173, 0.654106092454751, 0.664657311877767, 0.672867336406125, 
0.680113584734079, 0.666607134804176, 0.658779585282256, 0.658087876512287, 
0.651060620444758, 0.657639259831899, 0.661600335323994, 0.664803904255731, 
0.67607027828487, 0.655406525251018, 0.673583726215016, 0.667130883400898, 
0.66079754034718, 0.655572583403029, 0.675692536717412, 0.662261345941981, 
0.667749978094645, 0.661047590015561, 0.645068115799539, 0.659820533031657, 
0.656710102775035, 0.653385770239697, 0.664198377240616, 0.657421419112954, 
0.659478141302095, 0.656750851444554, 0.653638064215245, 0.660003713574616, 
0.660965802923987, 0.672582784585835, 0.662239958090555, 0.666193719566698, 
0.663611510697125, 0.666989653056794, 0.674740041792799, 0.66972874572564, 
0.663555621302552, 0.666378618784591, 0.66569619237737, 0.6668036219015, 
0.658864874675415, 0.63800875602077, 0.663086485560601, 0.671014512634435, 
0.660005426954434, 0.676712571309195, 0.647368195568694, 0.658803625416819, 
0.663090135235049, 0.67665424840865, 0.65455655770183, 0.667810025960481, 
0.65562446447652, 0.665573890736922, 0.652709810817369, 0.658234254373039, 
0.655951873375886, 0.658818851501723, 0.668645474939434, 0.656061783693756, 
0.666057647008253, 0.662837548404634, 0.680495360060123, 0.658919277222253, 
0.663569270859868, 0.65526823416485, 0.658118471854928, 0.668939356533147, 
0.677232134518486, 0.659445471331223, 0.664588668585162, 0.662968891770919, 
0.670437865258201, 0.654354763503118, 0.670529571200589, 0.670056816569404, 
0.666597143547126, 0.682989034561634, 0.65402932902294, 0.661626262438137, 
0.659910172895664, 0.65549031169737, 0.659221103607037, 0.634589648505515, 
0.665720840270081, 0.67418982597523, 0.648572918564115, 0.650434676247918, 
0.676563842058225, 0.64490938008192, 0.663007588529641, 0.657987975585682, 
0.66391107791026, 0.669112495973976, 0.67126103887424, 0.647852928126034, 
0.649966773983775, 0.667297210117673, 0.656722342118622, 0.666184423038921, 
0.665028750979833, 0.65015841935116, 0.658055038439586, 0.673985092626561, 
0.665410900435216, 0.653623206066077, 0.643418429625948, 0.659925964116404, 
0.648203748166088, 0.664979783526976, 0.662215418212265, 0.658466104367927, 
0.658428749818982, 0.671028882454946, 0.657903391377923, 0.678287168212343, 
0.65970814917976, 0.650258415764324, 0.655849576166645, 0.658642082472699, 
0.664478976390826, 0.65059778226929, 0.665615734914319, 0.655219852169901, 
0.6541844005639, 0.648739566848108, 0.662836024822675, 0.662281282071611, 
0.656408121784304, 0.6515718608425, 0.660187594792933, 0.658994637320932, 
0.657099272846182, 0.670923457974907, 0.651731831260555, 0.661721737245166, 
0.645809642841424, 0.656731727651081, 0.669154356746731, 0.662073505490825, 
0.661531508949389, 0.668820056759683, 0.665761706256983, 0.659915886200365, 
0.650095168282614, 0.651891768979906, 0.672951187366963, 0.651406120822386, 
0.642520373255674, 0.652678715394182, 0.663801348861303, 0.660247694637314, 
0.653202808009211, 0.667152718814327, 0.662382204020902, 0.665572008577811, 
0.664748037738592, 0.653964298852686, 0.678499067774518, 0.660810049985179, 
0.654811223681049, 0.652437393758239, 0.656705081652697, 0.657040981065209, 
0.65515144106493, 0.649816130388228, 0.662142942277873, 0.666174104069832, 
0.673915043906975, 0.66699265271896, 0.660204592171163, 0.673658664006814, 
0.651742673436101, 0.670026908245512, 0.646322023948547, 0.660591018240221, 
0.663560344567323, 0.66485871809263, 0.655852625206225, 0.666062247859059, 
0.674141100586735, 0.657891208595748, 0.669990704559431, 0.654215774883994, 
0.644837406250168, 0.671536187193183, 0.658399428461505, 0.664985413762665, 
0.665204482700541, 0.656839949986297, 0.65534187252165, 0.650224839056951, 
0.658744626315429, 0.644598580020501, 0.664093340837301, 0.664785401198822, 
0.671317678163314, 0.650775855447715, 0.660023944308836, 0.660325284792217, 
0.659142896528031, 0.653442767136592, 0.636470003070187, 0.674272944762506, 
0.668165926154063, 0.651190208044188, 0.664980944329144, 0.65433158403483, 
0.65879610682866, 0.654705299130061, 0.660937824712913, 0.675560385139542, 
0.658976960116848, 0.659360759558573, 0.65446808059559, 0.661257229325591, 
0.656922703186516, 0.662538080220916, 0.666692737034204, 0.646731067037627, 
0.674361803446433, 0.666469819161874, 0.664098720703475, 0.660866994386201, 
0.652153897442408, 0.667521340601648, 0.651340817460627, 0.676170750603869, 
0.665574712851415, 0.673426552211562, 0.675001422152453, 0.656587765068536, 
0.669131025036, 0.669491342521951, 0.647973537139476, 0.654529070438026, 
0.66653614356644, 0.660430243890573, 0.648835945848767, 0.651590175926096, 
0.66661413188054, 0.653569571176556, 0.648021121973759, 0.659818750174774, 
0.665966879407665, 0.65914528734847, 0.66927830573383, 0.655830032114242, 
0.664993850826007, 0.66995678122714, 0.647354671883014, 0.650992262608383, 
0.659644883408479, 0.646641166717384, 0.65518506330936, 0.66999561676338, 
0.662164301164283, 0.662722210928982, 0.644027744016494, 0.664523482389716, 
0.654906001137126, 0.66147826571468, 0.664529213489304, 0.658467985394066, 
0.64339100552872, 0.663773405394439, 0.659490596168668, 0.658345478340807, 
0.662179349808969, 0.666940788567619, 0.64232933690561, 0.655196925996064, 
0.644933138603741, 0.660790250956518, 0.667512656505296, 0.656011198870217, 
0.659867210272218, 0.675918454071272, 0.662420654142043, 0.654442641157413, 
0.659936966871536, 0.658409958416415, 0.667440940899612, 0.661187752312107, 
0.663155312541697, 0.651434916028157, 0.667356620616801, 0.663848699869745, 
0.663447198117152, 0.653920691045418, 0.666599599103877, 0.676749436949454, 
0.664271752169487, 0.660869017534895, 0.657793276740704, 0.668511148309489, 
0.64935605653129, 0.650325161199427, 0.655140318840234, 0.653531357140361, 
0.660485451106664, 0.65887492333843, 0.667022538883996, 0.662450363424048, 
0.668617450097921, 0.661268459177246, 0.664045064550327, 0.671444459964735, 
0.670992435291258, 0.655412914015597, 0.64070888007227, 0.665324684813775, 
0.667063146991202, 0.667612956354892, 0.665322828278676, 0.668612258316727, 
0.6595315887108, 0.65084867355764, 0.652009650857987, 0.646569640377087, 
0.660715436753445, 0.654779491761883, 0.666453084984727, 0.657634830018871, 
0.65138893183342, 0.654298960080049, 0.672102067900787, 0.664713167693996, 
0.667579365802344, 0.670606049485047, 0.666655474407946, 0.65576541812777, 
0.654326716708142, 0.672448906276586, 0.667202906057401, 0.656490440289157, 
0.669955426266192, 0.658241919146176, 0.664576188162546, 0.662985735294912, 
0.664725388034328, 0.654064781259549, 0.644308733839087, 0.66678216444095, 
0.659461489040693, 0.657858116712313, 0.650703697221426, 0.672882198469874, 
0.662055860681375, 0.666400200663876, 0.656563006304115, 0.65840079651214, 
0.654068670431258, 0.67429597112357, 0.668992215873734, 0.6671665525583, 
0.65897727843074, 0.660150439025745, 0.66030185331489, 0.66161611425844, 
0.665639511944065, 0.660733923569388, 0.666515888424072, 0.655191862996293, 
0.658090244947698, 0.659481553189739, 0.658715338407483, 0.659168112113894, 
0.669697971301654, 0.661020166564981, 0.662552846040309, 0.663943376272246, 
0.667186717001129, 0.659419985325429, 0.651816533014389, 0.664392715011503, 
0.65990914834956, 0.652025112786135, 0.667757665517762, 0.654285357632435, 
0.655919964296555, 0.66645058507263, 0.659409717790618, 0.660480764167707, 
0.659490967977186, 0.659510925961877, 0.657775322492038, 0.651883808776732, 
0.649164255143308, 0.661886643545567, 0.663427036779207, 0.657069275222668, 
0.665637762751639, 0.659053846787517, 0.6672268205626, 0.654328058095295, 
0.632252128383875, 0.674354953627726, 0.663729752620988, 0.666374482450129, 
0.660278506982927, 0.651334395967669, 0.654385066419672, 0.658266632844206, 
0.672573068143658, 0.66566287388497, 0.661674857059143, 0.655349532504304, 
0.651911323140486, 0.671279322650153, 0.650435210904277, 0.643589989119151, 
0.661995742807458, 0.657162369924544, 0.664647090271496, 0.658106134099033, 
0.66050952478278, 0.650169053134211, 0.661174052167656, 0.656017629692615, 
0.658123351674163, 0.670883393466032, 0.663149845733601, 0.658682435721793, 
0.666117471964763, 0.66066404247054, 0.662162850996535, 0.646131107927731, 
0.652755443224813, 0.658007598217398, 0.662577344032406, 0.64504775485262, 
0.672468239910946, 0.650847456998005, 0.642359669939803, 0.666158664250676, 
0.65087605355099, 0.667169640901756, 0.652692525710274, 0.658803943278257, 
0.668731127803622, 0.663950603891407, 0.653255896773934, 0.661130317822927, 
0.659019725746598, 0.665239799569849, 0.656898031280729, 0.64785173048157, 
0.664606378669404, 0.64959515816902, 0.665470660538662, 0.635298254658043, 
0.669406070588575, 0.66661025044912, 0.652267980039502, 0.66342157700255, 
0.657987755073033, 0.648961838755763, 0.672016092728659, 0.651652021101239, 
0.656999222343611, 0.668445789162028, 0.639992552430689, 0.658834625904474, 
0.659330233184677, 0.662549362435067, 0.675320908136499, 0.663144194398118, 
0.660197425700612, 0.653706003841792, 0.671485381002171, 0.676066843255681, 
0.667070692223006, 0.674651252533216, 0.655158545504425, 0.646794445802749, 
0.656738445148893, 0.656197192728797, 0.651876993742836, 0.663177898782144, 
0.666539634272502, 0.659787140330864, 0.663485426657788, 0.655777463591058, 
0.662647451900913, 0.652336704073581, 0.661799648643615, 0.66114958459142, 
0.655595644021761, 0.663303478818274, 0.657079447557164, 0.665813109032616, 
0.669291141873328, 0.652742800593151, 0.658338474532516, 0.656455628423804, 
0.660301913878709, 0.651306065206493, 0.666843665207742, 0.648040627057041, 
0.66640394350443, 0.653338884247022, 0.643456731982623, 0.662967348181032, 
0.658185758712161, 0.66833364386533, 0.669055887252189, 0.662788657316026, 
0.661629057408499, 0.661648970097314, 0.658146437306809, 0.663601822701459, 
0.666947710811697, 0.668025016703417, 0.662443845194035, 0.652630971017761, 
0.663165074600131, 0.660481760837022, 0.656778157976064, 0.667627085163715, 
0.661196383849568, 0.662394340276311, 0.659558817201808, 0.663277736477421, 
0.670726544681548, 0.661983671028073, 0.653783608192347, 0.664705917208746, 
0.654992768388911, 0.656385700520016, 0.667088435636385, 0.658247274839294, 
0.655701634286246, 0.670577989907842, 0.664687817216007, 0.66474589509188, 
0.660659364738319, 0.65708671334015, 0.666272674626876, 0.656736643487585, 
0.663361873953483, 0.661974765252506, 0.659910025633753, 0.676728843945079, 
0.637459566966396, 0.667466150879432, 0.659098598360814, 0.675100225108395, 
0.645502690613603, 0.655971446438455, 0.646573167192072, 0.657737002529125, 
0.674773064946128, 0.662335333007811, 0.653802493681026, 0.657246278209967, 
0.661432271668495, 0.663567840994225, 0.665966800383241, 0.664079334265676, 
0.652385870152181, 0.63931072137883, 0.663630648943686, 0.650863012176314, 
0.661286669095216, 0.663738310637769, 0.666994927386734, 0.672153232760524, 
0.644673739036321, 0.666553263417223, 0.665017700402905, 0.653934731827683, 
0.661274668780605, 0.673807201373792, 0.6613843931704, 0.669213479443889, 
0.663989138060161, 0.658476274085018, 0.658793914544703, 0.65173622809548, 
0.659200888959845, 0.653275965225773, 0.674165370359554, 0.650611025199882, 
0.657166283083926, 0.666083357848359, 0.655878026653598, 0.654947587058836, 
0.660329278034832, 0.665492273840374, 0.659607275658355, 0.662687148831569, 
0.680251671628348, 0.670403108987217, 0.662041728108437, 0.6586233075782, 
0.658005474305153, 0.656607565110538, 0.646954722614361, 0.66506880098117, 
0.658433456346217, 0.649545669967637, 0.668101166354642, 0.661081928172753, 
0.665290906173378, 0.668609090343004, 0.66097155075295, 0.63244947268336, 
0.653080142087422, 0.660242075418994, 0.667136427384658, 0.661346657492664, 
0.662504705942818, 0.656485125891613, 0.656009484775603, 0.670190776629009, 
0.669533581542904, 0.643508500229979, 0.655762680265563, 0.656488469057549, 
0.667325257647682, 0.660713467482766, 0.6508434832266, 0.661029986291047, 
0.66056217088213, 0.655832010231022, 0.653345656094012, 0.673682674449281, 
0.666560344364104, 0.667856017893441, 0.656329801448337, 0.654698836109849, 
0.657843589723672, 0.659690182924563, 0.668374238068499, 0.664561100284079, 
0.64170380199397, 0.669902092313692, 0.66317573380927, 0.65524079850387, 
0.663836713455433, 0.654586240451907, 0.665677807152445, 0.65479146620221, 
0.646744593464932, 0.667169402960861, 0.647552240807512, 0.661944086877292, 
0.648373067287214, 0.658457494211772, 0.654668679457512, 0.66522384167176, 
0.655166802079579, 0.661192848176854, 0.656640606613038, 0.670077994421664, 
0.647173806373427, 0.658224943818364, 0.665470843402846, 0.657423595402799, 
0.660897343191549, 0.665312162964516, 0.650344145705618, 0.642255483776282, 
0.67007630334192, 0.662316381176546, 0.662557321972265, 0.664416309663194, 
0.664900592680641, 0.66888902961815, 0.664999756016257, 0.643611169466866, 
0.648651139043148, 0.658845285133231, 0.656322897865171, 0.658602121448182, 
0.656660488383925, 0.657037047784642, 0.654990314582876, 0.654641655878478, 
0.653011414091403, 0.655165288848032, 0.6690929664665, 0.659287253464298, 
0.656374874367983, 0.672632696083511, 0.657858482910286, 0.657948776849809, 
0.653417321990822, 0.674916375637046, 0.664984363530852, 0.646223849751011, 
0.664580719441092, 0.660928160221253, 0.654159053494579, 0.662521471852807, 
0.662582691250635, 0.63765446059914, 0.678057594155986, 0.654897444229748, 
0.659615081648995, 0.67264948135858, 0.650666579728639, 0.655839496932392, 
0.661277122170314, 0.672364718235873, 0.652386210789307, 0.663895471218032, 
0.649062715557842, 0.661308220328087, 0.663552803587725, 0.650054313458364, 
0.667384630918608, 0.671131379641048, 0.648998533967059, 0.66913990461489, 
0.654140029346757, 0.65876619983049, 0.672373937763924, 0.66344617575783, 
0.657563726981873, 0.668713343972654, 0.638011215630658, 0.659774200242863, 
0.668834732381896, 0.656980072748253, 0.657624390273079, 0.662215177299904, 
0.64221105441121, 0.661551142150592, 0.658036646677723, 0.67340507951272, 
0.660386139396777, 0.661958121585011, 0.660251481431087, 0.644733152311154, 
0.656824133866933, 0.673039136001531, 0.662293851718357, 0.647820674012077, 
0.661767229138424, 0.661427595870893, 0.658811294178833, 0.663782514497874, 
0.665752081470621, 0.656740738751087, 0.652112571357495, 0.659995687248238, 
0.670679918993967, 0.650827570648377, 0.67151597257316, 0.662315400928716, 
0.655020403324594, 0.668672686173657, 0.657240175258793, 0.645709502312205, 
0.664779925274539, 0.641685828149442, 0.665051802048121, 0.669662631963839, 
0.654672829079702, 0.65996102724586, 0.668614631512009, 0.671354477903063, 
0.658491836100103, 0.653168998526701, 0.664961205912705, 0.655222989590887, 
0.668893707802423, 0.66826635693221, 0.669626290587766, 0.660192356359091, 
0.644833048480017, 0.67067813464176, 0.655308858030805, 0.654874790148334, 
0.668508741639631, 0.667636533406212, 0.66028042412082, 0.663474977666119, 
0.656323191436691, 0.662596677799958, 0.656743970124479, 0.662217119711832, 
0.673912076275544, 0.669446518872962, 0.65488150741223, 0.642532624388734, 
0.660986094884451, 0.657671843906359, 0.67213800734116, 0.677381458707444, 
0.677526441466726, 0.64727535958092, 0.660929704249343, 0.654412071781078, 
0.667984728001065, 0.657014833692129, 0.663268090102781, 0.662431774334485, 
0.671488926205686, 0.678055737030711, 0.652191317015673, 0.664688768537397, 
0.657153277938649, 0.65043043457286, 0.651523541485577, 0.652732618372859, 
0.659237833664332, 0.641855413403085, 0.656630009301827, 0.669674691417018, 
0.65251741016016, 0.661497484692206, 0.668459811957732, 0.654430660362863, 
0.649384743499941, 0.663195010919205, 0.672858945697939, 0.662652674041612, 
0.648329246478008, 0.664156225509271, 0.638101252914831, 0.644474996773974, 
0.656985564165773, 0.663423216156412, 0.66807439054826, 0.654171353102486, 
0.668699376992714, 0.670691816962063, 0.664991365775894, 0.666094540224743, 
0.663791343337221, 0.66607575396613, 0.66194553798496, 0.666044304994729, 
0.659352202542117, 0.663843256772781, 0.644542327768011, 0.651618253823975, 
0.669550702692109, 0.650505022742993, 0.663600398374238, 0.672705693211507, 
0.65548249179458, 0.65541002619531, 0.651479945474813, 0.67205501910745, 
0.660628305022415, 0.658039700926665, 0.65448230286195, 0.67067695104496, 
0.658804849292822, 0.654111774423144, 0.659436050702317, 0.656093005759575, 
0.665166147252152, 0.665759118803833, 0.65668542503876, 0.665542214099166, 
0.658806834978756, 0.658932029542742, 0.667049869840445, 0.65483112155139, 
0.64658297964774, 0.671735231160607, 0.645925921734691, 0.659071523576772, 
0.660728750186944, 0.656510314022969, 0.666260410436505, 0.671295566165499, 
0.663895824683386, 0.65956308080086, 0.665338311223189, 0.664178719735085, 
0.674836285445122, 0.657771606005512, 0.645496784722213, 0.664822246945161, 
0.660962474080321, 0.655404823152619, 0.668446559907175, 0.670964478339567, 
0.650711573404022, 0.652982663258017, 0.666697799055345, 0.665075240720659, 
0.648969954412752, 0.661616212174545, 0.660276631665659, 0.646474151282685, 
0.656990084876332, 0.661247766073269, 0.673013310835749, 0.652937113520929, 
0.667290366626981, 0.66268627030984, 0.660897676087304, 0.660793915789045, 
0.655272683892118, 0.664436899576444, 0.663325747394715, 0.669026519552183, 
0.646214159715053, 0.668473215446389, 0.676882888824848, 0.667483742950488, 
0.655390225793556, 0.660970677517198, 0.655327106389525, 0.655416526900593, 
0.668094721461405, 0.652203491676243, 0.662280560030954, 0.671275910454046, 
0.662430528399942, 0.672893724652013, 0.655555996664998, 0.663119750886993, 
0.653457303807779, 0.665503552316659, 0.656605869507643, 0.664704168479868, 
0.6524705000797, 0.665392861986504, 0.678694236489757, 0.660005036894604, 
0.670662074224611, 0.653189710204377, 0.659050613544874, 0.66577746753881, 
0.658523210024987, 0.65833847174565, 0.670027412993497, 0.653536771631359, 
0.670151870143913, 0.665669696115649, 0.661579150114825, 0.653760393582505, 
0.661066602882922, 0.660337693134427, 0.653324189495892, 0.647909759451439, 
0.641735885569467, 0.657562865203043, 0.648343139487879, 0.659109267369181, 
0.661945917038154, 0.667006548455164, 0.656387837503627, 0.6664024070061, 
0.655468820384885, 0.654533632223715, 0.662518901239695, 0.669883331252065, 
0.661990714997886, 0.652199737227948, 0.660632713012309, 0.667219029388559, 
0.658084435388704, 0.652432228272958, 0.660447497993409, 0.663808972182483, 
0.652857355232215, 0.659689502630747, 0.657074951124013, 0.65921052075776, 
0.652211839015956, 0.658438774182474, 0.659750126490208, 0.675333286642869, 
0.662093408470985, 0.661443225212024, 0.667901513971838, 0.662018884083582, 
0.670941300130427, 0.652756738839423, 0.653001812432896, 0.66207950237954, 
0.670124465178233, 0.662925554076135, 0.65944890965196, 0.666701074046385, 
0.669320488434863, 0.66874976922952, 0.652729235647054, 0.644796059918779, 
0.664495791547536, 0.65313375953577, 0.658429000059546, 0.656539452982815, 
0.669332705135064, 0.660459060109867, 0.673634960455223, 0.666092927517272, 
0.647865367184104, 0.660597893351064, 0.664113848255602, 0.664373295941128, 
0.660512483446962, 0.645790017261214, 0.655541930015294, 0.659710978248667, 
0.657027729289426, 0.664346259958034, 0.665612699211043, 0.664043528462987, 
0.66753786509591, 0.656153371919306, 0.668911704279322, 0.649987471899966, 
0.666542724760393, 0.658802525870373, 0.651200576306648, 0.64760407352115, 
0.650722313537331, 0.671220400316428, 0.668696494729928, 0.665734603147895, 
0.667670571895446, 0.663298922272384, 0.659358274790354, 0.670444587074914, 
0.652464596731793, 0.669508924273219, 0.665552681473437, 0.668673571944774, 
0.664205881466349, 0.653776367653743, 0.659620401702747, 0.664950890528237, 
0.663483257162456, 0.649865146166527, 0.655814151756694, 0.669177673215841, 
0.647869508530562, 0.648945737921071, 0.654864408725416, 0.649939490021572, 
0.65329203250697, 0.657327205347161, 0.665941162043476, 0.668777232456359, 
0.653344967184182, 0.668234274278743, 0.660129319671434, 0.653888350794971, 
0.63963251330657, 0.657924159263635, 0.664040989499652, 0.656749598899322, 
0.64614136143192, 0.661647887720196, 0.655906170476383, 0.662439622918775, 
0.668410333711064, 0.65613240930225, 0.658172673472801, 0.667677783054591, 
0.659913185015161, 0.657471648983624, 0.656102007423323, 0.668653728692611, 
0.66729664479491, 0.644088904363208, 0.669338989036747, 0.660308130284236, 
0.670174657807828, 0.652390175065767, 0.676705842382003, 0.661008997185502, 
0.642133707980439, 0.648060313863764, 0.666627968080771, 0.668808750231358, 
0.674883884775583, 0.668559159319587, 0.674835340733037, 0.642654127378477, 
0.657305902532887, 0.650276029980857, 0.652261926920414, 0.661051827637995, 
0.668085374123447, 0.656423214579835, 0.668657898072077, 0.665069149501726, 
0.643154810304443, 0.643149881121653, 0.659667611104418, 0.654692466679208, 
0.656313820533089, 0.666271012781026, 0.661109334710277, 0.660710529426209, 
0.656470353465369, 0.665289660654333, 0.664284553832554, 0.672935377285963, 
0.672117348163934, 0.664672845562875, 0.664395103414826, 0.660227375332652, 
0.657916677568131, 0.658639749860022, 0.661163258679513, 0.662501695084633, 
0.663229736170848, 0.663923134381964, 0.661816843268177, 0.659295427298603, 
0.659192663138789, 0.65539533488488, 0.670480839693411, 0.662241765546746, 
0.651518307846957, 0.634807203729126, 0.645983939148978, 0.660777946312777, 
0.654900027081303, 0.665883917348824, 0.654963641795177, 0.656605230647741, 
0.651997123181611, 0.663952641143342, 0.659168984871286, 0.658479110945087, 
0.665721154395738, 0.664630366149007, 0.645142146291488, 0.659439399269025, 
0.666910406222929, 0.655171673813481, 0.672467662944481, 0.658635925221735, 
0.647962469922257, 0.669225443890111, 0.66527601398459, 0.663632061673156, 
0.661942924925539, 0.662883774764685, 0.655477058146209, 0.653231552406394, 
0.666896613733862, 0.642667754829505, 0.663528788009434, 0.655591507952978, 
0.66443823759092, 0.665693361206179, 0.650282471268056, 0.653829752394004, 
0.665367834977134, 0.663980776384263, 0.656678007129024, 0.651674148035794, 
0.667652485570492, 0.660707814164687, 0.665251493497436, 0.645617348680707, 
0.663241095217138, 0.65313530468596, 0.666056138038437, 0.658869003190597, 
0.640352568246022, 0.662630638800945, 0.655545012001706, 0.678055789841573, 
0.656192433034145, 0.657955410715679, 0.662845053930763, 0.660332454529729, 
0.65813050200116, 0.668917411122304, 0.656595859462392, 0.663282984133533, 
0.66659185521183, 0.66825253242991, 0.672423543392986, 0.654622203877111, 
0.648212269935958, 0.660163067247755, 0.665537500652462, 0.667541521962491, 
0.652613640369833, 0.661577857313097, 0.657926934699464, 0.66946241144628, 
0.658077606663239, 0.666040719776923, 0.658687846062635, 0.655788592529918, 
0.667994316347419, 0.656008126654303, 0.663178592403094, 0.657943352321562, 
0.661965007706514, 0.663435467239131, 0.657416071566495, 0.65482566550585, 
0.660695892890828, 0.662245684394789, 0.657916013163344, 0.663857264095274, 
0.66783081684905, 0.657541422184207, 0.670231221437815, 0.667509209567074, 
0.66727249213056, 0.668158089297697, 0.669712151568112, 0.658229717304217, 
0.662846144416197, 0.649092102484236, 0.657165021026462, 0.666030135181722, 
0.664644126467612, 0.657686711388376, 0.662013499611617, 0.654050292464829, 
0.648933059404805, 0.659053006703025, 0.661777558550512, 0.658316902808528, 
0.660711884408604, 0.646625846840961, 0.664925396150343, 0.657333488849712, 
0.661476158600626, 0.658413650521336, 0.651461378144779, 0.658500754565542, 
0.658218035715423, 0.672568683889351, 0.66912023258569, 0.656122095685976, 
0.663133456662073, 0.663868815365046, 0.667620315013796, 0.651561982440515, 
0.654236147250694, 0.653979164015106, 0.665648323158907, 0.661589073666891, 
0.664039014450565, 0.650884973147475, 0.657530377189398, 0.66248887873812, 
0.65249960854815, 0.658722286374002, 0.651643149218772, 0.673511928606514, 
0.656606213979932, 0.66270553048197, 0.663793966251488, 0.649688542744357, 
0.659730334638392, 0.656126092100371, 0.662090522984052, 0.655903742905157, 
0.660227745388196, 0.642266991457426, 0.658368444721569, 0.656481706485307, 
0.665953065287028, 0.662323927651355, 0.655164099945448, 0.655154211801894, 
0.651618592216056, 0.654785963575521, 0.659375658724737, 0.662314100714684, 
0.664405870772224, 0.654933997212154, 0.637031681754324, 0.659434377333453, 
0.665519113296004, 0.671164027256167, 0.649225140879712, 0.667130685191128, 
0.6552950010612, 0.6626878070962, 0.669408173392575, 0.650041292743311, 
0.650743699776111, 0.648388156599834, 0.663984927345729, 0.663999809879492, 
0.651362251331944, 0.656565492328337, 0.655099139297051, 0.663597269867451, 
0.665195424442856, 0.643333826103381, 0.66967555747395, 0.66335558627149, 
0.66218661716586, 0.651876436571779, 0.656869197242578, 0.658140842407699, 
0.659605325311404, 0.668255963389276, 0.659685945831714, 0.669386081312781, 
0.655891214062819, 0.669499486135979, 0.671728556884354, 0.643864228559206, 
0.662233009098421, 0.665864133095162, 0.648243101257095, 0.675576458301068, 
0.663329393769976, 0.670878860774609, 0.66332813143728, 0.649261014853453, 
0.656464223788397, 0.638342317407948, 0.660203104086121, 0.671398481533221, 
0.658964352792556, 0.666016237499912, 0.632170302673049, 0.652582943890922, 
0.656025903308307, 0.653928712734524, 0.664742979915162, 0.669355384702801, 
0.675174348784425, 0.661940155353521, 0.67303062623511, 0.653905109088043, 
0.661592679949712, 0.663172931754715, 0.6705542815718, 0.660139907113757, 
0.663807473861788, 0.665979811950328, 0.651897014242383, 0.639082265658578, 
0.641426579762178, 0.662845788161966, 0.670674981342893, 0.64881813024413, 
0.66651872392398, 0.674146051822115, 0.654162800210937, 0.665609072878763, 
0.670447406742784, 0.666637300994046, 0.668518507384344, 0.660931983063425, 
0.663041211353643, 0.656461188000116, 0.650235980300731, 0.657908705695455, 
0.670224390598031, 0.636454794103066, 0.656048298623669, 0.664896159286253, 
0.646490576069064, 0.674187695955195, 0.65904360025567, 0.660569445975584, 
0.657876474734236, 0.658115289141765, 0.655394014587679, 0.666840377938148, 
0.653571471712713, 0.67100085543219, 0.655226738307823, 0.662420155301699, 
0.670048967206157, 0.659012332161146, 0.672187412768587, 0.661890139510755, 
0.647225376223779, 0.674131538771673, 0.651785422658667, 0.648386016401838, 
0.646496624745921, 0.656105366114921, 0.650513057741712, 0.660850176846432, 
0.649832594702121, 0.657152643744674, 0.66973434179259, 0.656028422591094, 
0.6683092055313, 0.657035617971443, 0.653666758567784, 0.669629598578958, 
0.667545740643484, 0.663611399873568, 0.659943877438264, 0.65722760885136, 
0.656911420710026, 0.67159376494707, 0.670004934331686, 0.662087334362233, 
0.650484320571561, 0.662450735660142, 0.650324866835118, 0.658980716492434, 
0.664279546862065, 0.667652938465061, 0.648842090221314, 0.647557108741922, 
0.640036961095249, 0.663110297300543, 0.648815106172185, 0.671018890224221, 
0.654469812445724, 0.667792215740564, 0.652603379570241, 0.666946559396419, 
0.655539864587609, 0.657106149094645, 0.658532897765434, 0.658681689869822, 
0.673250668761733, 0.67283192625793, 0.633067973468888, 0.646833675327005, 
0.672692025290399, 0.638611566155661, 0.676597828032682, 0.658710058922471, 
0.657928003111483, 0.663500180523829, 0.653513916555158, 0.654740145169021, 
0.660631475054208, 0.667072058510347, 0.664848042021963, 0.660316821152407, 
0.680826569471216, 0.673232669639792, 0.671399270860959, 0.649220211664781, 
0.665428269145268, 0.663728151573761, 0.670841376093032, 0.669186448588905, 
0.669614527002245, 0.651195480187257, 0.667373465029146, 0.671397948909494, 
0.664693968660908, 0.676710842009961, 0.651645507706139, 0.663232463078002, 
0.648451048796661, 0.667872792563982, 0.669339031369507, 0.646121961077658, 
0.658846535327773, 0.663678294665249, 0.659149349517609, 0.668160279949536, 
0.662514312481671, 0.659280470225712, 0.65666794017788, 0.664467987059164, 
0.662989734154875, 0.65297536760103, 0.664154357959012, 0.67305478150781, 
0.659016504314125, 0.657452489740695, 0.658287176303709, 0.64816058831131, 
0.6731436811349, 0.658798238888512, 0.662571074814527, 0.660790104179401, 
0.654967676723972, 0.655058217658663, 0.6575481346269, 0.656465242180137, 
0.667821001891334, 0.655775780961568, 0.658808901447633, 0.65977416356565, 
0.668670011102976, 0.660593962391893, 0.65085561207859, 0.658344868750562, 
0.667191425095581, 0.674234445753397, 0.668536983441511, 0.654656646624919, 
0.659757738761782, 0.667049026556955, 0.652202876272999, 0.667471858199433, 
0.64251053267218, 0.667865198668054, 0.652077161805094, 0.670885146335172, 
0.652917664738263, 0.666848516227155, 0.659544552671918, 0.662857019816539, 
0.669968017118658, 0.674872715844821, 0.662278973519262, 0.657603376709484, 
0.665109956731586, 0.665876153949604, 0.647068229988628, 0.659921543296666, 
0.668322893453543, 0.649727358954395, 0.666232237911183, 0.654645938509917, 
0.657284958110719, 0.665991873975284, 0.666665533501987, 0.66627915449414, 
0.660178924835287, 0.656264369434588, 0.661374231792664, 0.664339882452674, 
0.655660856111474, 0.646326385397285, 0.660278114899137, 0.651907460935332, 
0.661205913240279, 0.664432058162638, 0.664993668335792, 0.657167145260431, 
0.658443089055534, 0.669225876135578, 0.658382356046144, 0.64808198238184, 
0.652388564127139, 0.670078626789058, 0.67076235345067, 0.67093612122529, 
0.658881171416592, 0.639379085145039, 0.659159423147019, 0.673881972357411, 
0.664467048698737, 0.658231641171042, 0.672060280254179, 0.657374083523848, 
0.659606381172917, 0.654207558766023, 0.664370429600873, 0.642349810635832, 
0.654421142847517, 0.652199936946417, 0.668070953666, 0.66255584843004, 
0.665863804069325, 0.653957098948703, 0.671015746808435, 0.664925445726821, 
0.663099911798822, 0.659822789935831, 0.671397527972507, 0.656526733143117, 
0.665234777774712, 0.667059579935038, 0.657698307954096, 0.66894508471209, 
0.663755568808433, 0.663531281174396, 0.657652334076345, 0.673288629202969, 
0.651888964282328, 0.649153100233117, 0.660664645726492, 0.659332943378576, 
0.656450259900879, 0.666549842271352, 0.675535237014563, 0.655065093481126, 
0.661320469843936, 0.683046900354911, 0.645873619490061, 0.663510786805764, 
0.669249294494647, 0.65498885424286, 0.666041849109027, 0.659563931680228, 
0.64931958829712, 0.667929869129958, 0.651347651659397, 0.658151379977912, 
0.662747661019176, 0.65125095002489, 0.659187669247807, 0.652367926027294, 
0.659915258867582, 0.660740155327826, 0.648274115355666, 0.657902517517713, 
0.65918948328548, 0.643815932947101, 0.655483920961995, 0.660011435487403, 
0.662454593871786, 0.645209275644053, 0.653548523570507, 0.667365329574449, 
0.652638703366582, 0.664330517633643, 0.649669256328951, 0.64720219232149, 
0.658828282468267, 0.66793088878852, 0.654825666877426, 0.668343216995986, 
0.659974127308067, 0.662859642991796, 0.667923976532068, 0.655052000696683, 
0.654254925786709, 0.65578766166898, 0.647608938392285, 0.67539522294834, 
0.65010149142729, 0.666642474270444, 0.653996217145482, 0.653477001742916, 
0.653452069792339, 0.652909081434447, 0.652653782090952, 0.663204646114949, 
0.664529044030781, 0.655781521137587, 0.66423538680055, 0.654824724325677, 
0.661607207792835, 0.659646717191789, 0.65265186947036, 0.654293062455027, 
0.652313248286912, 0.671336150298468, 0.661532256444367, 0.656483437751265, 
0.652269939165106, 0.651500026713695, 0.670787553361872, 0.648301383770486, 
0.665592051970402, 0.662205495214667, 0.658591395524808, 0.664094369826227, 
0.647345302168314, 0.66791851749886, 0.642258561933144, 0.650095890695615, 
0.662694206961324, 0.658575052835125, 0.669247627672751, 0.655361460357216, 
0.650659885062527, 0.66404741530094, 0.666013792688998, 0.658996265131093, 
0.653648781216777, 0.664123813341471, 0.648248474470996, 0.66361560086709, 
0.666268678985663, 0.67277050110371, 0.671866042246554, 0.656865483986264, 
0.652215203586523, 0.658692069415035, 0.64963897322787, 0.667979361231493, 
0.661631827463053, 0.664754643239541, 0.651328770442393, 0.673205041188302, 
0.655606547387717, 0.667831752406628, 0.651982655425315, 0.662389822243641, 
0.644856774749678, 0.664371420421442, 0.671420765196043, 0.643190674540827, 
0.652630348515073, 0.669655754734322, 0.655369303207658, 0.678940302456433, 
0.647078276036276, 0.663431325891098, 0.658023583853666, 0.657946283031793, 
0.664301526322796, 0.658577407902138, 0.65701072591616, 0.655286783280549, 
0.655898193500703, 0.640451971126556, 0.643481543088813, 0.653999119219825, 
0.663417921966371, 0.663976946760908, 0.663647432566153, 0.658909542117921, 
0.656293163808756, 0.66790412906312, 0.658916764918877, 0.644028389837158, 
0.666173336778686, 0.666418246844051, 0.652694507452898, 0.649696337655955, 
0.63595726299586, 0.653109190561977, 0.658171345455642, 0.651135302248849, 
0.650067197173305, 0.665974272229855, 0.670399376738169, 0.669486833629122, 
0.667121869084812, 0.6616383362728, 0.658994840684831, 0.653146557949615, 
0.662879617497539, 0.655199189092046, 0.654977054305307, 0.649256997996078, 
0.655004315192979, 0.651700649938511, 0.659230943289529, 0.654769575550755, 
0.649762696941617, 0.657972103884084, 0.660150709750519, 0.65194635721156, 
0.661550848795494, 0.647631440939505, 0.664301800829411, 0.661216310276211, 
0.659271780487389, 0.661410970790023, 0.66858133288111, 0.65317228445304, 
0.663315705873632, 0.661723605110179, 0.648203421063432, 0.660656946382895, 
0.662827540180084, 0.665421064364705, 0.673761160618208, 0.654925174740032, 
0.663053795823413, 0.656878783332369, 0.660219034060311, 0.656773988122709, 
0.659955223427124, 0.664747943776562, 0.658619057231164, 0.665058693576203, 
0.650878192118562, 0.665526435806288, 0.653177942069373, 0.660004799978383, 
0.653185946753028, 0.661161175997754, 0.654152918767635, 0.660839478302006, 
0.658504791363355, 0.666538904089625, 0.655772066281109, 0.668278748380459, 
0.645405691851791, 0.672412429933027, 0.65700119590019, 0.65809556243066, 
0.665734385399102, 0.657880882754175, 0.674616871197711, 0.65394951027389, 
0.662514553482841, 0.66565336508627, 0.664077527377253, 0.654480860758392, 
0.66218351824395, 0.665274824624961, 0.65398546224296, 0.649710122732178, 
0.653352220226044, 0.644137911298677, 0.665188167795748, 0.644797278889699, 
0.657580506253711, 0.656178914211864, 0.663259431259833, 0.657035149309203, 
0.651715344004304, 0.663513052305949, 0.668124643148183, 0.652752983823178, 
0.652243056179762, 0.655376334293436, 0.656409093184649, 0.649274637725471, 
0.652620741831337, 0.66019379983195, 0.675269971695956, 0.66517830310249, 
0.663907381870044, 0.664573365402035, 0.656889393455088, 0.674417121228666, 
0.665462472641138, 0.651643699044525, 0.648891564689292, 0.644492303215032, 
0.653184463675424, 0.668419994294488, 0.666804057419599, 0.653366009682913, 
0.653459858852865, 0.639415541481883), cat = structure(c(0.689367275019154, 
0.660107221964833, 0.00815245797200532, 3.5891081137489, 0), .Names = c("obs", 
"mu", "sd", "SES", "p.val"))), .Names = c("sim", "cat"))
