structure(list(sim = c(0.460836704364764, 0.463979032786908, 
0.464043325225487, 0.462605294882289, 0.458566996974979, 0.466612548947988, 
0.463206115010132, 0.463347230757459, 0.468679936125663, 0.464082439413026, 
0.466779080695119, 0.468636093711862, 0.465399473730422, 0.455963613449497, 
0.461204354605287, 0.464389616331887, 0.462270283058003, 0.459242275925828, 
0.462681026908768, 0.461606258039142, 0.468547484392796, 0.459424850718335, 
0.465113779741909, 0.459644523321132, 0.460607627177365, 0.464949328509224, 
0.463217883985497, 0.464102230033199, 0.459750896989819, 0.46136119595344, 
0.467900667615196, 0.468440891178729, 0.463448281049318, 0.463897255521404, 
0.463143280234322, 0.459179237205107, 0.461278626942014, 0.461964855373026, 
0.46500302535511, 0.456326997804904, 0.459447551201947, 0.461752988951557, 
0.462414578629669, 0.468589198583279, 0.460505599803204, 0.462415208283981, 
0.464169011273244, 0.464681747837765, 0.464065014809352, 0.460009583595828, 
0.459806024128365, 0.462373270461069, 0.463403548487074, 0.460509493592184, 
0.461125634345189, 0.462074802155232, 0.466288447389376, 0.463491496144856, 
0.464533517328953, 0.459177205551004, 0.459303990363777, 0.463224647362477, 
0.465929123679323, 0.462518241965775, 0.464051452566878, 0.46301426947538, 
0.460780471359721, 0.461695620960619, 0.463889628174555, 0.467522256941596, 
0.471468933717742, 0.465501236579215, 0.462301876057559, 0.463597066055842, 
0.465771110608433, 0.457250124024335, 0.458525490563208, 0.462005456136159, 
0.460597987864921, 0.45873146855208, 0.466113367037505, 0.464962458334986, 
0.463930663792571, 0.465863586485906, 0.465727116197482, 0.464768868658834, 
0.461522364666909, 0.467077746622604, 0.462212353306784, 0.463767251379876, 
0.468889427948806, 0.463946857711878, 0.459761953314523, 0.466435025025137, 
0.461967902881859, 0.464251376816904, 0.466677492774481, 0.463645191632647, 
0.467126309175148, 0.464106694275231, 0.46253395039621, 0.46391828660577, 
0.463901695413188, 0.468225049300665, 0.470537998835382, 0.463342469950832, 
0.460858208247767, 0.458443228238784, 0.461154377969761, 0.459498225498232, 
0.461556764876598, 0.462175123806614, 0.466795449434709, 0.464195819717865, 
0.460897670568185, 0.467888357377566, 0.462666498098411, 0.4588090543353, 
0.462237680992502, 0.464323370576672, 0.457211475078921, 0.463815032699318, 
0.462719199178932, 0.4593833192614, 0.459575596693235, 0.464131917406977, 
0.463869668107502, 0.460574579018857, 0.462794475598773, 0.466916387260989, 
0.460657634622025, 0.461823055168389, 0.462478948595515, 0.462711557882962, 
0.457611807613318, 0.465760581022884, 0.457377152641103, 0.465235653307007, 
0.467334027323403, 0.458187013341649, 0.463469815857171, 0.462322061285011, 
0.461743473498128, 0.459282150421956, 0.45980734005923, 0.467608686876028, 
0.463810258681971, 0.460659628819155, 0.467793161957725, 0.458810151901646, 
0.462065306402229, 0.459514389062006, 0.459012647416563, 0.460303020002142, 
0.460653469541032, 0.464777271178696, 0.454540718657228, 0.460367552376324, 
0.461790259601775, 0.459321628250988, 0.46300590421463, 0.466803577475648, 
0.463977954716456, 0.456253250819094, 0.461074017301745, 0.461048941237346, 
0.458573628051506, 0.458928038479825, 0.462697513284493, 0.459824906399335, 
0.464439142320918, 0.458875220506298, 0.463075038872984, 0.462918147371224, 
0.459290262750414, 0.466643981150175, 0.465809631275676, 0.466863934832876, 
0.46504862456636, 0.464619311483862, 0.46357063443198, 0.467328050228714, 
0.459853199101487, 0.457225696053891, 0.458910365415758, 0.463005867344684, 
0.462660411616346, 0.466099204998134, 0.461151312463442, 0.45818229644702, 
0.465358925948586, 0.458162037828839, 0.462726979335441, 0.460785325843694, 
0.466197870314266, 0.46677297375056, 0.469575064633674, 0.461704077136001, 
0.467576878387026, 0.459304863306865, 0.460762041234973, 0.467039124831747, 
0.469101807284485, 0.469053616992275, 0.463209806772214, 0.466700810810204, 
0.466092595032138, 0.460937726169265, 0.460632954004127, 0.457183689037556, 
0.464180399791212, 0.460207890518398, 0.465067088237393, 0.455985194596154, 
0.466510538351501, 0.455190679302606, 0.46217546846204, 0.460903403488718, 
0.464767871330411, 0.469165480824733, 0.463424401836327, 0.462087687469004, 
0.46114091394466, 0.461100650467951, 0.465397377857962, 0.457536106503166, 
0.466795261152199, 0.461449023032352, 0.467641766039312, 0.461000390361539, 
0.461651984470514, 0.463775764222181, 0.462371745026433, 0.464828136401056, 
0.461334643754373, 0.457403301689614, 0.459179272361462, 0.462340493829888, 
0.466128000979893, 0.467096155424198, 0.46285067285053, 0.463819242310617, 
0.466310504904423, 0.456053997440388, 0.461647662555162, 0.462491896831662, 
0.461284831385457, 0.459629134746547, 0.459605251456513, 0.462061257368739, 
0.461021379234434, 0.465276854836695, 0.462163378601948, 0.460084545053299, 
0.45925510023504, 0.460641992877019, 0.465460490347994, 0.464280023026759, 
0.466799333730183, 0.467468125563897, 0.462426173555292, 0.453796076056726, 
0.457870839028593, 0.472433797688591, 0.457036435963383, 0.465631582484335, 
0.464767975672986, 0.458669456709407, 0.463257680209993, 0.465455752911295, 
0.464437372975673, 0.463137991110748, 0.464012890806532, 0.462658808311896, 
0.466536053711028, 0.45624300674868, 0.46035135788223, 0.462002432424402, 
0.467877927285278, 0.45941453519887, 0.462859229116507, 0.460923295967085, 
0.464443858339475, 0.464935768442966, 0.457870538988391, 0.4686447762919, 
0.462122074306387, 0.465728873791775, 0.459324380015904, 0.460627463704938, 
0.463373425658282, 0.461711617787804, 0.465267043498834, 0.465525363623392, 
0.460098088142174, 0.46198699768333, 0.464504521814684, 0.460433586891957, 
0.462993163269646, 0.456270771914924, 0.463771052821864, 0.459307872468188, 
0.461192094900259, 0.462870167937633, 0.468024945091419, 0.463049060194416, 
0.462965283393506, 0.461626006276646, 0.462309566319645, 0.461522152210271, 
0.461796411320287, 0.457873586995172, 0.462584659568789, 0.465964672587024, 
0.465003058714054, 0.459774875857241, 0.4637597608262, 0.463272241378839, 
0.464479134015505, 0.461395440215318, 0.460185763224447, 0.462491064175977, 
0.460515505265216, 0.46789490840741, 0.458874787610191, 0.463958827781826, 
0.457078370148696, 0.457490619611456, 0.461329377216753, 0.463166263651794, 
0.465651987122646, 0.461213192988645, 0.458698633748397, 0.464797590121839, 
0.45871297527246, 0.468609827453555, 0.463033997243999, 0.466501169445784, 
0.460006227321078, 0.465560296337031, 0.460399998493895, 0.460895638995509, 
0.462172847411491, 0.461538674195829, 0.462061837286434, 0.461600349329815, 
0.464194631765451, 0.461767602453965, 0.459114546238835, 0.460417324106698, 
0.46046155230076, 0.4614749286691, 0.465448527468823, 0.459937843602747, 
0.465126273630342, 0.468519150639394, 0.46684786368331, 0.464382851286504, 
0.463550262192673, 0.463284700741908, 0.457817926162643, 0.463520889162141, 
0.462434131487734, 0.461966856621053, 0.467310063044699, 0.459561630136868, 
0.46360478397038, 0.460185271260445, 0.466506111908666, 0.45996716698535, 
0.470353759998437, 0.464781026097997, 0.455535347465273, 0.464680203631672, 
0.461156769243614, 0.463389220314983, 0.459181339660731, 0.46179215369621, 
0.462290138414491, 0.464780265807587, 0.466445587578592, 0.463908799644851, 
0.463306733649433, 0.465679205230077, 0.463969729636673, 0.461390176506944, 
0.461464765088632, 0.466099249101336, 0.463894428015974, 0.461067636546766, 
0.463486481360227, 0.461717153521004, 0.460390288225661, 0.461891791889921, 
0.463325042688554, 0.458590441449465, 0.455977528885206, 0.465814337796443, 
0.464925660718793, 0.454165134695607, 0.466035520231036, 0.458767160282424, 
0.46188013809688, 0.457569470719805, 0.457899021090393, 0.463455908983769, 
0.462938210509199, 0.462717880160106, 0.462647870747456, 0.46886638075437, 
0.469398993046571, 0.467322292278624, 0.470539000675723, 0.471410677784851, 
0.465309331605281, 0.46558492725894, 0.46225241075522, 0.464831071552424, 
0.466549823027913, 0.462719313124102, 0.46507061915104, 0.467310341460258, 
0.469662230825908, 0.468127299211148, 0.461323708325492, 0.468286169821871, 
0.461257414575193, 0.467919728561614, 0.466041339197538, 0.463899640381522, 
0.466034558596914, 0.458658509006081, 0.460677390134871, 0.462488811993047, 
0.46104254278469, 0.459898774604049, 0.459417342449782, 0.462199406862827, 
0.469969851620192, 0.463698144450294, 0.46392249670794, 0.465856079411271, 
0.465713568388713, 0.467250632459701, 0.461628316119445, 0.460811620395903, 
0.46191626381019, 0.462102563310021, 0.462575170580204, 0.46017695791987, 
0.458547629941508, 0.465117938612176, 0.467809118137822, 0.456440466109633, 
0.466835822451702, 0.463140865409837, 0.465289755739156, 0.469888094143579, 
0.465433894471264, 0.465164371340194, 0.461324332479813, 0.467385222512921, 
0.464355930984833, 0.466838367372314, 0.463240541447294, 0.464747606015786, 
0.464001141552705, 0.467939942429266, 0.462953394409148, 0.468040245841375, 
0.464371628786598, 0.465092784416401, 0.462900692424063, 0.466073128285264, 
0.458240668518463, 0.462508830777616, 0.465117191445954, 0.466831274596368, 
0.468099233197437, 0.464191580539189, 0.45849089884635, 0.46750162912171, 
0.464953560409103, 0.466506661220452, 0.464402097313331, 0.462965439682327, 
0.465403986636069, 0.467688991055095, 0.464368832718367, 0.469522470284813, 
0.461094152110193, 0.464061732135572, 0.464274045792463, 0.463258205254583, 
0.457848349185482, 0.464737918454301, 0.464950750268639, 0.465028538700573, 
0.461343216998289, 0.461642203073936, 0.456605872976204, 0.46049047233317, 
0.466495436076915, 0.460804554649979, 0.46670515479777, 0.464146490302972, 
0.463715613120956, 0.460172271500187, 0.462149812387629, 0.465757352072327, 
0.458361901471529, 0.466676378428461, 0.463576137222924, 0.462555425718814, 
0.468992864231911, 0.46724500974382, 0.46423346442123, 0.459974996102908, 
0.460959479487686, 0.460954402107586, 0.464392047293203, 0.46223184615181, 
0.459456075441469, 0.464202589336752, 0.458225322385419, 0.467340845270507, 
0.466883272134575, 0.460182027775032, 0.46464713749893, 0.467921073691431, 
0.461037535981396, 0.459166471436665, 0.457192187478342, 0.461769630997672, 
0.466229912432014, 0.459112737268764, 0.461265734060749, 0.459624237900129, 
0.463154672137457, 0.464407477817946, 0.462510287780475, 0.462957254943708, 
0.462945433789015, 0.460598106398053, 0.461158878828589, 0.46024984348481, 
0.46685133495708, 0.467113537181602, 0.470784364666554, 0.461415630782447, 
0.46177357220092, 0.461224235620434, 0.461048152224556, 0.467003360461069, 
0.463062234367809, 0.455935717679296, 0.46621736813162, 0.462046417092082, 
0.455568595583852, 0.456885892354012, 0.460794587891693, 0.461461390462993, 
0.464246768431205, 0.463672741100495, 0.464610166600793, 0.460540924690413, 
0.467461201228768, 0.459693861356006, 0.461714045215806, 0.455400373145135, 
0.467007097136049, 0.463806580356013, 0.464029206014106, 0.469118113217047, 
0.470666580072562, 0.461886780348213, 0.46011505481498, 0.464506189753486, 
0.466557161289676, 0.466797313840169, 0.4583090356384, 0.465057720266005, 
0.460279680952933, 0.465790599855129, 0.456159346221651, 0.467240155592107, 
0.460048570942033, 0.465184458439694, 0.463459267779877, 0.461872402252493, 
0.460264231171806, 0.462988539753872, 0.461831700303558, 0.461195723041503, 
0.463401254546098, 0.471415719868087, 0.46567781113678, 0.464007298633338, 
0.462198277278529, 0.463760418077857, 0.456706979962415, 0.467356774915944, 
0.462042212388601, 0.463632244505187, 0.455101002399396, 0.458327974827842, 
0.462793884257091, 0.461703664445867, 0.461577662973658, 0.459913741446792, 
0.464520321742574, 0.458367015736462, 0.462282634905948, 0.463826967069594, 
0.459333700985753, 0.463783869802171, 0.458199998953626, 0.463348084664395, 
0.462785635715895, 0.463256878238606, 0.464737621971659, 0.468044827056772, 
0.458713141818969, 0.466193658367136, 0.458579191651801, 0.458683548280609, 
0.467076893060901, 0.463910121992378, 0.458706602116133, 0.456136848477884, 
0.466566092643371, 0.467737541016488, 0.465749328992048, 0.464727823576991, 
0.463782399107153, 0.467392100098257, 0.458048191317189, 0.46195647020917, 
0.468230975327457, 0.463200267464247, 0.460412918081546, 0.458876987285312, 
0.465700913991068, 0.463487393337028, 0.46590688475934, 0.461607702161812, 
0.464530351545027, 0.467196651968309, 0.47749874617582, 0.460784527817545, 
0.462711622278984, 0.465791584459004, 0.45738142973695, 0.461017313904212, 
0.463060924044772, 0.453189489495453, 0.461608577070014, 0.462649478790373, 
0.461585713205305, 0.461434490017188, 0.46267615325444, 0.461666572490149, 
0.46178976435232, 0.465683930133787, 0.464806942431496, 0.460190913257445, 
0.457463365815048, 0.468101227679141, 0.455823028528492, 0.468227350983215, 
0.456166569022625, 0.46616818947867, 0.457754539506276, 0.466602142897928, 
0.468014307482003, 0.462747893912825, 0.461508251446925, 0.460801069339793, 
0.466120817394491, 0.463392557775108, 0.462375918811825, 0.465349170623713, 
0.468823996909811, 0.462786571349341, 0.459559404811652, 0.462089020949561, 
0.464858412982737, 0.46228595389827, 0.465336166766804, 0.466874165438891, 
0.46746799542569, 0.462650975195594, 0.464262342900995, 0.461871225156504, 
0.471085869594141, 0.468762093131629, 0.465609121945396, 0.467446781773852, 
0.458197976379808, 0.461179297952371, 0.462715276806948, 0.46138239665276, 
0.469569205874669, 0.46881541460764, 0.462676660290484, 0.457232683714864, 
0.467415385098877, 0.466559901086963, 0.463073721931306, 0.461981812906827, 
0.461293116541318, 0.461448352214309, 0.461144040222802, 0.465291943154831, 
0.470293437250343, 0.46305972511265, 0.465295969663313, 0.457253296221226, 
0.459955040827263, 0.467679118564264, 0.463185745941315, 0.462069719163362, 
0.458988782498609, 0.463272727973709, 0.461211015718544, 0.465125588555778, 
0.458158683829344, 0.464282207167957, 0.469889242373155, 0.459435739967982, 
0.464255432865295, 0.463014563826913, 0.45948580780459, 0.459415792184195, 
0.465534245996707, 0.457522617708787, 0.465350561428099, 0.467712370462624, 
0.468141747977228, 0.472230583880689, 0.462349003759109, 0.46638142706264, 
0.462072863655507, 0.469136228334725, 0.46557056051517, 0.469722964128278, 
0.469278208182926, 0.461480253868351, 0.46974496834806, 0.468739138846139, 
0.466255092569614, 0.463636563893915, 0.460943122191464, 0.455046763502929, 
0.465077330546378, 0.460569850137434, 0.461054819442256, 0.462896254250525, 
0.470729938479134, 0.462506117867142, 0.464079912102035, 0.461678292913926, 
0.463057629615261, 0.459959811396783, 0.462588564737122, 0.463754040533587, 
0.462821613296189, 0.463572213184271, 0.463910233563879, 0.464959185615242, 
0.469843410291366, 0.466599487170449, 0.469123867085547, 0.463599409246185, 
0.464064645544457, 0.469180981005793, 0.463989693005717, 0.463096369787795, 
0.464757402449814, 0.46061260709684, 0.462564307406446, 0.461013360904333, 
0.461848355773944, 0.463362643676078, 0.46076720283055, 0.465610471535513, 
0.465671608580276, 0.464473543455715, 0.463123471006437, 0.459754446955449, 
0.4602511161262, 0.465505472750536, 0.464937055630925, 0.469877591429505, 
0.461923736896991, 0.467652148803416, 0.466676566685303, 0.461662310492771, 
0.467740894746595, 0.463459549413671, 0.459241119097975, 0.46594086439736, 
0.463931985916898, 0.466302439865349, 0.464551504379991, 0.46234312173882, 
0.460237679594394, 0.466009750953718, 0.464092664484073, 0.458844213924271, 
0.458554330867384, 0.46260024187256, 0.456804683017264, 0.464064281394629, 
0.458057670530786, 0.458957728553628, 0.459199481371889, 0.461735448673376, 
0.460438639708091, 0.466667910336612, 0.458267787472605, 0.460522653842841, 
0.463690327773816, 0.463386371341174, 0.46289277504855, 0.464648485674316, 
0.462264673617673, 0.463890486611229, 0.463993923529087, 0.458304998181274, 
0.457931310690319, 0.461126465537048, 0.466895461661498, 0.460101147017027, 
0.45844250621218, 0.466081414626754, 0.465066401908051, 0.459377835728021, 
0.464603271163692, 0.463444430617524, 0.457523275734546, 0.465858464353517, 
0.462551880008321, 0.456025795464711, 0.46257542450169, 0.460606628522438, 
0.463668753417436, 0.455196553198907, 0.461650039572764, 0.46547566127826, 
0.462865410391493, 0.457769103548281, 0.467841656441628, 0.459358338282172, 
0.461342949929429, 0.458495904947235, 0.460468598408282, 0.464308103792023, 
0.463148955687332, 0.4620015023001, 0.469491240442943, 0.461013803990026, 
0.464094686689792, 0.457875242789955, 0.466903530572636, 0.468487910107323, 
0.46646490220376, 0.463426490123218, 0.46639160146429, 0.462538293421298, 
0.461844468843497, 0.45734388149044, 0.458837152309767, 0.462786753704822, 
0.466390210008966, 0.46052536479503, 0.462026192729931, 0.460723406374263, 
0.460739963743691, 0.471724992404808, 0.458668704363327, 0.460959390104772, 
0.457728909848738, 0.466678796670564, 0.459594071646916, 0.465899445502842, 
0.46523611684909, 0.461213029854198, 0.463061499554555, 0.464283565815696, 
0.46471976125772, 0.458143423914033, 0.458311132292241, 0.464753022263026, 
0.459378667185608, 0.461312501620343, 0.462747942729588, 0.459688298586802, 
0.459703621184106, 0.462762462055837, 0.460219549984474, 0.462633795019519, 
0.462229942800555, 0.457859581407278, 0.469357511444951, 0.470337827319187, 
0.463062220649878, 0.465050687940344, 0.462069713591124, 0.46142489727906, 
0.467587897571082, 0.461795363288149, 0.46277035489886, 0.46222772027443, 
0.461971284371485, 0.462100338172147, 0.471776162956114, 0.459066344999089, 
0.46484255052345, 0.462228427182494, 0.464679516387908, 0.464283472110101, 
0.457369011158733, 0.458683632764356, 0.462890429586744, 0.45884716100476, 
0.464605849768233, 0.46586580830645, 0.466193255570554, 0.455522294384677, 
0.463840403902312, 0.467921042150263, 0.458875593699619, 0.460411172785637, 
0.459054049008055, 0.461434672480536, 0.459523654887271, 0.459141760543703, 
0.460030239401145, 0.456113238240644, 0.46145352688241, 0.460338688408681, 
0.468573774489738, 0.47026774547753, 0.462649485440281, 0.461471371983173, 
0.468272678389806, 0.462870420328324, 0.465150843901395, 0.464820221374135, 
0.462343225695408, 0.461943651071071, 0.463607168275832, 0.461016600275772, 
0.463729841352968, 0.460437536461424, 0.464966293976173, 0.462917711580676, 
0.462258683097747, 0.464441376418456, 0.466883969715356, 0.462351001302136, 
0.463845139878906, 0.462370067572632, 0.4631239125291, 0.463766100358337, 
0.460706866886395, 0.46206545100702, 0.45846172085, 0.469271689794726, 
0.460392842364494, 0.463442114834005, 0.465203259848193, 0.466006733947725, 
0.46943317670387, 0.460846629596737, 0.457767171165725, 0.462261811819237, 
0.463652367933008, 0.463846766904617, 0.461240961777015, 0.458450367290599, 
0.461394552779929, 0.461460216382421, 0.460397306580289, 0.46251304517189, 
0.454637498282169, 0.464920986972564, 0.462367378393663, 0.46183867086218, 
0.465476716199959, 0.467850680701612, 0.46083140563802, 0.464947265933125, 
0.463858329742994, 0.466280911238945, 0.46190422109231, 0.468117946051726, 
0.476785225579016, 0.459335958251845, 0.461947316199214, 0.465402487474951, 
0.461465118210854, 0.455427622299545, 0.461469846509248, 0.464069658605717, 
0.449661493280804, 0.459537521983857, 0.465659085021429, 0.466059555522431, 
0.456378084032665, 0.466898872712958, 0.465244771265529, 0.467177502290022, 
0.459890531956937, 0.467718068562567, 0.459316148820446, 0.463125693451782, 
0.459473060123004, 0.462107911275287, 0.460856102295392, 0.462321258319989, 
0.460738071727863, 0.461670070962044, 0.465532978885424, 0.461799705973335, 
0.46824945361766, 0.465078167687052, 0.463148430752008, 0.461385895263626, 
0.46194737295588, 0.459930150402274, 0.465893297002298, 0.460526928646923, 
0.462589720582642, 0.468887206265316, 0.467283317145797, 0.466866514680022, 
0.45881498136894, 0.460301454472939, 0.471566893901779, 0.466929672986456, 
0.454581754696442, 0.462303707595729, 0.464963762384145, 0.468744753607393, 
0.467877838740764, 0.464487381553981, 0.464893501762209, 0.457618278343223, 
0.466147458458298, 0.462002713607308, 0.46429288307337, 0.458943287369626, 
0.460722957047748, 0.45824924470166, 0.464127844324318, 0.46005764402328, 
0.462851560870532, 0.462653024093189, 0.46511706545473, 0.467711804597665, 
0.461376839086715, 0.460080215217641, 0.463713593872689, 0.46126176145538, 
0.463123375996497, 0.458994322506292, 0.462107558023077, 0.460037365662896, 
0.459989731805924, 0.45833669497642, 0.45536936042738, 0.458458369843143, 
0.468884816142315, 0.461180890362384, 0.462914905104839, 0.461316457117825, 
0.461822183695629, 0.456641254085743, 0.464527408875784, 0.467754466974047, 
0.467852995035138, 0.464976202392984, 0.457510393332069, 0.471173574821058, 
0.459890625933384, 0.457771915147918, 0.461754002537914, 0.461413028025381, 
0.462033297405733, 0.461044502319958, 0.453837317636605, 0.461852174663941, 
0.460374455055407, 0.462848514970618, 0.464621626910367, 0.464625045474118, 
0.46415622903631, 0.466702157214479, 0.463098429777732, 0.460225799192613, 
0.466351631679604, 0.459550513034412, 0.460999260400782, 0.462348191022668, 
0.461972841373651, 0.459617284320117, 0.460305528463971, 0.467014044606341, 
0.460506201180102, 0.468032439210686, 0.465391923456542, 0.465514745492176, 
0.46882966192103, 0.463736705970263, 0.472554330772648, 0.457632010726769, 
0.456020739359028, 0.462458996656226, 0.460714940780786, 0.463180994162832, 
0.461405232261859, 0.460509816265831, 0.464213741186664, 0.464823377501226, 
0.463047642361219, 0.463836353438271, 0.465125845738265, 0.466426199672482, 
0.459927941337802, 0.461737354587904, 0.461324736169027, 0.464532391945956, 
0.463204543656337, 0.45736332286677, 0.461282872523624, 0.463677463057242, 
0.462725978973194, 0.460959578528196, 0.457319552491919, 0.456595156995255, 
0.466247601409293, 0.464394781413692, 0.46302289216347, 0.461662179998479, 
0.462527858015052, 0.457908101085079, 0.460971743279927, 0.459644381527582, 
0.467158687267059, 0.464191618502584, 0.467010349301675, 0.464622558535144, 
0.456615028373239, 0.463706372634369, 0.474066083138444, 0.463182494196667, 
0.470602316014764, 0.463883803364534, 0.462970162928067, 0.466399780129417, 
0.461939227357359, 0.46120692858895, 0.464451915203913, 0.467919591565044, 
0.465586792088447, 0.461782097249011, 0.462563915444922, 0.463831079451802, 
0.466021739643144, 0.464241509651562, 0.468002769739294, 0.463185317474864, 
0.465369983736028, 0.463581835826344, 0.469497954070404, 0.458542279642419, 
0.46059230469846, 0.469500091822477, 0.466011063439086, 0.465766543368245, 
0.461576261217764, 0.460516666167603, 0.458450028557428, 0.467808753642555, 
0.456989244983942, 0.458222991747339, 0.464980470145885, 0.464680742254371, 
0.463259286422518, 0.464555777734305, 0.462526838482186, 0.460826445155736, 
0.461302003341992, 0.464966297124418, 0.467732742569, 0.467833209647012, 
0.46447553441208, 0.463328461772001, 0.463607285494476, 0.464043470801803, 
0.463369898761674, 0.466697381647332, 0.462144149351496, 0.460186066629619, 
0.463625969268444, 0.4619138841645, 0.457809888335685, 0.466318438558815, 
0.46081449914923, 0.458864044940101, 0.461289474322099, 0.455373185953434, 
0.46362709139437, 0.461254901428444, 0.460834439095142, 0.467759783391152, 
0.462920420705537, 0.465348299768383, 0.467412034623921, 0.461661512188796, 
0.463708411017782, 0.456973667953237, 0.464413810442315, 0.465964030462204, 
0.455809485715024, 0.46177862215076, 0.465131204310036, 0.461492494001281, 
0.460809672982318, 0.467236139202837, 0.459189980026181, 0.457578485930044, 
0.460716512790433, 0.464299266874035, 0.461260646367833, 0.460899574969122, 
0.466473482386355, 0.459901123066579, 0.457782549572277, 0.460008611792962, 
0.460748485642341, 0.456644828532918, 0.461623308421644, 0.461978633427023, 
0.466306465095902, 0.459738533097368, 0.469783718330906, 0.46421356994453, 
0.463751326088515, 0.459650189429911, 0.460035035436338, 0.461777833274629, 
0.462190790348343, 0.461182103766011, 0.461968472933302, 0.460180550361704, 
0.461823544690045, 0.464039469844191, 0.460714902938371, 0.462064085007899, 
0.459828772022899, 0.45846596494289, 0.467382203831942, 0.466406926561374, 
0.463737411198381, 0.461258306000615, 0.465492932444305, 0.462198410332152, 
0.467014872694409, 0.454571454314807, 0.464648540979535, 0.46528434730101, 
0.458348154532569, 0.465365372149593, 0.458708865515361, 0.460684234713843, 
0.465220466280566, 0.459368980561589, 0.463895671230989, 0.457312186300933, 
0.462362152968965, 0.462601066045252, 0.469217354215321, 0.463698212773332, 
0.467042648937925, 0.465708648901366, 0.461652251448109, 0.464451118900109, 
0.468276392210926, 0.466978478315586, 0.459003753968832, 0.459893654647766, 
0.464957188821296, 0.468051236080648, 0.46459091932344, 0.466885446510244, 
0.467916003652183, 0.455154614991104, 0.462487430600419, 0.462095560014427, 
0.462177430001069, 0.462637278479618, 0.46060578203429, 0.457562730939459, 
0.461334660065547, 0.461909084493468, 0.459502526960481, 0.459970438483185, 
0.461533246052552, 0.458860151303505, 0.467418006401832, 0.468431635357949, 
0.463350949878738, 0.462221987458668, 0.46392672619424, 0.465204684467663, 
0.461243162599679, 0.464894038834928, 0.46530368643727, 0.461269526758089, 
0.456774187813574, 0.46316591301452, 0.471839307316069, 0.470178768388088, 
0.466931689212118, 0.462091998854473, 0.460304258172774, 0.463697893003239, 
0.467570531253617, 0.46378602166475, 0.459836484358221, 0.464061863208772, 
0.463284173149415, 0.45888639618327, 0.458022324950631, 0.465910400028984, 
0.465700560768083, 0.462650412114999, 0.462890531897585, 0.461517521039379, 
0.463784682413622, 0.465514042429374, 0.460649732483675, 0.466319442314998, 
0.468878695716535, 0.461957805549863, 0.466965304076233, 0.463821339335271, 
0.458132056344199, 0.461947793153091, 0.464260107158395, 0.465093761083912, 
0.466408216836071, 0.466551042024892, 0.461010484156231, 0.462743955977947, 
0.465678984064598, 0.463293396408154, 0.462900983053827, 0.460801086711817, 
0.461575999482655, 0.468057718843669, 0.458448469930985, 0.460975152577645, 
0.462330227105213, 0.46212625612059, 0.460900880889305, 0.465356690289759, 
0.467535467237121, 0.466120863526588, 0.46877000202555, 0.462154337231178, 
0.462389430881796, 0.458169871463611, 0.465666219271687, 0.45936125464347, 
0.46230442977893, 0.467153712699394, 0.465916670928303, 0.4617497252736, 
0.463103763898695, 0.46345959551262, 0.466162129695583, 0.459214167345785, 
0.46570004280948, 0.470037096884554, 0.464266620131803, 0.461690675170704, 
0.460117908529719, 0.463032273211596, 0.462313841442256, 0.46284365861717, 
0.46578969917605, 0.460708033940734, 0.462909133523635, 0.474678274364463, 
0.463175269807779, 0.458270629405569, 0.45770944870566, 0.462096098601898, 
0.466351927282711, 0.462695178370478, 0.464321406251924, 0.452718353891704, 
0.462475055496932, 0.466724483123506, 0.46372591570067, 0.464403547256287, 
0.459347104853939, 0.461528141785442, 0.456094528900951, 0.463704809404418, 
0.457772556138814, 0.46274958988185, 0.461415579034048, 0.466375969705222, 
0.463484331224529, 0.457564605673738, 0.464544435068123, 0.464224084205121, 
0.46422860786959, 0.466643923507287, 0.458140524313403, 0.467146494837294, 
0.459679432009932, 0.460733779610464, 0.462052977391472, 0.465195224838641, 
0.461892193658859, 0.457786062270955, 0.465961564375677, 0.463175396159347, 
0.461032172497581, 0.460132414310924, 0.465209350518734, 0.46417133263384, 
0.463840857212943, 0.456065914708348, 0.45887305317276, 0.465154535156463, 
0.463552866363432, 0.461080792069397, 0.465732857116936, 0.459330235898589, 
0.461190535061439, 0.460028600692904, 0.464810811835572, 0.463823471858597, 
0.463068267940183, 0.462467457684362, 0.45866570257825, 0.459780509342135, 
0.464695620734571, 0.460646284931714, 0.467996559040657, 0.458131340184965, 
0.462233598389143, 0.472074769450497, 0.461213394758914, 0.454876910763065, 
0.463191908446245, 0.462552798864262, 0.464091661490735, 0.465137275707959, 
0.462819621631564, 0.467849049824, 0.462404749825866, 0.463921768170804, 
0.462810265856563, 0.465913605480342, 0.462375804929833, 0.460118076598779, 
0.461788272586099, 0.469531706346292, 0.461217837106226, 0.462467107699443, 
0.468661419931485, 0.461411811194596, 0.461708451226662, 0.463992685013176, 
0.460778531980032, 0.462519846114869, 0.459516067222927, 0.462693301882734, 
0.461214200376241, 0.46062019072894, 0.457160021000112, 0.462984972411614, 
0.465890802264944, 0.466207009074179, 0.462955816634521, 0.458262295996735, 
0.461038439398647, 0.459391878243668, 0.462080880336322, 0.461228833599347, 
0.464422295208115, 0.462934636416593, 0.460560608494382, 0.469287589822947, 
0.466251404952569, 0.466073951867642, 0.460735750690274, 0.464127907726471, 
0.462728516336541, 0.47086272253836, 0.463847022914898, 0.463912439297221, 
0.456032609624235, 0.462861335558519, 0.461821861879258, 0.467765390267067, 
0.459356549632869, 0.465549884264049, 0.457704438358986, 0.467344292250601, 
0.458550832987204, 0.457966956495545, 0.456922668196082, 0.467524546804888, 
0.461898132950923, 0.462501893282522, 0.468272626663156, 0.462037307322311, 
0.460136090896769, 0.460490061920575, 0.461180358071649, 0.463016492384525, 
0.462877199766771, 0.470240746736295, 0.456016753209104, 0.464870957614077, 
0.470152384910715, 0.466188808243555, 0.466318041073513, 0.462009420696446, 
0.466866825775678, 0.459352274209687, 0.465118793295683, 0.464020878614062, 
0.463874959346366, 0.455792681483925, 0.465241210503375, 0.462982434055829, 
0.460997742680583, 0.470933037616704, 0.459073580600143, 0.472283852605884, 
0.464494163116258, 0.461391507280221, 0.46604862827816, 0.463505478996906, 
0.460562032732408, 0.462228501543291, 0.460008464272665, 0.459848883017968, 
0.455976693395985, 0.460254776705101, 0.462898893019235, 0.458366348819186, 
0.466069627260324, 0.462046080657147, 0.459741219713962, 0.456839538569032, 
0.463162145655586, 0.464027721130318, 0.459352942804833, 0.464758671520442, 
0.46288369001825, 0.461922526671204, 0.461975518093131, 0.46443173544737, 
0.460572197867165, 0.457916390510434, 0.466388676620033, 0.460321636629824, 
0.464650361750608, 0.458364869150017, 0.462811452716952, 0.461073617009915, 
0.465628795383667, 0.461748498115684, 0.45690190901177, 0.460405836975258, 
0.463128479101876, 0.466694813546601, 0.465632913210035, 0.464147054793086, 
0.459127274747423, 0.468996257454733, 0.460735127560401, 0.459040160219314, 
0.457436957810209, 0.469894220255169, 0.458078282796403, 0.46093204010719, 
0.458891338980019, 0.462524746905047, 0.465664839737572, 0.457830422168192, 
0.465458168628842, 0.463369863391236, 0.461958472914656, 0.465784388196003, 
0.463912003564457, 0.461395339723098, 0.468063302772612, 0.462161957320352, 
0.464141100366926, 0.460777652515547, 0.461589668243168, 0.463145917203309, 
0.465512257203366, 0.457998324409124, 0.464448872158278, 0.464497705567341, 
0.463045135354632, 0.460268257100883, 0.464009794862407, 0.458702756364932, 
0.467470347224134, 0.463410580510908, 0.465233315302614, 0.461650602472898, 
0.464019823582454, 0.459705273510582, 0.465008084911936, 0.461447705037909, 
0.463039430739434, 0.460790860631431, 0.461682031991057, 0.466664626563145, 
0.467335833394874, 0.462745800291199, 0.461729776224205, 0.461636134936088, 
0.469178263625184, 0.464299820091712, 0.462158083290605, 0.46472341898536, 
0.459103289633272, 0.464265238537093, 0.463235673770671, 0.471487277354575, 
0.4611832038019, 0.46767643818547, 0.463603287808513, 0.462105755507837, 
0.465029053325447, 0.464216012642539, 0.464548314322064, 0.462609850226227, 
0.457279365582554, 0.457974691057162, 0.463447763838274, 0.464843801085948, 
0.464732942026702, 0.458354034547933, 0.46226086012689, 0.459180549056184, 
0.463245248007305, 0.461400431749497, 0.457728835270675, 0.464650403862103, 
0.468645262478965, 0.461909647349073, 0.458183702602545, 0.469132941139336, 
0.465401230973064, 0.457654868728562, 0.462104742221892, 0.457663103894045, 
0.460392797353994, 0.457686302232303, 0.466358411213956, 0.460708566544365, 
0.462269881292209, 0.464652115837297, 0.468831485407616, 0.466279825891699, 
0.46033051892286, 0.466463128046612, 0.46388506344074, 0.46120238751813, 
0.469083747935259, 0.467305924973523, 0.466855906865448, 0.461551097982922, 
0.464202203422877, 0.459765214875943, 0.466906535693799, 0.461616310692841, 
0.462139529984239, 0.470124433151087, 0.456427891163595, 0.466099894929883, 
0.458249378740818, 0.465789707577574, 0.468330847655178, 0.464038896394914, 
0.467581767330069, 0.462021557237643, 0.460692791987697, 0.457548313735788, 
0.468358086351228, 0.466941846687848, 0.45458171320643, 0.459131550675308, 
0.46192029395618, 0.456086793588949, 0.459271176492819, 0.471909358663572, 
0.456611373795959, 0.463970279598182, 0.465323484897437, 0.451127899870398, 
0.46343028125114, 0.464831072907829, 0.462797163170389, 0.465789393018167, 
0.463621656180553, 0.461448059696846, 0.460301178244673, 0.462070637996272, 
0.46936730098454, 0.461811177676577, 0.464811114450033, 0.461940053624179, 
0.461827731337743, 0.461995442487504, 0.464579548020391, 0.464828910424513, 
0.459791231619463, 0.467066761792725, 0.462301524969529, 0.466356938111321, 
0.459551521742391, 0.465253397445929, 0.46674561531456, 0.460502806192143, 
0.465539607117911, 0.462947594984741, 0.462174617597086, 0.461232945506646, 
0.465833663022622, 0.468592344992706, 0.46863816980368, 0.463588505013151, 
0.460273766258439, 0.463641767835556, 0.466447915943662, 0.467975438419995, 
0.459849221873372, 0.466410367655518, 0.46679662366735, 0.459377397021242, 
0.461339082417417, 0.459227947309976, 0.454480796249806, 0.460992692384167, 
0.458318207323541, 0.468014782906993, 0.461919983098362, 0.457985937365789, 
0.464674571042813, 0.465833236937026, 0.463050564961421, 0.455257800458416, 
0.464734354903271, 0.462954692484236, 0.464835869463806, 0.465337227747545, 
0.460951904656673, 0.46129926931759, 0.461300278591478, 0.454949919965933, 
0.463545403814584, 0.460773349944785, 0.466028132862822, 0.459929238384253, 
0.4635095178278, 0.467695186899262, 0.464409722232256, 0.463725866169431, 
0.465494161259473, 0.458459333337057, 0.464603828618448, 0.460413715836238, 
0.461458820115109, 0.464350780662557, 0.464803675735016, 0.457284578401335, 
0.464699102705004, 0.456516219933844, 0.46705788552507, 0.462762712798387, 
0.46185165512531, 0.460250870672715, 0.462172232609151, 0.462736860411811, 
0.462890714240706, 0.460139911254001, 0.469616939083161, 0.461587936266196, 
0.457808263536525, 0.461297870559248, 0.468627213753082, 0.464018979069681, 
0.463417289488924, 0.464382328178529, 0.46758605361402, 0.46208451097, 
0.467586012389265, 0.460886353588582, 0.464812340969028, 0.46287587338994, 
0.465278474474248, 0.465227438013579, 0.458414374468984, 0.460461955943492, 
0.460736775970379, 0.46231978348156, 0.460721497445194, 0.466821380200057, 
0.467613508739302, 0.467539128252689, 0.467068597987512, 0.466008594593973, 
0.457893409558649, 0.463601164787227, 0.461436661546689, 0.465804499057958, 
0.464002662603236, 0.46580029510694, 0.459245176905327, 0.468506998440363, 
0.462641337741757, 0.464369104700064, 0.453139838492236, 0.464556059007758, 
0.466893480268049, 0.460659371617532, 0.467017476923704, 0.456736679175164, 
0.465296105629796, 0.464240141872357, 0.458070580047841, 0.461459556204734, 
0.457463098281309, 0.459274115035798, 0.460404245119214, 0.462340176652171, 
0.459220420272483, 0.461927998205846, 0.464159528116499, 0.463056231291141, 
0.462743773051037, 0.466162401603289, 0.465176863098511, 0.460797837803302, 
0.464980776581882, 0.465605704264601, 0.461464291192827, 0.462983940861355, 
0.463898078527046, 0.460065195060893, 0.463976691394582, 0.45841599537778, 
0.463573195194955, 0.467795580284886, 0.464402239514173, 0.464522359840081, 
0.461104065641008, 0.461567479597942, 0.462132070804505, 0.461924761441528, 
0.456300535341784, 0.464838838880752, 0.467434116777891, 0.468462363659686, 
0.462318980136795, 0.467485603323406, 0.462620878339525, 0.463731967394937, 
0.460700937952677, 0.464869965038041, 0.463279643852232, 0.454886928242865, 
0.464989613389943, 0.464750754150625, 0.460514692419685, 0.462052209432872, 
0.462377849323849, 0.46253460270761, 0.459881207309314, 0.460140113333176, 
0.458054928977437, 0.460497150950263, 0.457689419928011, 0.464993886124747, 
0.462305753562535, 0.46091090330153, 0.457065640926265, 0.462069226078697, 
0.463374178308232, 0.461984159649528, 0.462489492275412, 0.460333991156261, 
0.462352157366558, 0.464802731713475, 0.464861885658471, 0.458809143856426, 
0.464543278890524, 0.463957192774635, 0.456344198636907, 0.464846607535583, 
0.460858446198969, 0.461736097672824, 0.462728244644758, 0.462406788433697, 
0.471601990096465, 0.465718631321754, 0.462601326706115, 0.46366194709408, 
0.463754707375821, 0.46441204844586, 0.462062250868084, 0.466429453533717, 
0.463128538383441, 0.465492170225406, 0.460023545568816, 0.462454274378202, 
0.462557959139714, 0.461371594931993, 0.451231760482823, 0.462605940854338, 
0.464023306525485, 0.457947782230904, 0.464061875239025, 0.460007502419748, 
0.465209544005966, 0.460022120145749, 0.458226812024835, 0.463600590428874, 
0.456805050735964, 0.462454924637766, 0.457378915133061, 0.45992365439156, 
0.46867687428795, 0.463247291804867, 0.465385430132638, 0.454800205264443, 
0.457542204738114, 0.457799662516827, 0.466385120188797, 0.458660395029889, 
0.460150985343171, 0.465544969813076, 0.462159756943152, 0.467093871664814, 
0.463452269033584, 0.463042302936416, 0.464336345819995, 0.460278813013902, 
0.463007382512993, 0.471292566270617, 0.466346731594429, 0.45866719016439, 
0.467406096927363, 0.46605221245626, 0.460832291201844, 0.464939835312882, 
0.463813924374938, 0.46174190259909, 0.464509761071114, 0.463046137294416, 
0.469009404286671, 0.465491147535058, 0.459327740304891, 0.463869704329411, 
0.465672287084037, 0.459468679411344, 0.465257297980039, 0.466483325974159, 
0.463477709119467, 0.462007324663515, 0.466638264854808, 0.466639704706452, 
0.464784034625758, 0.46281729445893, 0.467845287999324, 0.465031012909798, 
0.465191119052279, 0.455871634368563, 0.463057849482926, 0.464001491185743, 
0.459803761802604, 0.461845142127549, 0.458231885546003, 0.455793576959066, 
0.464759845495588, 0.465430745062467, 0.460191294795771, 0.466645015292846, 
0.464696284692553, 0.465830684231016, 0.463713486478906, 0.465293840042019, 
0.464681798112608, 0.462441429469548, 0.458356123896185, 0.463260460798854, 
0.455690858712422, 0.464850756939447, 0.461062516566313, 0.467945079110854, 
0.460172596138233, 0.466244385315141, 0.465761421838688, 0.461868203529143, 
0.459351398025347, 0.45973839119845, 0.457067082170432, 0.46851969935023, 
0.458996382162678, 0.458450293669366, 0.461751830417828, 0.464973869651579, 
0.462198892157718, 0.462166755676875, 0.465782776099073, 0.465614834002365, 
0.459950086560056, 0.461761954671705, 0.470050974527035, 0.460847201219381, 
0.464951371302921, 0.460067846826998, 0.462052180125588, 0.458195073931067, 
0.462643746356742, 0.464650465384166, 0.459237167007989, 0.46170587046953, 
0.460490320063683, 0.464711811103034, 0.465605235976445, 0.469040900645926, 
0.46566161013411, 0.462655476927678, 0.461671290913002, 0.461786936677578, 
0.462941489685506, 0.460885733582636, 0.461460268485561, 0.462861139327279, 
0.468707337334551, 0.46015097132071, 0.461258532952118, 0.463295037511944, 
0.461161028791318, 0.467463884450436, 0.465764522029142, 0.462109840912484, 
0.466236153729169, 0.46626445081542, 0.470070114914376, 0.46285608768102, 
0.457826922162832, 0.466282304142451, 0.464964233408296, 0.465261416484951, 
0.462231154367712, 0.462088365561604, 0.457717779357034, 0.459486709094225, 
0.4644920112355, 0.461003935897652, 0.4536868175312, 0.465671674716208, 
0.465872226476166, 0.461862422017073, 0.458209918793824, 0.455175741209194, 
0.464104923463285, 0.469347052302118, 0.459893793366459, 0.469234175288999, 
0.462476858985285, 0.458964768860309, 0.45797176536993, 0.466907252630359, 
0.465891920020204, 0.458351464771304, 0.458746085195053, 0.462859470364003, 
0.459696596536441, 0.465614496391107, 0.460694873733051, 0.468647598194041, 
0.461215783953883, 0.462646177131941, 0.459792450776791, 0.46001445703799, 
0.465932537511469, 0.458785992703072, 0.468609415314883, 0.45872261637757, 
0.460147840678469, 0.464718070357491, 0.459482568572791, 0.462088388976427, 
0.464564699263237, 0.463921306093373, 0.465353220777668, 0.463341783699324, 
0.465066638314736, 0.458988363186774, 0.461341295479091, 0.468946647098737, 
0.459488442141121, 0.463975443923905, 0.465217289498985, 0.461543142464143, 
0.46479847807112, 0.464305176128924, 0.461701317239795, 0.461539470812316, 
0.471079525780944, 0.460010602152407, 0.456656192718977, 0.458415854084568, 
0.462262211294777, 0.47047165820731, 0.465398316784673, 0.462639863891885, 
0.458184719829907, 0.45846371646117, 0.459826042649631, 0.457645730737639, 
0.461320659256551, 0.46253495523324, 0.467740093422067, 0.464135612036876, 
0.459708445133489, 0.467513525853855, 0.460131672001411, 0.463314400093705, 
0.461825085389261, 0.468190099208547, 0.459744958495299, 0.459622887867096, 
0.462865979270716, 0.460757299386259, 0.457536875319803, 0.462402468049965, 
0.461615275719524, 0.462459741183734, 0.460893786951155, 0.46974077632881, 
0.456507688870303, 0.46359295583798, 0.460762648693073, 0.464910903443086, 
0.458473260879551, 0.465204527437871, 0.453267153247651, 0.459579027934352, 
0.461464941228956, 0.461294021046469, 0.465875352759042, 0.468138842384488, 
0.460892192479932, 0.464912375173862, 0.463636059449163, 0.455179014206587, 
0.463299838605931, 0.468222148376209, 0.465390179803589, 0.464202715105295, 
0.459770818752035, 0.465275970490324, 0.463823822922624, 0.460346084671244, 
0.461599282403915, 0.46552554717297, 0.467211854339229, 0.461826520371732, 
0.465062189570592, 0.466436765302217, 0.468747121942413, 0.467309290574146, 
0.463424755885794, 0.464430446871824, 0.456038177573356, 0.462080434005433, 
0.458591837938412, 0.462032299945554, 0.461248455660503, 0.466385192004454, 
0.461308371785841, 0.462077489629509, 0.459507468759707, 0.459622312764156, 
0.45693092947637, 0.459571606915569, 0.460543111612986, 0.465360727100904, 
0.456350902489062, 0.460527961121149, 0.469305467020644, 0.463952535029635, 
0.459308318678695, 0.457628143304352, 0.462602981547659, 0.458559759342101, 
0.461243649109166, 0.465119239256589, 0.463361186151803, 0.468252532705345, 
0.459104189231472, 0.464152379639157, 0.46344210619297, 0.46560828560927, 
0.459669240528342, 0.458314803402001, 0.456876529031371, 0.462272305589248, 
0.463149270802909, 0.464480026945101, 0.460190929726716, 0.466490022260967, 
0.464065904901983, 0.470518237420697, 0.465328357434594, 0.464596601165256, 
0.463816452578702, 0.465809314293242, 0.458685423102327, 0.460395410600148, 
0.464652241808536, 0.46587012179636, 0.467777388558636, 0.461397066438909, 
0.457410206818335, 0.46673923268526, 0.461930459875572, 0.458636091392519, 
0.459795880049677, 0.458851942857892, 0.461895790858768, 0.464746455422194, 
0.46575957817089, 0.458602079015451, 0.457593179587365, 0.459192864075661, 
0.461362455045632, 0.464588170485876, 0.462281946062927, 0.461275036094617, 
0.465980122513069, 0.459981426928471, 0.457267577490862, 0.463163304878785, 
0.460007852339529, 0.460874773437461, 0.460115617814808, 0.462400082163991, 
0.463089147814184, 0.463054830192434, 0.46484822063396, 0.459743688745121, 
0.463518043702448, 0.466013690273087, 0.464919997276338, 0.460657209019156, 
0.463210951040921, 0.458873559702678, 0.457595394604048, 0.456834467862277, 
0.462026776764225, 0.461354159586373, 0.460398932822899, 0.462049714330083, 
0.459940296658652, 0.464069310529118, 0.463964080636149, 0.46389275980325, 
0.468877712128749, 0.465033444765004, 0.458158539317768, 0.462020886295859, 
0.464896064687041, 0.470860534713885, 0.459514756358224, 0.462696992753221, 
0.466555910193896, 0.46673702982051, 0.46077866757968, 0.467043039534552, 
0.460974927751083, 0.463860736616402, 0.461528475382406, 0.462516038655234, 
0.45778912744598, 0.468727781697458, 0.458539782059361, 0.463081434238688, 
0.461808931051501, 0.462155261997313, 0.460095716770728, 0.467698439839903, 
0.467938376409154, 0.459778989522566, 0.457106348360695, 0.456418137532531, 
0.464948942850194, 0.469690317232586, 0.459556623294383, 0.464863578010665, 
0.459539484614943, 0.459189496111978, 0.467873564834677, 0.457857436164188, 
0.460866905742511, 0.464314823655826, 0.465569753351601, 0.46498162612354, 
0.459714332926743, 0.464009214710633, 0.458640413956177, 0.458329621927823, 
0.454155868876397, 0.465355304880224, 0.464757461183152, 0.458386815899821, 
0.456746565085898, 0.459733068491894, 0.463103024637038, 0.458845658540168, 
0.465805061644983, 0.461328739804028, 0.464880252566067, 0.46480231015144, 
0.463782327560164, 0.465874474813308, 0.465018438592373, 0.465405630900765, 
0.465029461012667, 0.465009131797059, 0.46947359994949, 0.457971899080215, 
0.463868118534063, 0.456807535350968, 0.463025325178586, 0.461439157055913, 
0.459257787135541, 0.46014047419156, 0.456994308765046, 0.4686385921599, 
0.465487339436473, 0.463871247107486, 0.463144057338402, 0.459758930853491, 
0.462391072928417, 0.464023782835953, 0.466549385486691, 0.468136847777458, 
0.457221423247437, 0.461363815501492, 0.456676655324554, 0.461521914055061, 
0.461419295205355, 0.464196462314757, 0.464703826602767, 0.457729883057816, 
0.454957306484415, 0.464670157504499, 0.463078718546831, 0.463043055050314, 
0.465609522322185, 0.463429334898912, 0.465979498124042, 0.46496614617588, 
0.460804415902915, 0.461897393554826, 0.465463414495267, 0.470393595655373, 
0.46403028926719, 0.463031493932093, 0.458344668487701, 0.462930291573039, 
0.458714855059025, 0.462474039309454, 0.463841037058312, 0.465268093445689, 
0.461859068500204, 0.462713308993996, 0.459006688232834, 0.460317269447142, 
0.469154652479192, 0.458726147311979, 0.457520259644552, 0.464577121952213, 
0.459742683211598, 0.465058334127239, 0.457110956811989, 0.461957518052674, 
0.463988080452766, 0.4642206883407, 0.457143167425109, 0.463052494718508, 
0.469589610336672, 0.461613746179419, 0.462119788502195, 0.461819482971254, 
0.461705635767203, 0.457839553367346, 0.47041380005935, 0.462304310963981, 
0.462625153715256, 0.464116075008164, 0.459157893485989, 0.460329703197423, 
0.462447674989207, 0.472510795881537, 0.463097302354527, 0.460028896502562, 
0.459566548332012, 0.461605975330728, 0.463579107802084, 0.462850294674054, 
0.468480871225697, 0.463197267390531, 0.464384823842863, 0.456884032861773, 
0.463346052802988, 0.457474526752895, 0.463720016613571, 0.458251595968055, 
0.460217609140465, 0.460569887666614, 0.463278339568076, 0.462792512736216, 
0.464897299605059, 0.465026823717392, 0.469871730302858, 0.456936349504398, 
0.46502781569142, 0.46023590151669, 0.460023435404429, 0.455540503281178, 
0.459601120536839, 0.452527542540492, 0.460869988533745, 0.459534742510243, 
0.469875648819576, 0.456222303711578, 0.463973609650413, 0.453096701456447, 
0.467397625051249, 0.466235442694383, 0.4643541737617, 0.465239985000149, 
0.465472655496655, 0.462199303405915, 0.466600170152688, 0.470168168375939, 
0.465877610542343, 0.464256380027175, 0.466261130447545, 0.459828358312379, 
0.458054608880561, 0.468216786437921, 0.462258033804386, 0.464393739458789, 
0.466088864224575, 0.465874342588874, 0.461933965909501, 0.456677237466964, 
0.460666184716134, 0.457485879969404, 0.467332205293208, 0.45810113417824, 
0.458648756054505, 0.465042703702183, 0.458975712779389, 0.467552956061493, 
0.459134002157761, 0.462198830377505, 0.464091754316901, 0.457171552362157, 
0.46021049308998, 0.462068491909211, 0.462936771544264, 0.456243319354977, 
0.474379282774064, 0.467428560998134, 0.463598235027419, 0.461258674736213, 
0.46250290680597, 0.464127013537548, 0.467334698438496, 0.470037616009594, 
0.461185801204814, 0.460520704797051, 0.461304604765033, 0.456775048103113, 
0.461589889819118, 0.467011920798726, 0.466360765080682, 0.463287140951668, 
0.465822316653381, 0.461602256655122, 0.464083620573863, 0.457492523564671, 
0.468962158948373, 0.464143400191919, 0.464174480344414, 0.463683590727085, 
0.463942378416933, 0.461266142323364, 0.458573622594955, 0.463396376172047, 
0.46448338931907, 0.461608323864338, 0.465291757812791, 0.459185988137601, 
0.462740063347868, 0.465212704630718, 0.465778519565494, 0.465318653214034, 
0.460101168646446, 0.463936439822644, 0.464406906851996, 0.46150877414701, 
0.462250184858788, 0.464520022124476, 0.457735909027684, 0.463696121549389, 
0.467240182081387, 0.464933710392494, 0.463699071804167, 0.459851031417336, 
0.46166439049218, 0.469954992060511, 0.471032738482696, 0.466212630401648, 
0.464484839316997, 0.456494291554325, 0.467264292239908, 0.462833118578873, 
0.462262281390641, 0.464246581417801, 0.458940489748271, 0.457650810035826, 
0.465274687505392, 0.463844670058909, 0.457757789981321, 0.465552931606989, 
0.45759269232258, 0.462468782554195, 0.458034143596584, 0.467061474591125, 
0.463630680870064, 0.463405723456143, 0.463043307312035, 0.465570283251006, 
0.458630680452942, 0.464765747280505, 0.466721198938941, 0.459596302701471, 
0.464249516334943, 0.464992460398214, 0.460045445661831, 0.458331290591519, 
0.461675418163745, 0.463475406671893, 0.464323962253582, 0.45617448794217, 
0.462679212985533, 0.465798004307657, 0.465951061956743, 0.467294021931354, 
0.461426235064377, 0.46645570836064, 0.462217568130196, 0.461289587752162, 
0.462310800283546, 0.46385065104744, 0.467184402363053, 0.465883172420244, 
0.463627047056266, 0.462950409025131, 0.461159620383143, 0.457247386529403, 
0.460981637620563, 0.472700370523184, 0.457774166470217, 0.465976597460182, 
0.461195331661076, 0.463541892575724, 0.460779484281751, 0.459108970423158, 
0.471386882296628, 0.465187072343722, 0.464010358307517, 0.465318563886012, 
0.466181793713433, 0.462896932696251, 0.460230300221353, 0.463259811161063, 
0.462805341931976, 0.464806715550624, 0.459473126906974, 0.467618201756443, 
0.458041630660996, 0.459266584617318, 0.462100502177408, 0.466767732001918, 
0.465556023204884, 0.464070996543709, 0.462861949116598, 0.463739728329213, 
0.465216873256258, 0.463722096831488, 0.461939556975868, 0.466514527239324, 
0.458217042453836, 0.463485003716048, 0.468113898885035, 0.463731407817366, 
0.4660806060893, 0.463301608831323, 0.46971989253662, 0.464582435948781, 
0.461142203439765, 0.458663834013345, 0.458314903204356, 0.46387103360918, 
0.463486894672565, 0.460552936987614, 0.457843011444103, 0.464245587982812, 
0.459852231737215, 0.461497372662395, 0.465075000706927, 0.464201400342034, 
0.463556234163071, 0.459347255190996, 0.467439884223701, 0.452138779283555, 
0.462874370300031, 0.450646433315824, 0.460088446981906, 0.463183583404495, 
0.462474734582806, 0.467654907503006, 0.462866672623696, 0.467738822460317, 
0.457000246490451, 0.456767610050674, 0.462947775434608, 0.467930174412797, 
0.463019687456429, 0.461626903719492, 0.468825585930027, 0.466031612749811, 
0.465490930689063, 0.466198870432901, 0.46284364731409, 0.470946127083746, 
0.463807854212782, 0.462258490576563, 0.456627851030856, 0.462050505957294, 
0.464896661826489, 0.467667560716773, 0.463114550713592, 0.461613134982218, 
0.466488537627881, 0.467685714478509, 0.454227404800857, 0.460670154345277, 
0.45974140870576, 0.468056613289348, 0.464859268904733, 0.463260371234374, 
0.46717533729189, 0.461022964045757, 0.463430277226228, 0.461783346251122, 
0.461012391636723, 0.461200681494511, 0.467964501525793, 0.45617760895086, 
0.463627456496104, 0.467343012047436, 0.463368086919779, 0.461688767858575, 
0.463099687479641, 0.465578945125611, 0.465221858992822, 0.459932540669373, 
0.467582454171945, 0.46330913146181, 0.466816903647141, 0.464848533018671, 
0.46436623937145, 0.457445571644632, 0.46659057634521, 0.463495380534025, 
0.4631930022009, 0.465640771610911, 0.468568784173741, 0.463224493461283, 
0.462959480774714, 0.460825184375088, 0.459407787283771, 0.464727378558003, 
0.46357779192928, 0.463774291111955, 0.467644601736207, 0.460352580060527, 
0.461986285374207, 0.466627474140477, 0.463958136917749, 0.462046231001717, 
0.457736611498373, 0.456822971071427, 0.457206509880365, 0.465872136775362, 
0.462883886445757, 0.461981446032308, 0.463742616686206, 0.461538292512264, 
0.459165209759467, 0.457624365483861, 0.464199517590622, 0.469709268590237, 
0.459596916334165, 0.460399077946647, 0.459151296436115, 0.465334386607116, 
0.463935709832635, 0.456921659288335, 0.465192852069175, 0.462504633506904, 
0.461967602762502, 0.459014340460786, 0.456914944890507, 0.461653843340792, 
0.462209024237492, 0.462074955156478, 0.463228006052107, 0.470336530629802, 
0.466787518194223, 0.457858609483681, 0.46273635436547, 0.464843028527819, 
0.455879467378989, 0.462269985041687, 0.46165368475236, 0.468607652740012, 
0.460341082935333, 0.46477253006137, 0.456525141500984, 0.458199981646846, 
0.461150149453485, 0.461827162854354, 0.460328174190096, 0.463975738364039, 
0.464932222651965, 0.466879100769251, 0.465831824551523, 0.459592282371083, 
0.460086686677739, 0.456888774675477, 0.463870044444176, 0.459216771436386, 
0.45949865641083, 0.456841146717145, 0.458883633303158, 0.454890660508366, 
0.466919740331545, 0.457979601853894, 0.464856341189874, 0.458340873920144, 
0.464597985330276, 0.462117881843327, 0.460897848665482, 0.461886641811527, 
0.465184999744451, 0.46228667158034, 0.46323008045612, 0.467398604741416, 
0.462528931032817, 0.461226925981266, 0.455329977527129, 0.465671945699553, 
0.465060816911603, 0.463613589466529, 0.46046646023556, 0.463687995709304, 
0.461806428421551, 0.464014617548473, 0.46407716666698, 0.459683307300333, 
0.462096371299368, 0.462475836078225, 0.459420553013621, 0.45988135132116, 
0.46039575327753, 0.463059709429022, 0.464160478873989, 0.452832068711442, 
0.464295131704908, 0.46098863053423, 0.460885494298558, 0.460896182070513, 
0.458761013776827, 0.46346813340341, 0.460528302621987, 0.461737274970484, 
0.458300895254585, 0.469835442033524, 0.463019143689061, 0.462681919501165, 
0.461770270406407, 0.468616399688095, 0.460238938381661, 0.460932423512652, 
0.464161652644737, 0.460437297273406, 0.466265924570797, 0.465206836618492, 
0.457710578509124, 0.463992312433892, 0.465911680963755, 0.467489070933077, 
0.461294034214035, 0.46043673307729, 0.465616944678654, 0.461502921592833, 
0.459537970691597, 0.458793107500766, 0.468103382460584, 0.453590940327003, 
0.461078116199639, 0.461370004699183, 0.46501896717091, 0.459707556924636, 
0.465956167633779, 0.458102289863552, 0.46335976457255, 0.465354497710911, 
0.464553742516303, 0.458839942560176, 0.461237667401201, 0.459412523082476, 
0.45946984248851, 0.467541489029883, 0.467276279424148, 0.465593486721362, 
0.462656784621401, 0.458889612622934, 0.461081340659091, 0.464833396885367, 
0.4644125434403, 0.456091717216868, 0.456663967933377, 0.463975162874516, 
0.46253441828885, 0.459530204124091, 0.458956169750326, 0.455298696681832, 
0.462745528634241, 0.468612754936316, 0.467143625625549, 0.466938708484844, 
0.462635262337261, 0.464531801791897, 0.46389279761841, 0.466905725193921, 
0.46262237886905, 0.462238415450182, 0.468586989760298, 0.454940855539135, 
0.462175864438902, 0.467110601709353, 0.457135413786072, 0.459345224975293, 
0.466406292934724, 0.457579150124956, 0.462659774931071, 0.464422097016626, 
0.46307462605168, 0.468212159401108, 0.465609325505904, 0.455612890156285, 
0.460430646702322, 0.465131447624647, 0.465075347291652, 0.461667503846544, 
0.465662154465747, 0.466568162671503, 0.459346665587718, 0.462570010539502, 
0.457408981900682, 0.460689519833323, 0.46102044871037, 0.468297489517733, 
0.468065543791679, 0.46883189897825, 0.46506566913173, 0.46034795708097, 
0.460866733328387, 0.466127092571588, 0.461255975151302, 0.46007291831654, 
0.466216548284822, 0.465323954579231, 0.460766056769197, 0.462681391537751, 
0.459228311245982, 0.461043063011984, 0.462342181234382, 0.457345195424441, 
0.458651969227211, 0.45980189593445, 0.463596953845644, 0.457110513356632, 
0.462660304030353, 0.464030071028256, 0.462891287020376, 0.456107756649977, 
0.466241939675684, 0.461743273744142, 0.463207251310954, 0.464109139476049, 
0.462858443947821, 0.468944894850591, 0.463128229652259, 0.4694810667958, 
0.461340319069125, 0.465942771100295, 0.461193189710345, 0.455668147763676, 
0.469790177764561, 0.462277901967246, 0.456461844707589, 0.462635200952074, 
0.468218415964919, 0.462142689435681, 0.455160897242589, 0.460475746586643, 
0.461938583016321, 0.465185199394783, 0.461031298229475, 0.464321934392289, 
0.466404673654255, 0.468280119113424, 0.464402329947354, 0.459986652664555, 
0.459357327602017, 0.463473518704276, 0.465066707026149, 0.465583166200463, 
0.463992228456792, 0.464708737379876, 0.458659342543674, 0.462890269377253, 
0.46950918216339, 0.46496590006088, 0.462118702993962, 0.459062366852057, 
0.459635228271351, 0.464672313794239, 0.459523114858795, 0.460432703997224, 
0.459331979956595, 0.46317736306787, 0.462987782757013, 0.46170122440995, 
0.4617004685795, 0.460130069881816, 0.459740308838813, 0.466160083605475, 
0.465093087999233, 0.460189385584206, 0.460699333000838, 0.4617827330281, 
0.465950894021897, 0.461711389105758, 0.46047572807821, 0.466593981263074, 
0.456903405224592, 0.467060189104001, 0.467954401456235, 0.465172817428931, 
0.46476273551224, 0.468478551705395, 0.464623800814933, 0.463789591865934, 
0.463721586850276, 0.461660452090955, 0.46214403960313, 0.461727504221398, 
0.473949557666178, 0.461279652543509, 0.463727802415869, 0.467353535072785, 
0.465072208272751, 0.466234621632681, 0.462467435883841, 0.466549354216288, 
0.462079547436241, 0.461467981713649, 0.455273724890077, 0.46224772892133, 
0.462475675096027, 0.461228436897684, 0.463086615762586, 0.461449587693762, 
0.461468731740359, 0.465104335429768, 0.467753399355256, 0.465091581725622, 
0.458506135640051, 0.46292075259669, 0.459330651205917, 0.464619105176646, 
0.46192587951848, 0.463187490724409, 0.467849010652959, 0.463687187117265, 
0.458620089852013, 0.464347103509045, 0.463686357707527, 0.463753549241493, 
0.463650432513766, 0.46204725170481, 0.458735319959337, 0.464516420340038, 
0.464050794764087, 0.469023152120436, 0.458265437145465, 0.458436647582738, 
0.464056198603301, 0.45922336575602, 0.463494432163563, 0.460660150058907, 
0.466141339187754, 0.463516513621795, 0.460474145029206, 0.468446872477763, 
0.464382141545911, 0.466540741785528, 0.467603206866819, 0.464447212559547, 
0.465482876749219, 0.464211173783352, 0.464468907164905, 0.462848208883856, 
0.46789200065833, 0.467175121816255, 0.459823199170521, 0.462040577171676, 
0.457830715627942, 0.461847388199637, 0.46881923675459, 0.454899010933852, 
0.459288511040557, 0.459734872668273, 0.465655194263294, 0.462123674337124, 
0.467505864235391, 0.463045553242915, 0.464857598577643, 0.464489383695522, 
0.461535590782105, 0.463065697991991, 0.461453066963656, 0.465091556151292, 
0.465927379586919, 0.461915720797323, 0.465577251578066, 0.462520039769867, 
0.465431727433114, 0.464059646457743, 0.465094931682047, 0.468121307151352, 
0.461604544130945, 0.455515583439752, 0.468361119029908, 0.465154865404914, 
0.464360734904179, 0.460304326027318, 0.46338258081081, 0.459441943330619, 
0.46259211292367, 0.466080120425538, 0.462033192745324, 0.463351486372194, 
0.462646483628603, 0.458634661771369, 0.461352707984633, 0.463869706946247, 
0.462214702783501, 0.46101439335897, 0.461310851336378, 0.467268002892109, 
0.460608303758422, 0.467298186791437, 0.461538825034022, 0.463209610109798, 
0.464804606989537, 0.461572858400576, 0.462359223624261, 0.459687660029879, 
0.464088821018472, 0.46387752991151, 0.465584778495975, 0.46223951729456, 
0.463698863676253, 0.462991666192534, 0.464349179554657, 0.458179372017243, 
0.467999904005411, 0.467466543520914, 0.463409771952142, 0.463370861798047, 
0.467757320285527, 0.467009293325172, 0.457430160656186, 0.466804928322157, 
0.462119770112372, 0.458130298665971, 0.462850261794541, 0.462224066187311, 
0.461399917128417, 0.461402357259978, 0.459576319221692, 0.457290533918004, 
0.470434731159699, 0.463021745187877, 0.464179084993324, 0.455797088310427, 
0.461526977697781, 0.460396345568719, 0.463906829856473, 0.460799620253451, 
0.45733575566159, 0.463731772660887, 0.456745097790515, 0.460984191655953, 
0.464883180576472, 0.460590429161842, 0.463334949551574, 0.47154107225413, 
0.463361220080954, 0.455113196452653, 0.466763594390286, 0.460343159086834, 
0.461671860343565, 0.464682282363991, 0.460629415919556, 0.458491339099725, 
0.466401990508362, 0.461467779726886, 0.463352139365472, 0.4566944732577, 
0.463148201194515, 0.464024410952878, 0.46175507624503, 0.463458084821255, 
0.459265321863532, 0.463348447885587, 0.458116854699322, 0.459325171767969, 
0.463421329848111, 0.459647387384487, 0.466879262593028, 0.469708447175938, 
0.466189733113597, 0.462781042745691, 0.461609738123051, 0.462110342568768, 
0.459090741562045, 0.461182757464521, 0.464092139262766, 0.465397212501789, 
0.465939919110335, 0.472771657531522, 0.464912460918299, 0.463594697066902, 
0.462347017432133, 0.464481997821625, 0.457321172007263, 0.464247619499651, 
0.458777847145743, 0.462631163835877, 0.468869506731918, 0.465756878500777, 
0.458375115627895, 0.464612872571882, 0.462441306408738, 0.459698374777707, 
0.463550707501936, 0.465310655657197, 0.46542326610248, 0.463768655566635, 
0.460079461548118, 0.462108405292699, 0.46144440866392, 0.460962244063682, 
0.462579113282446, 0.464989501427725, 0.46432028281651, 0.459105147528097, 
0.461167957932906, 0.461620114406183, 0.462685910292202, 0.459485285339577, 
0.469727714374959, 0.460603914171044, 0.460728619703539, 0.464405617337389, 
0.461868352975324, 0.457994259284488, 0.460402872104701, 0.457453342108082, 
0.464778098237913, 0.463844493170796, 0.467801624177986, 0.46407909027744, 
0.462766365180592, 0.45929390122099, 0.460209635002432, 0.46328335735551, 
0.463040165105904, 0.46091228704479, 0.461883616641815, 0.458267824965012, 
0.467174278752434, 0.464610684240703, 0.462560999952467, 0.4618552867721, 
0.47026168283438, 0.465978449439405, 0.46986638514889, 0.463571740028999, 
0.463551389367383, 0.464157126007573, 0.466654103361043, 0.462932525140696, 
0.457824859058517, 0.463638371373104, 0.462974735149591, 0.459504271241228, 
0.459911380738058, 0.462603260150059, 0.46465590769713, 0.461743333812286, 
0.458601423168375, 0.459423241759247, 0.46666040340765, 0.462979577875951, 
0.463073318706195, 0.460368698010131, 0.459415991343016, 0.466987175657232, 
0.462675035989047, 0.460252278185008, 0.455186561267973, 0.459698115181951, 
0.462117723829043, 0.454099263311353, 0.472440556229145, 0.461195514069352, 
0.450408071601066, 0.461258663063222, 0.46108443880621, 0.462031129444452, 
0.465512601830736, 0.458227146888268, 0.45954165579159, 0.461368243525879, 
0.461820340407741, 0.459263115088381, 0.461759593301768, 0.461610532759319, 
0.452648157488194, 0.464074698740085, 0.462022391429597, 0.46493560510532, 
0.460537822754115, 0.463068908108004, 0.463965524366233, 0.461755035480735, 
0.460325789844876, 0.460136951536167, 0.459369258320203, 0.456875176246952, 
0.464528282579187, 0.465279700602611, 0.464586165700434, 0.460205723239693, 
0.462962469445235, 0.461353700170201, 0.462551914128567, 0.466720631126257, 
0.459256811161262, 0.459306590459848, 0.459995864533434, 0.466842936372952, 
0.464499279818963, 0.46729930978135, 0.462268559497748, 0.463065505470201, 
0.461794489067157, 0.459558355560393, 0.468762414894998, 0.459594091108265, 
0.465572065607106, 0.460725690059457, 0.460764736420283, 0.46761067214457, 
0.460258720105043, 0.459595467532402, 0.46538981478112, 0.461614809949204, 
0.460490788279083, 0.465859637810025, 0.462042843741293, 0.465567387476213, 
0.46480849351288, 0.46035957444608, 0.46467203206775, 0.46340205520525, 
0.463085806333831, 0.461694574303593, 0.460899807538185, 0.459190570492908, 
0.46574562593838, 0.455213236715004, 0.457063881233893, 0.460314247557349, 
0.458235376174607, 0.464828264194244, 0.457389582628044, 0.464737584116467, 
0.463356602231207, 0.462757396627166, 0.457555473722784, 0.462218709374161, 
0.459623092661223, 0.47025553865716, 0.467040598373275, 0.459765479571283, 
0.45853800504903, 0.465110394041058, 0.464000942568827, 0.460500528528403, 
0.464309383381993, 0.461301801816844, 0.462023802937814, 0.46260237804501, 
0.456741660549683, 0.459803020698016, 0.468744570396362, 0.46305018980994, 
0.46352486203528, 0.461145387388172, 0.461674973064818, 0.463469014965179, 
0.462758236950081, 0.466789351190326, 0.463189194292679, 0.467324912873007, 
0.464859599612454, 0.465392730665881, 0.466809365163167, 0.467817551440705, 
0.468307054213501, 0.467270157783536, 0.461420984889661, 0.466550765979564, 
0.459635604585268, 0.457109650994362, 0.466634190400098, 0.465879294801227, 
0.45962136521883, 0.460710210235352, 0.458764513555649, 0.465614424238123, 
0.46552649192322, 0.455871298704642, 0.459805050155347, 0.469044522629687, 
0.4587225018678, 0.466600921846284, 0.465907265200457, 0.469021945610644, 
0.459451721011009, 0.458620304478009, 0.469007449961725, 0.462252162878755, 
0.461765769189502, 0.458484235022769, 0.468548557519361, 0.460947116352614, 
0.46007928226827, 0.461391300579583, 0.458947973889955, 0.45800155033503, 
0.463395819120632, 0.465559790182113, 0.471195502929148, 0.462240345133923, 
0.461140520269442, 0.462036291418667, 0.45783647141633, 0.458643413471344, 
0.461960590314778, 0.465065820938201, 0.464891942008879, 0.46512739353211, 
0.462954947739244, 0.450688442120959, 0.46086437433941, 0.46557222077586, 
0.459100630444894, 0.4546862707368, 0.465120226839899, 0.4605676988001, 
0.460234157593401, 0.460970185457508, 0.465213304113384, 0.456366486138847, 
0.467910841523108, 0.46222030310053, 0.465885416801661, 0.467067312232206, 
0.463916735138454, 0.464892846316677, 0.467176918552898, 0.462425160473229, 
0.46275595482957, 0.462453583817477, 0.466351507493831, 0.460688528582409, 
0.45932821301749, 0.471058236074991, 0.46661327932067, 0.467294775748247, 
0.461279915220149, 0.469546883253521, 0.468559261467098, 0.464422708367728, 
0.467025446005981, 0.465908527006357, 0.465366929599767, 0.463107734359641, 
0.462931132867656, 0.458056338578587, 0.457726518991479, 0.46098296123863, 
0.46433683050692, 0.467452812542582, 0.463595985418193, 0.462917901071294, 
0.462195865737121, 0.458868523211551, 0.465095585281084, 0.466722419208807, 
0.467633418744566, 0.456951457477289, 0.468810524317967, 0.45994809340723, 
0.457091847835148, 0.464463465993014, 0.462439795151651, 0.464004427985048, 
0.468173332817006, 0.461940879664844, 0.465317652158418, 0.469460036251754, 
0.465695164183281, 0.465267319286439, 0.465365178529764, 0.460980190383779, 
0.46056240944267, 0.466987603553237, 0.466471586808985, 0.46499058464588, 
0.460434615744386, 0.463224258816134, 0.462679507753899, 0.46170633529801, 
0.467733827481369, 0.463048416898433, 0.463613407233373, 0.465257685145471, 
0.466375927989222, 0.464085427188451, 0.45735135611965, 0.46116989362056, 
0.462938993567766, 0.456284800119824, 0.463072596252293, 0.460733883866937, 
0.462452682424123, 0.463989586134866, 0.460165681340226, 0.460491521380831, 
0.466326078499144, 0.461330255728167, 0.456163368513199, 0.459454338256354, 
0.461076318867073, 0.461850459396055, 0.458687075510579, 0.460683319013583, 
0.460842432766651, 0.46315351752926, 0.465777602223504, 0.464642895273382, 
0.465437712934711, 0.463313244082615, 0.467091499850406, 0.457595030032125, 
0.460989506073352, 0.461893227681313, 0.46122320755211, 0.460696583793246, 
0.454879799403471, 0.465558907327155, 0.464969526726855, 0.457072094067046, 
0.463704408472292, 0.467001005852782, 0.461860527545789, 0.460948677862365, 
0.46612215157227, 0.461684990058531, 0.461356505334429, 0.459865582099731, 
0.4605939752499, 0.458492444007303, 0.46348894075779, 0.466670275387415, 
0.463807970745131, 0.467865431345426, 0.466890359880534, 0.464206669534478, 
0.46285640925818, 0.45584257939423, 0.454041589540011, 0.466026138647295, 
0.459502761687866, 0.463576207983122, 0.466649192799754, 0.465907202084593, 
0.463779727169388, 0.455647207838063, 0.459083524035707, 0.466344157547798, 
0.469170577218456, 0.459440098413321, 0.468222988989559, 0.463194509144006, 
0.46314613804121, 0.467039364386917, 0.459167042826667, 0.460896974649555, 
0.459853499291145, 0.468300633788038, 0.467882014352859, 0.461078410650691, 
0.461653216101336, 0.464247815988905, 0.463767146217049, 0.466453202398129, 
0.466063746100889, 0.469437000952787, 0.463210609859398, 0.466524026691986, 
0.46571802979749, 0.463522519539689, 0.463738751813273, 0.461873137790153, 
0.465763921120804, 0.464912813811213, 0.458039515568961, 0.461679928029673, 
0.459438923172309, 0.463649868582806, 0.464102605117392, 0.463700330463621, 
0.462036540537039, 0.463761632125551, 0.458236761264037, 0.459451541506746, 
0.466395149643357, 0.465378816644799, 0.470316801109024, 0.463520674931018, 
0.463953397551455, 0.463920387259193, 0.45696416626786, 0.464185643007457, 
0.462382691707456, 0.464024160279229, 0.466880525204431, 0.469631650703077, 
0.459078532708992, 0.458763799028331, 0.465220028756144, 0.462624133190685, 
0.458333417759768, 0.464102069777955, 0.466884545525972, 0.471100810559098, 
0.458532703877749, 0.462839343890853, 0.46889509890664, 0.460109905663687, 
0.463828557973703, 0.468519647620468, 0.463113133453527, 0.4625375163875, 
0.458974372916213, 0.469574179272137, 0.463902694891173, 0.461765486068775, 
0.462314719590742, 0.461397803292154, 0.459967133071117, 0.461585969167604, 
0.472368582306201, 0.459616761967781, 0.46433383603236, 0.455843352414857, 
0.460784897515045, 0.462109995515535, 0.464602480469621, 0.463028170083828, 
0.460729793975932, 0.461838584937716, 0.461877844313113, 0.466486363795923, 
0.460564022916484, 0.469280082010375, 0.461829883225143, 0.456919851648145, 
0.455775396155506, 0.465775859646083, 0.473443183865075, 0.466492056634365, 
0.460010366150729, 0.459460617269335, 0.463386738535202, 0.456594759210398, 
0.458689028957886, 0.459464723997066, 0.457279046458486, 0.465858196915797, 
0.461130273485251, 0.463565486258123, 0.469750362032735, 0.460160871114157, 
0.46274762157821, 0.458389420572594, 0.45585397852391, 0.464976543185309, 
0.464611431526883, 0.46807976002878, 0.453400491236122, 0.461917325030539, 
0.46301342513604, 0.462176565136147, 0.467308703411032, 0.462481722477236, 
0.452553237332434, 0.465195069459219, 0.457942559672675, 0.46899456136361, 
0.46357365178401, 0.461168568576558, 0.464726117053791, 0.462844638779818, 
0.461547894701305, 0.462472397680891, 0.456951735915243, 0.467214541758636, 
0.463093865265073, 0.462369419270894, 0.462064322256074, 0.467063395634297, 
0.464036847509059, 0.460213214906727, 0.467747222531554, 0.465458912166939, 
0.467158065158716, 0.458334346911586, 0.469530293981385, 0.457627041328823, 
0.461400320248519, 0.45955038573063, 0.46899766969639, 0.456027567192567, 
0.46433143327076, 0.467513924010152, 0.463154354688157, 0.463319856412776, 
0.455825456232802, 0.464762748353145, 0.470056299426777, 0.463977933669065, 
0.463548795917126, 0.459945422353056, 0.460696762815397, 0.461506521562769, 
0.463928117056996, 0.461401943654965, 0.463132940564683, 0.468606883462646, 
0.461764051769598, 0.461610717284255, 0.466864100025119, 0.463330585866604, 
0.459708632053776, 0.455792010408336, 0.459857295347281, 0.472104239871101, 
0.464171499442311, 0.468138115319764, 0.472322723394277, 0.460763396092567, 
0.469017415858551, 0.461679620451149, 0.461441531157478, 0.466134440665944, 
0.464345753948898, 0.458776296849437, 0.459508446199596, 0.466806949924235, 
0.465490140745332, 0.460461785219129, 0.469813108542374, 0.462626846532608, 
0.461462423584622, 0.461235258248478, 0.466119664735216, 0.466187694314929, 
0.459602696311868, 0.462957788855362, 0.460021777311111, 0.463427697094604, 
0.460404128338844, 0.465193280519558, 0.466459561031097, 0.459644653668674, 
0.468661436691843, 0.466465658185673, 0.457581011723444, 0.469115673053047, 
0.467475498953188, 0.458584655538532, 0.464542827718307, 0.461116768691975, 
0.46561970065467, 0.459924376425415, 0.458538085149097, 0.464726061746635, 
0.471461847915432, 0.457978514223345, 0.46454313228395, 0.459572636080006, 
0.458641631437444, 0.463291034440194, 0.464417928491014, 0.461137605257568, 
0.457245308202604, 0.461046094395484, 0.463223051975896, 0.465346367774704, 
0.460418862481063, 0.464769776739599, 0.464734384064968, 0.461295950579584, 
0.462974312484447, 0.45875407468706, 0.470890529915505, 0.45792019272439, 
0.462394517792314, 0.466875366413702, 0.460067090152782, 0.456951637954108, 
0.4582109011475, 0.46700913424798, 0.463840543370347, 0.464154050382401, 
0.461455139944721, 0.454591069062607, 0.464017715549898, 0.457939447354619, 
0.470779940681462, 0.455312060328362, 0.464122822853106, 0.467790459450267, 
0.464702054201341, 0.461237457336026, 0.465986295588403, 0.465278725121449, 
0.467591189928664, 0.465504492511676, 0.462604642774877, 0.465060825211799, 
0.458786179514532, 0.465472177969651, 0.462351155947848, 0.460562633362325, 
0.460931215491028, 0.457716944331953, 0.462963984900769, 0.465478217449541, 
0.467111207867559, 0.462891982430776, 0.466310955213273, 0.463170951514863, 
0.465176724340527, 0.46515127280113, 0.467175021355549, 0.468064644287492, 
0.467726765573332, 0.465279608479179, 0.462894882664134, 0.459915836335528, 
0.47121154122014, 0.458895218651651, 0.459733412722692, 0.467585462157065, 
0.465090620573574, 0.46696506454369, 0.462114827738008, 0.456551639329585, 
0.462459370872272, 0.461143934593379, 0.462493338101245, 0.465102451375314, 
0.460490713368789, 0.458315899832273, 0.460115654376776, 0.460779305198662, 
0.463681203764898, 0.460088055333532, 0.462790745870099, 0.462459456195077, 
0.462675486549162, 0.468236862948732, 0.467860604820569, 0.461450311355196, 
0.458588631617671, 0.459811691050003, 0.465795539929222, 0.462703971422372, 
0.462365216101847, 0.468830629688803, 0.463536384709302, 0.46488882776507, 
0.462860383419012, 0.46306650178611, 0.457217391761905, 0.455042032011917, 
0.464678855612673, 0.463528013243575, 0.463770244297672, 0.461392823053121, 
0.459892403217505, 0.463362496068402, 0.460013135914864, 0.464446659240632, 
0.467495928328681, 0.465590427927657, 0.456582159525628, 0.459624988681193, 
0.466155254079299, 0.463223785782168, 0.460709835014486, 0.463076534279959, 
0.46488675336979, 0.46685519857777, 0.461700631003377, 0.468708329505042, 
0.45883258458329, 0.469213326984662, 0.465267022587907, 0.464164928220257, 
0.462091904400832, 0.465605618528544, 0.457727469096812, 0.462144414854518, 
0.466042575906344, 0.466584111646338, 0.462287803977332, 0.462621559735409, 
0.463378037951924, 0.461076910965128, 0.461384131001426, 0.462551447046696, 
0.465974438282957, 0.464034480661908, 0.45744877470903, 0.462221939813659, 
0.468024392887828, 0.464942753192509, 0.466512288545564, 0.460868606487393, 
0.468256564316255, 0.465880984265716, 0.46706182365604, 0.460328886226002, 
0.46870494913125, 0.469809888192801, 0.465172540757888, 0.466417611322545, 
0.466488939599194, 0.461139856582619, 0.464042233141952, 0.464006348718024, 
0.469411697253106, 0.461208048812133, 0.457973080482342, 0.465835420979184, 
0.464191730360241, 0.464738384955154, 0.462181384839775, 0.461599426823672, 
0.459941593122705, 0.459000151492635, 0.46623467053765, 0.467366652268094, 
0.456321278158322, 0.457128681493997, 0.45878503257847, 0.460528309823235, 
0.462741129701425, 0.467955808591537, 0.462864915613264, 0.468341505688652, 
0.46355526136061, 0.456560381301779, 0.46303948329489, 0.462094829374022, 
0.462904369233484, 0.45913848869944, 0.464047139190946, 0.46460623764428, 
0.466292060438975, 0.459944684436882, 0.462623571689985, 0.457102997322236, 
0.463729963648729, 0.461473281290892, 0.459302179557842, 0.459661494890957, 
0.461819583173418, 0.459212287872136, 0.465710963110263, 0.463457924566254, 
0.470648127663164, 0.464946041184199, 0.458425822982813, 0.464833497875844, 
0.457007066573048, 0.458638887423825, 0.463250228822226, 0.45594779159938, 
0.462240111295373, 0.460791127385369, 0.467063587831963, 0.460565803621038, 
0.463852528373436, 0.463633651222506, 0.459732471149952, 0.460695787011593, 
0.460368556454596, 0.457802002263425, 0.464028027504571, 0.460541018226373, 
0.467781958649139, 0.467452319964059, 0.461403681659907, 0.463555751045512, 
0.461542449553906, 0.461021947867312, 0.45517856808, 0.465320873131152, 
0.464442006726432, 0.464476026027175, 0.463054635220128, 0.458222451388394, 
0.469037442796152, 0.465385576282525, 0.459633664470726, 0.463405039222616, 
0.463360943377856, 0.46253350076966, 0.460278049873392, 0.458955360863891, 
0.461924978599829, 0.461401573231013, 0.457004573139707, 0.46677998282935, 
0.466894110399784, 0.464474394529457, 0.461190150136861, 0.461969020179036, 
0.468090559769841, 0.461519477336292, 0.463902784826308, 0.468023091620968, 
0.462452274920887, 0.45572009484053, 0.462761328791069, 0.459050181949857, 
0.459870113827853, 0.474855564081417, 0.463332258636712, 0.463433270338368, 
0.458071976133375, 0.464346739227679, 0.459623420961068, 0.466256521772595, 
0.465075830510016, 0.464756311397157, 0.466770653631778, 0.46085169558349, 
0.460724404291982, 0.464407975046356, 0.462062613371704, 0.468033518427628, 
0.467897229969863, 0.467511147195243, 0.463279442229277, 0.466437951297983, 
0.467607602400488, 0.463986457651779, 0.460514572073275, 0.462160098893924, 
0.462379534754814, 0.45919986105578, 0.465356060211364, 0.468401332828492, 
0.464071100650378, 0.463080316199289, 0.455564779206473, 0.461069042259685, 
0.461951657916947, 0.462707460041132, 0.45981156408786, 0.462284183740629, 
0.460461421565233, 0.464865271932521, 0.462256361198197, 0.463231238196326, 
0.461747305543139, 0.457552977880287, 0.464285253399374, 0.461339045733907, 
0.465812937094925, 0.461873492408741, 0.46498100225024, 0.459018608171374, 
0.469667284109957, 0.466250520713284, 0.464409657746794, 0.459242475191149, 
0.461553296456589, 0.461652337243245, 0.462007634394302, 0.460423971519062, 
0.461271064986196, 0.457127533982073, 0.460538985389838, 0.466394053038957, 
0.467762225819694, 0.464416588855208, 0.465049429939465, 0.463848413057651, 
0.462300183721956, 0.470299017100574, 0.453827629282771, 0.461229792860261, 
0.462278884643618, 0.463993083328496, 0.468662743622254, 0.470299101785831, 
0.462365392636189, 0.464405822532829, 0.461824289817749, 0.463482120931004, 
0.466510909690547, 0.467608635754527, 0.457366009476378, 0.462931709663855, 
0.464976532387356, 0.460283321372593, 0.462893053391569, 0.466907813866026, 
0.461662435355733, 0.467467018520704, 0.466817883692789, 0.457900579532609, 
0.463703652971166, 0.461203333830822, 0.459958463221086, 0.464262285493664, 
0.462632953150971, 0.463047223641622, 0.464668751036227, 0.464266645816101, 
0.462462244905238, 0.462231242056324, 0.463214950606151, 0.460564793451569, 
0.464771866412261, 0.45708470945688, 0.463160607533575, 0.46861956365346, 
0.462456813383163, 0.464551964190173, 0.463753662323881, 0.458143154502624, 
0.464873251594494, 0.457745838669722, 0.462215998204901, 0.460255429462044, 
0.460004520130644, 0.465242920675983, 0.464818302509366, 0.462633686163466, 
0.464240965297591, 0.460886107616841, 0.465860280488635, 0.452737223032307, 
0.464282884204187, 0.465280616451502, 0.464579389967527, 0.459807734393194, 
0.462573199423379, 0.465658413142606, 0.459199101427748, 0.460268016457165, 
0.459659978682092, 0.459169300724311, 0.471453372372878, 0.455140621890737, 
0.465504607631958, 0.464157461247681, 0.460656599018321, 0.463601306398206, 
0.464404504898924, 0.457351121954519, 0.466075496119101, 0.466046353730563, 
0.458876134320179, 0.471684908562073, 0.457430288829526, 0.461920607204082, 
0.459958907429784, 0.470700894951411, 0.459555105268804, 0.464180587437428, 
0.456487651581673, 0.460443787503333, 0.46511945264981, 0.458940781574682, 
0.457938322935743, 0.463651120003546, 0.465327391277017, 0.471654489416697, 
0.454177239838214, 0.462138116577681, 0.463825537234268, 0.464516649267189, 
0.460926554323734, 0.467564904900287, 0.468259321328511, 0.461218513596984, 
0.46756978573672, 0.465571614184596, 0.460189333900299, 0.466062541574261, 
0.462851427502399, 0.463911444988252, 0.459296386724518, 0.464306269154576, 
0.465567945050975, 0.459066429250038, 0.461787893311973, 0.465842919061864, 
0.464269689216715, 0.455502275130823, 0.466197168847723, 0.461216776854896, 
0.461892784735307, 0.464488127862256, 0.463134896139773, 0.460107766161904, 
0.460254672621856, 0.467146695482506, 0.465520816484924, 0.462040563148979, 
0.46720928122599, 0.45890581214622, 0.465388779197457, 0.469023926477604, 
0.464294081307956, 0.467463757005725, 0.464584652944719, 0.466292000490533, 
0.462035454555151, 0.458923207806746, 0.472426284149426, 0.460319182656067, 
0.4607755503351, 0.463102318972073, 0.460218913766247, 0.462951800315383, 
0.46185558816396, 0.459826033901655, 0.461365266493635, 0.463214288987053, 
0.459092212666186, 0.459840384460483, 0.462758550644566, 0.469142383985508, 
0.461967458447326, 0.463014991556212, 0.46044844570981, 0.460111711790972, 
0.461642116424539, 0.461249869957318, 0.463538453235133, 0.463435874446954, 
0.462461435434419, 0.465457110150983, 0.465011262705709, 0.460312513286217, 
0.45823260444416, 0.465813965926911, 0.463795588612818, 0.470325122064989, 
0.463925668274159, 0.465815883138276, 0.469074038959869, 0.454858900687482, 
0.464744073976887, 0.464268367473137, 0.459475934978402, 0.46207269057144, 
0.46210035172684, 0.456442789745098, 0.4642364909111, 0.462176005752329, 
0.460950540163565, 0.466513232684407, 0.466146655312933, 0.463447515215763, 
0.462463474432039, 0.462208547144496, 0.456579041895845, 0.459684265507179, 
0.455932723269595, 0.466810999576667, 0.463121678732775, 0.456959232071663, 
0.46285709242613, 0.462913547024739, 0.468468656056703, 0.4604278127196, 
0.460079038060518, 0.454991958506933, 0.469407632968261, 0.464844045443126, 
0.461305310295632, 0.464746340330448, 0.465520588145332, 0.45741293268027, 
0.457955533926688, 0.463321155412317, 0.470430142955861, 0.458442447118214, 
0.45660918283844, 0.455846321008938, 0.463158967868586, 0.461904192578059, 
0.464888364355684, 0.456153878627116, 0.464219172879127, 0.463294283529141, 
0.461923608199854, 0.467275652010271, 0.462581079523809, 0.463197978069316, 
0.461825902065763, 0.464895410995767, 0.455636135357709, 0.459913205354566, 
0.46546128139057, 0.463405235125092, 0.454382030718733, 0.467250520715515, 
0.470039216127564, 0.463880297027544, 0.46395892755857, 0.464137454399772, 
0.457619488622928, 0.461387185227261, 0.466680613252679, 0.46266318244158, 
0.457940680830787, 0.469542497197553, 0.465806697857154, 0.463681070445941, 
0.468346752969632, 0.464813270403814, 0.46112222792678, 0.463959484692325, 
0.463203226392657, 0.461697486342758, 0.461395951370393, 0.461073425719555, 
0.461215999731469, 0.460279247237743, 0.465227526586621, 0.46228506023189, 
0.466081715970585, 0.457079169046663, 0.45390263769136, 0.457977510748348, 
0.466195886913264, 0.455871646756704, 0.462063253147007, 0.466086805184999, 
0.46697362235852, 0.454701616909169, 0.460606867432185, 0.460857839797524, 
0.463082738841872, 0.466006812601761, 0.459697726550806, 0.454914427078011, 
0.460118832160321, 0.464151675784943, 0.463122889665555, 0.467416981865847, 
0.462940775130638, 0.459494365921513, 0.458863888207262, 0.462732712477669, 
0.461685955842457, 0.461932624869939, 0.462349251635873, 0.456448796489732, 
0.456602560592912, 0.458896157690355, 0.455730758730987, 0.460904386632917, 
0.464670747608373, 0.461865190430972, 0.463406317920189, 0.466131901757919, 
0.461039260819481, 0.463096574208874, 0.465124279214201, 0.466577785476827, 
0.463243172721737, 0.47292032214819, 0.463900360027992, 0.473044835964014, 
0.464964149531216, 0.463432072114424, 0.465222418603135, 0.465132667309937, 
0.46557273376445, 0.465970769001722, 0.46340188765463, 0.465676673057039, 
0.464174159247784, 0.460979099118586, 0.457647867812949, 0.467140402600914, 
0.459731360432295, 0.46517086768845, 0.465452179072016, 0.46361625357249, 
0.466098840363562, 0.4636427149725, 0.458898919611505, 0.459456158273048, 
0.464124678295851, 0.459859272238866, 0.463507215341353, 0.466270336576763, 
0.461282108057768, 0.464143646152175, 0.460893195614453, 0.461414648832899, 
0.46288920491091, 0.458906671319072, 0.470665983404502, 0.464455600255737, 
0.465384503960454, 0.469571357973914, 0.465258919179108, 0.463532051677786, 
0.464757283894344, 0.464049182030878, 0.463945921209304, 0.462745537124, 
0.460810478882951, 0.46585654606362, 0.459982730383435, 0.461433385693772, 
0.461641249809077, 0.454973069873219, 0.457983256953961, 0.465472827374958, 
0.459945097461314, 0.460022621833228, 0.467944453687414, 0.458939366195953, 
0.469134266941608, 0.462463075227802, 0.460238133646907, 0.459541246207208, 
0.467383257280062, 0.462930547161097, 0.465282033297111, 0.459674010293453, 
0.460423635380725, 0.466984288252858, 0.459967837217746, 0.467556833098476, 
0.468810154302367, 0.457248529273414, 0.4662182099863, 0.470704520194431, 
0.460377448883576, 0.467712071417791, 0.469293969240601, 0.462650991359459, 
0.461213011791889, 0.463503687252534, 0.466465751792463, 0.463768645217661, 
0.46856005416247, 0.460092428846453, 0.464257771085584, 0.466463607927131, 
0.460307295621245, 0.469029892515292, 0.459509202031031, 0.463825769679467, 
0.452784877885333, 0.467208600118463, 0.459831425475709, 0.464876970465125, 
0.46481062334164, 0.462805177320229, 0.462598631277646, 0.458240147837856, 
0.458423054039691, 0.463794811822282, 0.459188755865967, 0.467662574481779, 
0.464040619660922, 0.462833561663966, 0.460079844189649, 0.468283441515181, 
0.462259248763332, 0.467451064367732, 0.45778884520843, 0.45904756958731, 
0.463287980222467, 0.460804549844804, 0.466645099676488, 0.468343140438556, 
0.464857152768422, 0.465352737810396, 0.465076565324242, 0.456503010812108, 
0.465485969121748, 0.46063896114008, 0.459786360241734, 0.46920409490485, 
0.462170462423773, 0.461455096675193, 0.463335317980253, 0.467587125872986, 
0.459081425059432, 0.460046383704461, 0.463289927238908, 0.459673504215991, 
0.464439488081851, 0.464811031859576, 0.462231586581599, 0.455494534309394, 
0.458632503369544, 0.464517808561096, 0.459692509836855, 0.455473421659964, 
0.460472228209622, 0.45995416045846, 0.460288040452106, 0.458740315965454, 
0.466648501444861, 0.462394415709833, 0.464140049184723, 0.469550196216427, 
0.461331449593005, 0.466247391397729, 0.461248591017228, 0.460182625506205, 
0.462952405460729, 0.463730741549093, 0.465375662492362, 0.462872614864364, 
0.460205571991968, 0.462523410487555, 0.460835080529175, 0.459366782552136, 
0.460617338961639, 0.460932262914533, 0.460765013722691, 0.461921682349339, 
0.461360430473728, 0.465138481166052, 0.460652381216511, 0.466330828735305, 
0.462963888804617, 0.460659948344012, 0.459655088320858, 0.462183307456985, 
0.460597954040948, 0.467342214546559, 0.463736559825508, 0.46221958212854, 
0.463169346712426, 0.468268498006758, 0.460380681361494, 0.45918233643876, 
0.459438754632447, 0.468573776061111, 0.465251674733705, 0.467775707175292, 
0.46083213122301, 0.465363733562765, 0.465258103183848, 0.470180721891341, 
0.460295738276312, 0.460757649140886, 0.461103821817028, 0.4598806538188, 
0.464121153877515, 0.461159604747549, 0.463009711482681, 0.459937765750051, 
0.45299177946364, 0.455611659173819, 0.463308559641401, 0.46478427352672, 
0.459319951362804, 0.458994098819824, 0.464285097647487, 0.454677683203545, 
0.460692545789451, 0.463324394457037, 0.467655149333152, 0.462442464010714, 
0.468611167405625, 0.460694544400446, 0.461446431478742, 0.461137311898161, 
0.460561015747782, 0.468029252715391, 0.463224009796708, 0.459119979636829, 
0.456471537634885, 0.464008233074235, 0.464458622350177, 0.468268066045297, 
0.462552335703001, 0.461318458167279, 0.464583989612232, 0.464495212448079, 
0.46810724119428, 0.459244975650425, 0.463525907743999, 0.459183188175135, 
0.469054547697358, 0.464888577940831, 0.457430803112702, 0.464766789712, 
0.459962586016345, 0.467783903373513, 0.468131953594373, 0.462434436733606, 
0.457940655919235, 0.463427010171162, 0.457687541374331, 0.464883522537799, 
0.464126275980918, 0.459568037434082, 0.46330290997691, 0.458904450671328, 
0.459206752673768, 0.464343756737001, 0.463877411952715, 0.461827639355602, 
0.461818939432234, 0.463516115251207, 0.464452422593796, 0.466324871682188, 
0.462766669814446, 0.45810504583177, 0.459257506805063, 0.457339943793442, 
0.467811401068855, 0.463843035173464, 0.463859397033701, 0.459209249304676, 
0.465272146528597, 0.468830062208931, 0.462075023782055, 0.469091224695972, 
0.461271052905804, 0.465213786383358, 0.462586966692038, 0.463830478613944, 
0.46971991831329, 0.462627731084898, 0.461031549230711, 0.463526878362234, 
0.463640266727421, 0.457510305417679, 0.461093462654897, 0.469014323008555, 
0.460215271809061, 0.461967097333242, 0.461598201031959, 0.463195004688337, 
0.46738221567523, 0.463069711540955, 0.462454445875899, 0.465090281950418, 
0.465092945067396, 0.466252997350086, 0.466933191748146, 0.46411250933937, 
0.465025911734339, 0.463663989181103, 0.460980386173346, 0.461683693146, 
0.464263487393536, 0.460421772740576, 0.462770565554426, 0.46112582611605, 
0.460038135410713, 0.462821492395504, 0.465906714447991, 0.466841467083816, 
0.456988386791832, 0.469367251657832, 0.456775084347131, 0.460583750552093, 
0.466452273288265, 0.471271039813819, 0.45823161088374, 0.465339735080529, 
0.460706156434572, 0.455890055491107, 0.464799372968928, 0.466666670727487, 
0.4606996594498, 0.462435487295035, 0.463712748948447, 0.457893266150156, 
0.46474111224575, 0.467598298136808, 0.459851936837199, 0.463513646569833, 
0.466674116077819, 0.457163379428252, 0.457502392374271, 0.460061339295375, 
0.462179689835397, 0.465095896771119, 0.46340768286446, 0.462242071913618, 
0.462620355487682, 0.46570700934364, 0.463049218986132, 0.458762352066795, 
0.461701365260504, 0.464671911955947, 0.465405142255286, 0.460076288827961, 
0.458376916832083, 0.463684667372257, 0.46141635514291, 0.464367196440014, 
0.464899219928258, 0.458052510091789, 0.46008569140079, 0.466883156491207, 
0.459685938819013, 0.469082368024873, 0.453165165673627, 0.461377459795062, 
0.468435977171854, 0.460271666462839, 0.466041567231377, 0.463145245676873, 
0.457674336817473, 0.46148909809767, 0.464736482138226, 0.468317189392006, 
0.462782866529678, 0.459289845780182, 0.461648610633384, 0.462707645545287, 
0.457000342671937, 0.456590995028971, 0.462562274415423, 0.46169354977338, 
0.460473223820344, 0.467564710844983, 0.467543277987837, 0.455515634303311, 
0.459480061755624, 0.466247436171088, 0.466516657139305, 0.460351620130826, 
0.460414388784338, 0.466516479877314, 0.467498247289307, 0.466931576950899, 
0.462172012103831, 0.470538896813576, 0.457814274146974, 0.460923231033803, 
0.453710605823541, 0.45852010050566, 0.464485193734567, 0.461915497694639, 
0.463432303845893, 0.466310103454268, 0.461130282592167, 0.46258346801065, 
0.461666166087026, 0.46690472282431, 0.464054439570923, 0.459416051872629, 
0.46292307734511, 0.462657316004205, 0.460787385389654, 0.459379567781759, 
0.461331599081865, 0.463449135155701, 0.470304238568153, 0.463946993899864, 
0.464679592640308, 0.468052994200278, 0.466594151513496, 0.460492931599051, 
0.458705308468236, 0.466262635521978, 0.467777953376818, 0.469649271955684, 
0.467806431001078, 0.463260880960406, 0.469651515782546, 0.46723090704863, 
0.466006753171361, 0.466036311130108, 0.458343171487247, 0.458670301202209, 
0.459454898138494, 0.4606072999979, 0.460754667630159, 0.455720444070224, 
0.468251362293726, 0.465875833076518, 0.464069579113307, 0.459306434446756, 
0.46089342723786, 0.462586920063026, 0.469717478499717, 0.46080651246693, 
0.462076264105734, 0.45326865182811, 0.464054844773779, 0.465265581860266, 
0.462588091631791, 0.458357722188932, 0.463523248244518, 0.465229735506972, 
0.463732705593178, 0.462416765127741, 0.461753246564627, 0.466853698221484, 
0.469551438233291, 0.460816518754571, 0.46184850461937, 0.461836859484867, 
0.463266421672429, 0.468029976351088, 0.460887866247593, 0.462896704735765, 
0.460137372937843, 0.465511064172497, 0.461808250917593, 0.463080599402565, 
0.463145838567865, 0.461327424008, 0.461714145352942, 0.465524800084476, 
0.465769201479219, 0.459765602903101, 0.457477708624297, 0.467651841101139, 
0.460027197376438, 0.463280967274822, 0.46313093817021, 0.465170117396127, 
0.460202892821738, 0.459401224626285, 0.460219738414069, 0.461068629919164, 
0.464108913518544, 0.464397408714395, 0.466821390838274, 0.462678650367588, 
0.470114118472161, 0.464414964284627, 0.460811920587365, 0.465667548231046, 
0.459159497806064, 0.460232073830762, 0.470089517805068, 0.459429270745654, 
0.459663933488889, 0.461860596351604, 0.465386268865816, 0.46289475171093, 
0.458316175390961, 0.469831129129073, 0.467677282974073, 0.465538751594554, 
0.463503342613151, 0.46203963955036, 0.462359330474101, 0.464540472040912, 
0.463699391858079, 0.465816331951592, 0.462182045965062, 0.461324625800919, 
0.464863637275632, 0.463863044374094, 0.458079506458757, 0.461438968217923, 
0.46194206122541, 0.464594714199068, 0.466521110950164, 0.464870612341083, 
0.463658964473042, 0.462193311267207, 0.458395555352457, 0.466335550814463, 
0.467792869834193, 0.466002186196143, 0.470774043048498, 0.464859491722668, 
0.462445248080323, 0.461775951375044, 0.454897212277494, 0.464573695859118, 
0.459820207882608, 0.466705686082024, 0.453859186641642, 0.463421408965965, 
0.462524782981895, 0.460371755908302, 0.460454967671934, 0.457093802948439, 
0.460532871732209, 0.463694937407889, 0.463923869096, 0.465431676154685, 
0.457339054560237, 0.465916424023177, 0.459461771958843, 0.464268087451713, 
0.458972775741689, 0.465559330385365, 0.461469210894799, 0.455861694632854, 
0.456199799279902, 0.463266277357126, 0.462657087586781, 0.461269016410835, 
0.466301857210494, 0.462334696947451, 0.464885877981151, 0.465604399559809, 
0.462326968368752, 0.463695677641719, 0.463948125884088, 0.461177051090423, 
0.473279827167286, 0.460164006054278, 0.468735256355008, 0.456854764857211, 
0.463414253644046, 0.46239017266245, 0.458748093642108, 0.459954993430107, 
0.463303067544113, 0.46769806094302, 0.46952016236992, 0.462442286221862, 
0.46318319849422, 0.466149231453272, 0.468137555060089, 0.464750960994709, 
0.461899578603278, 0.467329019608392, 0.460927067254275, 0.467153451386235, 
0.461393491935536, 0.464340225061465, 0.462750343369116, 0.462644535184488, 
0.458302991794681, 0.464724037358999, 0.46196822644836, 0.459362781663276, 
0.460352393702825, 0.463819291191446, 0.463336718393172, 0.47080753105585, 
0.460462312069515, 0.465356723175933, 0.462702268563837, 0.461930416246479, 
0.463439653865013, 0.457035790025931, 0.465161884617385, 0.466174835538345, 
0.460158415615781, 0.465106634867932, 0.469984804353264, 0.464310306849849, 
0.465467318536915, 0.463769293534398, 0.45784021574684, 0.459159299311251, 
0.46601468612825, 0.45872500904371, 0.462863879561885, 0.463400050086425, 
0.463298770988599, 0.457913772830796, 0.463952467961573, 0.463684112518491, 
0.466155187067695, 0.458577015278719, 0.464134263895519, 0.462953625699346, 
0.46114156153327, 0.461912372174227, 0.461261062857583, 0.463794568576564, 
0.458827125805554, 0.459329320292172, 0.461808020040826, 0.455257944803713, 
0.458883703789397, 0.463112238274602, 0.461909496517863, 0.462868087750822, 
0.459295991479018, 0.460360605598481), cat = structure(c(0.454171259622751, 
0.462836548110029, 0.00350515027427927, -2.47215891166309, 0.0068
), .Names = c("obs", "mu", "sd", "SES", "p.val"))), .Names = c("sim", 
"cat"))
