structure(list(`996` = structure(c(0, 0, 0, 0, 0, 0, 0, 0, 0, 
0, 0, 0, 0, 1.10344827586207, 0, 0, 0, 0, 0, 0, 0, 0, 0, 0, 0, 
0, 0, 0, 0, 0, 0, 0, 0, 0, 0, 0, 0, 0, 0, 0, 0, 0, 0, 0, 0, 0, 
0, 0, 0, 0, 0, 0, 0, 0, 0, 0, 0, 0, 0, 0, 0, 0, 0, 0, 0.4, 0, 
0, 0, 0, 0, 0, -0.0114942528735632, 0, 0, -0.32258064516129, 
0, 0, 0, 0, 0, 0, 0, 0, 0, 0, 0, 0, 0, 0, 0, 0, 0, 0, 0, 0, 0, 
0, 0, 0, 0, 0, 0, 0, 0, 0, 0, 0, 0, 0, 0, 0, 0, 0, 0, 0, 0, 0, 
0, 0, 0, 0, 0, 0, 0, 0, 0, 0, 0, 0, 0, 0, 0, 0, 0, 0, 0, 0.0581778265642151, 
0, 0, 0, 0, 0, 0, 0, 0, 0, 0, 0, 0, 0, 0, 0, 0, 0, 0, 0, 0, 0, 
0, 0, 0, 0, 0, 0, 0, -0.00658616904500548, 0, 0, 0, 0, 0, 0, 
0, 0, 0, 0, 0.4, 0, 0, 0, 0, 0, 0, 0, 0, 0, 0, 0, 0, 0, 0, 0, 
0, 0, 0, 0, 0, 0, 0, 0, 0, 0, 0, 0, 0, 0, 0, 0, 0, 0, 0, 0, 0, 
0, 0, 0, 0, 0, 0, 0, 0, 0, 0, 0, 0, 0, 0, 0, 0, 0, 0, 0, 0, 0, 
0, 0, 0, 0, 0, 0, 0, 0, 0, 0, 0, 0, 0, 0, 0, 0, 0, 0, 0, 0, 0, 
0, 0, 0, 0, 0, 0, 0, 0, 0, 0, 0, 0, 0, 0, 0, 0, 0, 0, 0, 0, 0, 
0, 0, 0, 0, 0, 0, 0, 0, 0, 0, 0, 0, 0, 0, 0, 0, 0, 0, 0, 0, 0, 
0, 0, 0, 0, 0, 0, 0, 0, 0, 0, 0, 0, 0, 0, 0, 0, 0, 0, 0, 0, 0, 
0, 0, 0, 0, 0, 0, 0, 0, 0, 0, 0, 0, 0, 0, 0, 0, 0, 0, 0, 0, 0, 
0, 0, 0, 0, 0, 0, 0, 0, 0, 0, 0, 0, 0, 0, 0, 0, 0, 0, 0, 0, 0, 
0, 0, 0, 0, 0, 0, 0, 0, 0, 0, 0, 0, 0, 0, 0, 0, 0, 1.10344827586207, 
0, -0.0114942528735632, 0, 0, 0, 0, 0, 0, 0, 0, 0, 0, 0, 0, 0, 
0, 0, 0, 0, 0, 0, 0, 0, 0, 0, 0, 0, 0, 0, 0, 0, 0, 0, 0, 0, 0, 
0, 0, 0, 0, 0, 0, 0, 0, 0, 0, 0, 0, 0, 0, 0, 0, 0, 0, 0, 0, 0, 
0, 0, 0, 0, 0, 0, 0, 0, 0, 0, 0, 0, 0, 0, 0, 0, 0, 0, 0, 0, -0.0318331503841932, 
0, 0, 0, 0, 0, 0, 0, 0, 0, 0, -0.32258064516129, 0, 0, 0, 0, 
0, 0, 0, 0, 0, 0, 0, 0, 0, 0, 0, 0, 0, 0, 0, 0, 0, 0, 0, 0, 0, 
0, 0, 0, 0, 0, 0, 0, 0, 0, 0, 0, 0, 0, 0, 0, 0, 0, 0, 0, 0, 0, 
0, 0, 0, 0, 0, 0, 0, 0, 0, 0, 0, 0, 0, 0, 0, 0, 0, 0, 0, 0, 0, 
0, 0, 0, 0, 0, 0, 0, 0, 0, 0, 0, 0, 0, 0, 0, 0, 0, 0, 0, 0, 0, 
0, 0, 0, 0, 0, 0, 0, 0, 0, 0, 0, 0, 0, 0, 0, 0, -0.0384193194291987, 
0, 0, 0, 0, 0, 0, 0, 0, 0, 0, 0, 0, 0.0581778265642151, -0.00658616904500548, 
0, 0, 0, 0, 0, 0, 0, 0, 0, -0.0318331503841932, 0, 0, 0, -0.0384193194291987, 
0, 0, 0, 0, 0, 0, 0, 0, 0, 0, 0, 0, 0, 0, 0, 0, 0, 0, 0, 0, 0, 
0, 0, 0, 0, 0, 0, 0, 0, 0, 0, 0, 0, 0, 0, 0, 0, 0, 0, 0, 0, 0, 
0, 0, 0, 0, 0, 0, 0, 0, 0, 0, 0, 0, 0, 0, 0, 0, 0, 0, 0, 0, 0, 
0, 0, 0, 0, 0, 0, 0, 0, 0, 0, 0, 0, 0, 0, 0, 0, 0, 0, 0, 0, 0, 
0, 0, 0, 0, 0, 0, 0, 0, 0, 0, 0, 0, 0, 0, 0, 0, 0, 0, 0, 0, 0, 
0, 0, 0, 0, 0, 0, 0, 0, 0, 0, 0, 0, 0, 0, 0, 0, 0, 0, 0, 0, 0, 
0, 0, 0, 0, 0, 0, 0, 0, 0, 0, 0, 0, 0, 0, 0, 0, 0, 0, 0, 0, 0, 
0, 0, 0, 0, 0, 0, 0, 0, 0, 0, 0, 0, 0, 0, 0, 0, 0, 0, 0, 0, 0, 
0, 0, 0, 0, 0, 0, 0, 0, 0, 0, 0, 0, 0, 0, 0, 0, 0, 0, 0, 0, 0, 
0, 0, 0, 0, 0, 0, 0, 0, 0, 0, 0, 0, 0, 0, 0, 0, 0, 0, 0, 0, 0, 
0, 0, 0, 0, 0, 0, 0, 0, 0, 0, 0, 0, 0, 0, 0, 0, 0, 0, 0, 0, 0, 
0, 0, 0, 0, 0, 0, 0, 0, 0, 0), .Dim = c(29L, 29L), .Dimnames = list(
    c("pb", "Anthocorid", "BEB", "Cercopid..brn.", "Cocc.nymph..blk.orng.", 
    "edge.mnr.", "egg.on.a.stick", "Fly..brn.rnd.", "Fly..gldn.Dolicho.", 
    "Globuli", "Lbb..many.spt.", "Lf.tier", "Lfhppr..brn.", "Lfhppr..fisheye.", 
    "Lfhppr..grn.", "Melyrid..gry.blk.", "midge", "Muscid", "Myrm.ant", 
    "Paras.", "Phylla", "punkie", "red.mite", "Syrphid..lttl.yllw.", 
    "T.dip", "Thec..aff.", "Thrip..blk.", "Tip..mnr", "Tip.roller"
    ), c("pb", "Anthocorid", "BEB", "Cercopid..brn.", "Cocc.nymph..blk.orng.", 
    "edge.mnr.", "egg.on.a.stick", "Fly..brn.rnd.", "Fly..gldn.Dolicho.", 
    "Globuli", "Lbb..many.spt.", "Lf.tier", "Lfhppr..brn.", "Lfhppr..fisheye.", 
    "Lfhppr..grn.", "Melyrid..gry.blk.", "midge", "Muscid", "Myrm.ant", 
    "Paras.", "Phylla", "punkie", "red.mite", "Syrphid..lttl.yllw.", 
    "T.dip", "Thec..aff.", "Thrip..blk.", "Tip..mnr", "Tip.roller"
    ))), `1000` = structure(c(0, 0, 0, 0, 0, 0, 8.6875, 0, 0, 
0, 0, 0, 0, 10.2062780269058, 0, 0, 0, 0, 0, 0, 0, 0, 0, 0, 0, 
0, 0, 0, 12.1818181818182, 0, 0, 0, 0, 0, 0, 0.15625, 0, 0, 0, 
0, 0, 0, 0.130044843049327, 0, 0.240740740740741, 0, 0, 0, 0, 
0, 0, 0, 0, 0, 0, 0, 0, 0.0454545454545455, 0, 0, 0, -4.51195088402978e-16, 
0, 0, -0.25, 0, 0, 0, 0, 0, 0, 0, 0, 0, 0, 0, 0, 0, 0, 0, 0, 
0, 0, 0, 0, 0, 0, 0, 0, -4.51195088402978e-16, 0, 0, 0, 0, 0, 
0, 0, 0, 0, 0, 0, 0, -0.0555555555555556, 0, 0, 0, 0, 0, 0, 0, 
0, 0, 0, 0, 0, 0, 0, 0, 0, 0, 0, 0, 0, 0, 0, 0, 0, 0, 0, 0, 0, 
0, 0, 0, 0, 0, 0, 0, 0, 0, 0, 0, 0, 0, 0, 0, 0, 0, 0, 0, 0, 0.3125, 
0, 0, 0, 0, 0, 0, 0, 0, 0, 0, 0, 0, 0, 0, 0, 0, 0, 0, 0, 0, 0, 
0, 8.6875, 0.15625, -0.25, 0, 0, 0.3125, 0, 0, 0, 0, 0, 0, 0, 
0, 0, 0, 0, 0, 0, 0, -0.0626959247648903, 0, 0, 0, 0, 0, 0, 0, 
0, 0, 0, 0, 0, 0, 0, 0, 0, 0, 0, 0, 0, 0, 0, 0, 0, 0, 0, 0, 0, 
0, 0, 0, 0, 0, 0, 0, 0, 0, 0, 0, 0, 0, 0, 0, 0, 0, 0, 0, 0, 0, 
0, 0, 0, 0, 0, 0, 0, 0, 0, 0, 0, 0, 0, 0, 0, 0, 0, 0, 0, 0, 0, 
0, 0, 0, 0, 0, 0, 0, 0, 0, 0, 0, 0.0185185185185185, 0, 0, 0, 
0, 0, 0, 0, 0, 0, 0, 0, 0, 0, 0, 0, 0, 0, 0, 0, 0, 0, 0, 0, 0, 
0, 0, 0, 0, 0, 0, 0, 0, 0, 0, 0, 0, 0, 0, 0, 0, -0.0208333333333333, 
0.0454545454545455, 0, 0, 0, 0, 0, 0, 0, 0, 0, 0, 0, 0, 0, 0.147982062780269, 
0, 0, 0, 0, 0, 0, 0, 0, 0, 0, 0, 0, 0, 0, 0, 0, 0, 0, 0, 0, 0, 
0, 0, 0, 0, 0, 0, 0, 0, 0, 0.0185185185185185, 0, 0, 0, 0, 0, 
0, 0, 0, 0, 0, 0, 0, 0, 10.2062780269058, 0.130044843049327, 
0, 0, 0, 0, 0, 0, 0, 0, 0, 0.147982062780269, 0, 0, 0, 0, 0, 
0, 0, 0, 0, 0, 0, 0, 0, 0, 0, 0, 0, 0, 0, 0, 0, 0, 0, 0, 0, 0, 
0, 0, 0, 0, 0, 0, 0, 0, 0, 0, 0, 0, 0, 0, 0, 0, 0, 0, 0, 0, 0, 
0.240740740740741, 0, -0.0555555555555556, 0, 0, 0, 0, 0, 0.0185185185185185, 
0, 0, 0.0185185185185185, 0, 0, 0, 0, 0, 0, 0, 0, 0, 0, 0, 0, 
0, 0, 0, 0, 0, 0, 0, 0, 0, 0, 0, 0, 0, 0, 0, 0, 0, 0, 0, 0, 0, 
0, 0, 0, 0.0940438871473354, 0, 0, 0, 0, 0, 0, 0, 0, 0, 0, 0, 
0, 0, 0, 0, 0, 0, 0, 0, 0, 0, 0, 0, 0, 0, 0, 0, 0, 0, 0, 0, 0, 
0, 0, 0, 0, 0.318181818181818, 0, 0, 0, 0, 0, 0, 0, 0, 0, 0, 
0, 0, 0, 0, 0, 0, 0, 0, 0, 0, 0, 0, 0, 0, 0, 0, 0, -0.0625, 0.136363636363636, 
0, 0, 0, 0, 0, 0, 0, 0, 0, 0, 0, 0, 0, 0, 0, 0, 0, 0, 0, 0, 0, 
0, 0, 0, 0, 0, 0, 0, 0, 0, 0, 0, 0, 0, 0, -0.0626959247648903, 
0, 0, 0, 0, 0, 0, 0, 0, 0, 0.0940438871473354, 0, 0, 0, 0, 0, 
0, 0, 0, 0, 0, 0, 0, 0, 0, 0, 0, 0, 0, 0, 0, 0, 0, 0, 0, 0, 0, 
0, 0, 0, 0, 0, 0, 0, 0, 0, 0, 0, 0, 0, 0, 0, 0, 0, 0, 0, 0, 0, 
0, 0, 0, 0, 0, 0, 0, 0, 0, 0, 0, 0, 0, 0, 0, 0, 0, 0, 0, 0, 0, 
0, 0, 0, 0, 0, 0, 0, 0, 0, 0, 0, 0, 0, 0, 0, 0, 0, 0, 0, 0, 0, 
0, 0, 0, 0, 0, 0, 0, 0, 0, 0, 0, 0, 0, 0, 0, 0, 0, 0, 0, 0, 0, 
0, 0, 0, 0, 0, 0, 0, 0, 0, 0, 0, 0, 0, 0, 0, 0, 0, 0, 0, 0, 0, 
0, 0, 0, 0, 0, 0, 0, 0, 0, 0, 0, 0, 0, 0, 0, 0, 0, 0, 0, 0, 0, 
0, 0, 0, 0, 0, 0, 0, 0, 0, 0, 0, 0, 0, 0, 0, 0, 0, 0, 0, 0, 0, 
0, 0, 0, 0, 0, 0, 0, 0, 0, 0, 0, 0, 0.136363636363636, 0, 0, 
0, 0, 0, 0, 0, 0, 0, 0, -0.0208333333333333, 0, 0, 0, 0, 0, 0, 
0, -0.0625, 0, 0, 0, 0, 0, 0, 0, 0, 0, 0, 12.1818181818182, 0.0454545454545455, 
0, 0, 0, 0, 0, 0, 0, 0, 0.0454545454545455, 0, 0, 0, 0, 0, 0, 
0.318181818181818, 0.136363636363636, 0, 0, 0, 0, 0, 0, 0, 0.136363636363636, 
0, 0), .Dim = c(29L, 29L), .Dimnames = list(c("pb", "Anthocorid", 
"BEB", "Cercopid..brn.", "Cocc.nymph..blk.orng.", "edge.mnr.", 
"egg.on.a.stick", "Fly..brn.rnd.", "Fly..gldn.Dolicho.", "Globuli", 
"Lbb..many.spt.", "Lf.tier", "Lfhppr..brn.", "Lfhppr..fisheye.", 
"Lfhppr..grn.", "Melyrid..gry.blk.", "midge", "Muscid", "Myrm.ant", 
"Paras.", "Phylla", "punkie", "red.mite", "Syrphid..lttl.yllw.", 
"T.dip", "Thec..aff.", "Thrip..blk.", "Tip..mnr", "Tip.roller"
), c("pb", "Anthocorid", "BEB", "Cercopid..brn.", "Cocc.nymph..blk.orng.", 
"edge.mnr.", "egg.on.a.stick", "Fly..brn.rnd.", "Fly..gldn.Dolicho.", 
"Globuli", "Lbb..many.spt.", "Lf.tier", "Lfhppr..brn.", "Lfhppr..fisheye.", 
"Lfhppr..grn.", "Melyrid..gry.blk.", "midge", "Muscid", "Myrm.ant", 
"Paras.", "Phylla", "punkie", "red.mite", "Syrphid..lttl.yllw.", 
"T.dip", "Thec..aff.", "Thrip..blk.", "Tip..mnr", "Tip.roller"
))), `1008` = structure(c(0, 0, 0, 0, 0, 0, 0, 0, 0, 0, 0, 0, 
0, 0, 0, 0, 0, 0, 0, 0, 0, 0, 0, 0, 0, 0, 0, 0, 0, 0, 0, 0, 0, 
0, 0, 0, 0, 0, 0, 0, 0, 0, 0, 0, 0, 0, 0, 0, 0, 0, 0, 0, 0, 0, 
0, 0, 0, 0, 0, 0, 0, 1, 0, 0, 0, 0, 0, 0, 0, 0, 0, 0, 0, 0, 0, 
0, 0, 0, 0, 0, 0, 0, 0, 0, 0, 0, 0, 0, 0, 1, 0, 0, 0, 0, 0, 0, 
0, 0, 0, 0, -0.0851612903225806, 0, 0, 0, 0, 0, 0, 0, 0, 0, 0, 
0, 0, 0, 0, 0, 0, 0, 0, 0, 0, 0, 0, 0, 0, 0, 0, 0, 0, 0, 0, 0, 
0, 0, 0, 0, 0, 0, 0, 0, 0, 0, 0, 0, 0, 0, 0, 0, 0, 0, 0, 0, 0, 
0, 0, 0, 0, 0, 0, 0, 0, 0, 0, 0, 0, 0, 0, 0, 0, 0, 0, 0, 0, 0, 
0, 0, 0, 0, 0, 0, 0, 0, 0, 0, 0, 0, 0, 0, 0, 0, 0, 0, 0, 0, 0, 
0, 0, 0, 0, 0, 0, 0, 0, 0, 0, 0, 0, 0, 0, 0, 0, 0, 0, 0, 0, 0, 
0, 0, 0, 0, 0, 0, 0, 0, 0, 0, 0, 0, 0, 0, -0.272727272727273, 
0, 0, 0, 0, 0, 0, 0, 0, 0, 0, 0, 0, 0, 0, 0, 0, 0, 0, 0, 0, 0, 
0, 0, 0, 0, 0, 0, 0, 0, 0, 0, 0, 0, 0, 0, 0, 0, 0, 0, 0, 0, 0, 
0, 0, 0, 0, 0, 0, 0, 0, 0, 0, 0, 0, 0, 0, 0, 0, 0, 0, 0, 0, 0, 
0, 0, 0, 0, 0, 0, 0, 0, 0, 0, 0, 0, 0, 0, 0, 0, 0, 0, 0, 0, 0, 
0, 0, 0, 0, 0, 0, 0, 0, 0, 0, 0, 0, 0, 0, 0, 0, 0, 0, 0, 0, 0, 
0, 0, 0, 0.029585798816568, 0, 0, 0, 0, 0, 0, 0, 0, 0, 0, 0, 
0, 0, 0, 0, 0, 0, 0, 0, 0, 0, 0, 0, 0, 0, 0, 0, 0, 0.0331875482377155, 
0, 0, 0, 0, 0, 0, 0, 0, 0, 0, 0, -0.0851612903225806, 0, 0, 0, 
0, 0, 0, 0, 0, 0, 0, 0, 0, 0, 0, 0, 0, 0, 0, 0, 0, 0, 0, 0, 0, 
0, 0, 0, 0, 0, 0, 0, 0, 0, 0, 0, 0, 0, 0, 0, 0, 0, 0, 0, 0, 0, 
0, 0, 0, 0, 0, 0, 0, 0, 0, 0, 0, 0, 0, 0, 0, 0, 0, 0, 0, 0, 0, 
0, 0, 0, 0, 0, 0, 0, 0, 0, 0, 0, 0, 0, 0, 0, 0, 0, 0, 0, 0, 0, 
0, 0, 0, 0, 0, 0, 0, 0, 0, 0, 0, 0, 0, 0, 0, 0, 0.029585798816568, 
0, 0, 0, 0, 0, 0, 0, 0, 0, 0, 0, 0, 0, 0, 0, 0, 0, 0, 0, 0, 0, 
0, 0, 0, 0, 0, 0, 0, 0, 0, 0, 0, 0, 0, 0, 0, 0, 0, 0, 0, 0, 0, 
0, 0, 0, 0, 0, 0, 0, 0, 0, 0, 0, 0, 0, 0, 0, 0, 0, 0, 0, 0, 0, 
0, 0, 0, 0, 0, 0, 0, 0, 0, 0, 0, 0, 0, 0, 0, 0, 0, 0, 0, 0, 0, 
0, 0, 0, 0, 0, 0, 0, 0, 0, 0, 0, 0, 0, 0, 0, 0, 0, 0, 0, 0, 0, 
0, 0.029585798816568, 0.0331875482377155, 0, 0, 0, 0.029585798816568, 
0, 0, 0, 0, 0, 0, 0, 0, 0, 0, 0, 0, 0, 0, 0, 0, 0, 0, 0, 0, 0, 
0, 0, 0, 0, 0, 0, 0, 0, 0, 0, 0, 0, 0, 0, 0, 0, 0, 0, 0, 0, 0, 
0, 0, 0, 0, 0, 0, 0, 0, 0, 0, 0, 0, 0, 0, 0, 0, 0, 0, 0, 0, 0, 
0, 0, 0, 0, 0, 0, 0, 0, 0, 0, 0, 0, 0, 0, 0, 0, 0, 0, 0, 0, 0, 
0, 0, 0, 0, 0, 0, 0, 0, 0, 0, 0, 0, 0, 0, 0, 0, 0, 0, 0, 0, 0, 
0, 0, 0, 0, 0, 0, 0, 0, 0, 0, 0, 0, 0, 0, 0, 0, 0, 0, 0, 0, 0, 
0, 0, 0, 0, 0, 0, 0, 0, 0, 0, 0, 0, 0, 0, 0, 0, 0, 0, 0, 0, 0, 
0, 0, 0, 0, 0, 0, 0, 0, 0, 0, 0, 0, 0, 0, 0, 0, 0, 0, 0, 0, 0, 
0, 0, 0, 0, 0, 0, 0, 0, 0, 0, 0, 0, 0, 0, 0, 0, 0, 0, 0, 0, 0, 
0, 0, 0, 0, -0.272727272727273, 0, 0, 0, 0, 0, 0, 0, 0, 0, 0, 
0, 0, 0, 0, 0, 0, 0, 0, 0, 0, 0, 0, 0, 0, 0, 0, 0, 0, 0, 0, 0, 
0, 0, 0, 0, 0, 0, 0, 0, 0, 0, 0, 0, 0, 0, 0, 0, 0, 0, 0), .Dim = c(29L, 
29L), .Dimnames = list(c("pb", "Anthocorid", "BEB", "Cercopid..brn.", 
"Cocc.nymph..blk.orng.", "edge.mnr.", "egg.on.a.stick", "Fly..brn.rnd.", 
"Fly..gldn.Dolicho.", "Globuli", "Lbb..many.spt.", "Lf.tier", 
"Lfhppr..brn.", "Lfhppr..fisheye.", "Lfhppr..grn.", "Melyrid..gry.blk.", 
"midge", "Muscid", "Myrm.ant", "Paras.", "Phylla", "punkie", 
"red.mite", "Syrphid..lttl.yllw.", "T.dip", "Thec..aff.", "Thrip..blk.", 
"Tip..mnr", "Tip.roller"), c("pb", "Anthocorid", "BEB", "Cercopid..brn.", 
"Cocc.nymph..blk.orng.", "edge.mnr.", "egg.on.a.stick", "Fly..brn.rnd.", 
"Fly..gldn.Dolicho.", "Globuli", "Lbb..many.spt.", "Lf.tier", 
"Lfhppr..brn.", "Lfhppr..fisheye.", "Lfhppr..grn.", "Melyrid..gry.blk.", 
"midge", "Muscid", "Myrm.ant", "Paras.", "Phylla", "punkie", 
"red.mite", "Syrphid..lttl.yllw.", "T.dip", "Thec..aff.", "Thrip..blk.", 
"Tip..mnr", "Tip.roller"))), `1017` = structure(c(0, 0, 0, 0, 
0, 0, 0, 0, 0, 0, 0, 0, 0, 0, 0, 0, 0, 0, 0, 0, 0, 0, 0, 0, 0, 
0, 0, 0, 0, 0, 0, 0, 0.285714285714286, 0, 0, 0, 0, 0, 0, 0, 
0, 0, 0, 0, 0, 0, 0, 0, 0, 0, 0, 0, 0, 0, 0, 0, 0, 0, 0, 0, 0, 
0, 0, 0, 0, 0, 0, 0, 0, 0, 0, 0, 0, 0, 0, 0, 0, 0, 0, 0, 0, 0, 
0, 0, 0, 0, 0, 0, 0.285714285714286, 0, 0, 0, 0, -0.345104333868379, 
0, 0, 0, -0.142857142857143, 0, 0, 0, 0, 0, 0, 0, 0, 0, 0, 0, 
0, 0, 0, 0, 0, 0, -0.0576923076923077, 0, 0, 0, 0, 0, 0, 0, 0, 
0, 0, 0, 0, 0, 0, 0, 0, 0, 0, 0, 0, 0, 0, 0, 0, 0, 0, 0, 0, 0, 
0, 0, 0, 0, 0, 0, 0, 0, 0, 0, 0, 0.319148936170213, 0, 0, 0, 
0, 0, 0, 0, 0, 0, 0, 0, 0, 1.09677419354839, 0, 0, 0.601941747572815, 
0, 0, 0, 0, -0.345104333868379, 0, 0, 0, 0, 1.11666666666667, 
0, 2.3015873015873, 0, 0, 0, 0, 0, 0, 0, 0, 0, 0, 1.73239436619718, 
0, 0, 0, 0.0624999999999999, 0, 0, 0.865384615384616, 0, 0, 0, 
0, 0, 0, 0, 0, 0, 0, 0, 0.138297872340426, 0, 0, 0, 0, 0, 0, 
0, 0, 0, 0, 0, 0, 0.419354838709677, 0, 0, 0.223300970873786, 
0, 0, 0, 0, 0, 0, 0, 1.11666666666667, 0, 0, 0, 0, 0, 0, 0, 0, 
0, 0, 0, 0, 0, 0, 0, 0, 0, 0, 0.75, 0, 0, 0, 0, 0, 0, 0, 0, 0, 
0, 0, 0, 0, 0, 0.138297872340426, 0, 0, 0, 0, 0, 0, 0, 0, 0, 
0, 0, 0, 0.419354838709677, 0, 0, 0.223300970873786, 0, 0, 0, 
0, -0.142857142857143, 0, 0, 2.3015873015873, 0, 0, 0, 0, -0.372340425531915, 
0, 0, 0, 0, 0, 0, 0, 0, -0.0667443893908481, 0, 0, 0, 0, 0.4375, 
0, 0, 0.25, 0, 0, 0, 0, 0, 0.319148936170213, 0, 0.138297872340426, 
0, 0.138297872340426, -0.372340425531915, 0, 0, 0.128938439166263, 
0, 0, 0, 0, 0, 0, 0, 0, 0, 0, 0, 0, 0, 0.796116504854369, 0, 
0, 0, 0, 0, 0, 0, 0, 0, 0, 0, 0, 0, 0, 0, 0, 0, -0.029126213592233, 
0, 0, 0, 0, 0.0422535211267606, 0, 0, 0, 0, 0, 0, 0.0576923076923077, 
0, 0, 0, 0, 0, 0, 0, 0, 0, 0, 0, 0.128938439166263, 0, 0, 0, 
0, 3.29126213592233, 0, 0, 0, 0, -2.85915492957746, 0, 0, 0, 
0, 0, 0, 0, 0, 0, 0, 0, 0, 0, 0, 0, 0, 0, 0, 0, 0, 0, 0, 0, 0, 
0, 0, 0, 0, 0, 0, 0, 0, 0, 0, 0, 0, 0, 0, 0, 0, 0, 0, 0, 0, 0, 
0, 0, 0, 0, 0, 0, 0, 0, 0, 0, 0, 0, 0, 0, 0, 0, 0, 0, 0, 0, 0, 
0, 0, 0, 0, 0, 0, 0, 0, 0, 0, 0, -0.029126213592233, 3.29126213592233, 
0, 0, 0, 0, 0, 0, 0, -0.887323943661972, 0, 0, 0, 0, 0, 0.300970873786408, 
0, 0, 0, 0, 0, 0, 0, 0, 0, 0, 0, 0, 0, 0, 0, 0, 0, 0, 0, 0, 0, 
0, 0, 0, 0, 0, 0, 0, 0, 0, 0, 0, 0, 0, 0, 0, 0, 0, 0, 0, 0, 0, 
0, 0, 0, 0, 0, 0, 0, 0, 0, 0.028169014084507, 0, 0, 0, 0, 0, 
0, 0, 0, 0, 0, 0, 0, 0, 0, 0, 0, 0, 0, 0, 0, 0, 0, 0, 0, 0, 0, 
0, 0, 0.23943661971831, 0, 0, 0, 0.0625, 0, 0, 0.0961538461538462, 
0, 0, 0, 0, 0, 0, 0, 0, 0, 0, -0.0667443893908481, 0, 0, 0, 0, 
0, 0, 0, 0, 0, 0, 0, 0, 0, 9.70967741935484, 0, 0, 0, 0, 0, 0, 
0, 0, 0, 0, 1.73239436619718, 0, 0, 0, 0, 0, 0.0422535211267606, 
-2.85915492957746, 0, 0, -0.887323943661972, 0, 0.028169014084507, 
0.23943661971831, 0, 0, 0, 0, 0, 0.3125, 0, 0, 0, 0, 0, 0, 0, 
0, 0, 0, 0, 0, 0, 0, 0, 0, 0, 0, 0, 0, 0, 0, 0, 0, 0, 0, 0, 0, 
0.9375, 0, 0, 0, 0, 0, 0, 0, 0, 0, 0, 0, 0, 0, 0, 0, 0, 0, 0, 
0, 0, 0, 0, 0, 0, 0, 0, 0, 0, 0, 0, 0, 0, 0, 0, 0, 0, 0, 1.09677419354839, 
0, 0.419354838709677, 0, 0.419354838709677, 0, 0, 0, 0, 0, 0, 
0, 0, 0, 0, 9.70967741935484, 0, 0, 0, 0, 0, 0, 0.514563106796117, 
0, 0, 0, 0, 0, 0, 0, 0.0624999999999999, 0, 0.75, 0, 0.4375, 
0, 0, 0, 0, 0, 0, 0, 0, 0.0625, 0, 0.3125, 0.9375, 0, 0, 0, 0, 
0, 0, 0, 0, 0, 0, 0, 0, 0, 0, 0, 0, 0, 0, 0, 0, 0, 0, 0, 0, 0, 
0, 0, 0, 0, 0, 0, 0, 0, 0, 0, 0, 0, 0, 0, 0, 0.601941747572815, 
0, 0.223300970873786, 0, 0.223300970873786, 0, 0.796116504854369, 
0, 0, 0, 0, 0.300970873786408, 0, 0, 0, 0, 0, 0, 0, 0.514563106796117, 
0, 0, 0, 0, 0, 0, 0, -0.0576923076923077, 0, 0, 0.865384615384616, 
0, 0, 0, 0.25, 0, 0.0576923076923077, 0, 0, 0, 0, 0, 0, 0.0961538461538462, 
0, 0, 0, 0, 0, 0, 0, 0, 0), .Dim = c(29L, 29L), .Dimnames = list(
    c("pb", "Anthocorid", "BEB", "Cercopid..brn.", "Cocc.nymph..blk.orng.", 
    "edge.mnr.", "egg.on.a.stick", "Fly..brn.rnd.", "Fly..gldn.Dolicho.", 
    "Globuli", "Lbb..many.spt.", "Lf.tier", "Lfhppr..brn.", "Lfhppr..fisheye.", 
    "Lfhppr..grn.", "Melyrid..gry.blk.", "midge", "Muscid", "Myrm.ant", 
    "Paras.", "Phylla", "punkie", "red.mite", "Syrphid..lttl.yllw.", 
    "T.dip", "Thec..aff.", "Thrip..blk.", "Tip..mnr", "Tip.roller"
    ), c("pb", "Anthocorid", "BEB", "Cercopid..brn.", "Cocc.nymph..blk.orng.", 
    "edge.mnr.", "egg.on.a.stick", "Fly..brn.rnd.", "Fly..gldn.Dolicho.", 
    "Globuli", "Lbb..many.spt.", "Lf.tier", "Lfhppr..brn.", "Lfhppr..fisheye.", 
    "Lfhppr..grn.", "Melyrid..gry.blk.", "midge", "Muscid", "Myrm.ant", 
    "Paras.", "Phylla", "punkie", "red.mite", "Syrphid..lttl.yllw.", 
    "T.dip", "Thec..aff.", "Thrip..blk.", "Tip..mnr", "Tip.roller"
    ))), `1020` = structure(c(0, 0, -0.0197044334975369, 0, 0, 
0, 0, 0, 0, 0, 0, 0, 0, 0, 0, 0, 0, 0, 0, 0, 0, 0, 0, 0, 0, 0, 
0, 0.658227848101266, 0, 0, 0, 0, 0, 0, 0, 0, 0, 0, 0, 0, 0, 
0, 0, 0, 0, 0, 0, 0, 0, 0, 0, 0, 0, 0, 0, 0, 0, 0, -0.0197044334975369, 
0, 0, 0, 0, 0, 0, 0, 0, 0, 0, 0, 0, 0, 0, 0, 0, 0, 0, 0, 0, 0, 
0, 0, 0, 0, 0, 0, 0, 0, 0, 0, 0, 0, 0, 0.233183856502242, 0, 
0, 0, 0, 0, 0, 0, 0, 0, 0, 0, 0, 0, 0.0482985729967069, 0, 0, 
0, 0, 0, 0, 0, 0, 0, 0, 0, 0, 0, 0, 0, 0, 0, 0, 0, 0, 0, 0, 0, 
0, 0, 0, 0, 0, 0, 0, 0, 0, 0, 0, 0, 0, 0, 0, 0, 0, 0, 0, 0, 0, 
0, 0, 0, 0, 0, 0, 0, 0, 0, 0, 0, 0, 0, 0, 0, 0, 0, 0, 0, 0, 0.417721518987342, 
0, 0, 0, 0, 0.233183856502242, 0, 0, 0, 0, 0, 0, 0, 0, 0, 0, 
1.875, 0, 0, 0, 0, 0, 0.194840834248079, 0, 0, 0, 0, 0, 0, 0.189873417721519, 
0, 0, 0, 0, 0, 0, 0, 0, 0, 0, 0, 0, 0, 0, 0, 0, 0, 0, 0, 0, 0, 
0, 0, 0, 0, 0, 0, 0, 0, 0, 0, 0, 0, 0, 0, 0, 0, 0, 0, 0, 0, 0, 
0, 0, 0, 0, 0, 0, 0, 0, 0, 0, 0, 0, 0, 0, 0, 0, 0, 0, 0, 0, 0, 
0, 0, 0, 0, 0, 0, 0, 0, 0, 0, 0, 0, 0, 0, 0, 0, 0, 0, 0, 0, 0, 
0, 0, 0.721518987341772, 0, 0, 0, 0, 0, 0, 0, 0, 0, 0, 0, 0, 
0, 0, 0, 0, 0, 0, 0, 0, 0, 0, 0, 0, 0, 0, 0, 0, -0.164556962025316, 
0, 0, 0, 0, 0, 0, 0, 0, 0, 0, 0, 0, 0, 0, 0, 0, 0, 0, 0, 0, 0, 
0, 0, 0, 0, 0, 0, 0, 0, 0, 0, 0, 0, 0, 0, 0, 0, 0, 0, 0, 0, 0, 
0, 0, 0, 0, 0, 0, 0, 0, 0, 0, 0, 0, 0, 0, 0, 0, 0, 0, 0, 0, 0, 
0, 0, 0, 0, 0, 0, 0, 0, 0, 0, -5.55111512312578e-17, 0, 0, 0, 
0, 0, 0, 0, 0, 0, 0, 0, 0, 0, 0, 0, 0, 0, 0, 0, 0, 1.875, 0, 
0, 0, 0, 0, 0, -5.55111512312578e-17, 0, 0, 0, 0, 0, 0, 0, 0, 
0, 0, 0, 0, 0, 0, 0, 0, 0, 0, 0, 0, 0, 0, 0, 0, 0, 0, 0, 0, 0, 
0, 0, 0, 0, 0, 0, 0, 0, 0, 0, 0, 0, 0, 0, 0.209677419354839, 
0, 0, 0, 0, 0, 0, 0, 0, 0, 0, 0, 0, 0, 0, 0, 0, 0, 0, 0, 0, 0, 
0, 0, 0, 0, 0, 0, 0, 0.0322580645161291, 0, 0, 0, 0, 0, 0, 0, 
0, 0, 0, 0, 0, 0, 0, 0, 0, 0, 0, 0, 0, 0, 0, 0, 0, 0, 0, 0, 0, 
0, 0, 0, 0, 0, 0, 0, 0, 0, 0, 0, 0, 0, 0, 0, 0, 0, 0, 0, 0, 0, 
0, 0, 0, 0, 0, 0, 0, 0, 0, 0, 0, 0, 0, 0, 0, 0, 0, 0, 0, 0, 0, 
0, 0, 0, 0, 0, 0, 0, 0, 0, 0, 0, 0, 0, 0, 0, 0, 0, 0, 0, 0, 0.0482985729967069, 
0, 0, 0.194840834248079, 0, 0, 0, 0, 0, 0, 0, 0, 0, 0, 0, 0, 
0, 0, 0, 0, 0, 0, 0, 0, 0, 0, 0, 0, 0, 0, 0, 0, 0, 0, 0, 0, 0, 
0, 0, 0, 0, 0, 0, 0, 0, 0, 0, 0, 0, 0, 0, 0, 0, 0, 0, 0, 0, 0, 
0, 0, 0, 0, 0, 0, 0, 0, 0, 0, 0, 0, 0, 0, 0, 0, 0, 0, 0, 0, 0, 
0, 0, 0, 0, 0, 0, 0, 0, 0, 0, 0, 0, 0, 0, 0, 0, 0, 0, 0, 0, 0, 
0, 0, 0, 0, 0, 0, 0, 0, 0, 0, 0, 0, 0, 0, 0, 0, 0, 0, 0, 0, 0, 
0, 0, 0, 0, 0, 0, 0, 0, 0, 0, 0, 0, 0, 0, 0, 0, 0, 0, 0, 0, 0, 
0, 0, 0, 0, 0, 0, 0, 0, 0, 0, 0, 0, 0, 0, 0, 0, 0, 0, 0, 0, 0, 
0, 0, 0, 0, 0, 0, 0, 0, 0, 0, 0, 0, 0, 0, 0, 0, 0, 0, 0, 0, 0, 
0, 0, 0, 0, 0, 0, 0, 0, 0, 0, 0, 0, 0, 0, 0, 0.0806451612903225, 
0.658227848101266, 0, 0, 0, 0, 0.417721518987342, 0.189873417721519, 
0, 0, 0.721518987341772, -0.164556962025316, 0, 0, 0, 0, 0, 0, 
0, 0, 0, 0, 0, 0, 0, 0, 0, 0, 0, 0, 0, 0, 0, 0, 0, 0, 0, 0, 0, 
0, 0, 0, 0, 0, 0, 0.209677419354839, 0.0322580645161291, 0, 0, 
0, 0, 0, 0, 0, 0, 0, 0.0806451612903225, 0, 0), .Dim = c(29L, 
29L), .Dimnames = list(c("pb", "Anthocorid", "BEB", "Cercopid..brn.", 
"Cocc.nymph..blk.orng.", "edge.mnr.", "egg.on.a.stick", "Fly..brn.rnd.", 
"Fly..gldn.Dolicho.", "Globuli", "Lbb..many.spt.", "Lf.tier", 
"Lfhppr..brn.", "Lfhppr..fisheye.", "Lfhppr..grn.", "Melyrid..gry.blk.", 
"midge", "Muscid", "Myrm.ant", "Paras.", "Phylla", "punkie", 
"red.mite", "Syrphid..lttl.yllw.", "T.dip", "Thec..aff.", "Thrip..blk.", 
"Tip..mnr", "Tip.roller"), c("pb", "Anthocorid", "BEB", "Cercopid..brn.", 
"Cocc.nymph..blk.orng.", "edge.mnr.", "egg.on.a.stick", "Fly..brn.rnd.", 
"Fly..gldn.Dolicho.", "Globuli", "Lbb..many.spt.", "Lf.tier", 
"Lfhppr..brn.", "Lfhppr..fisheye.", "Lfhppr..grn.", "Melyrid..gry.blk.", 
"midge", "Muscid", "Myrm.ant", "Paras.", "Phylla", "punkie", 
"red.mite", "Syrphid..lttl.yllw.", "T.dip", "Thec..aff.", "Thrip..blk.", 
"Tip..mnr", "Tip.roller"))), `coal 3` = structure(c(0, 0, 1.0834326579261, 
0, 0, 0, 0, 0, 0, 0, 0, 0, 0, 0, 0, 0, 0, 0, 0, 0, 0, 0, 0, 0, 
0, 0, 0, 0, 0, 0, 0, 0, 0, 0, 0, 0, 0, 0, 0, 0, 0, 0, 0, 0, 0, 
0, 0, 0, 0, 0, 0, 0, 0, 0, 0, 0, 0, 0, 1.0834326579261, 0, 0, 
0, 0, -0.0555555555555556, 0, 0, 0, 0, 0, 0, 0, -0.0059665871121718, 
0, 0, 0, 0, 0, 0, 0, 0, 0, 0, 0, 0, 0, 0, 0, 0, 0, 0, 0, 0, 0, 
0, 0, 0, 0, 0, 0, 0, 0, 0, 0, 0, 0, 0, 0, 0, 0, 0, 0, 0, 0, 0, 
0, 0, 0, 0, 0, 0, 0, 0, 0, 0, 0, 0, 0, 0, 0, 0, 0, 0, 0, 0, 0, 
0, 0, 0, 0, 0, 0, 0, 0, 0, 0, 0, 0, -0.0555555555555556, 0, 0, 
0, 0, 0, 0, 0, 0, 0, 0, 0, 0, 0, 0, 0, 0, 0, 0.194805194805195, 
0, 0, 0, 0, 0, 0, 0, 0, 0, 0, 0, 0, 0, 0, 0, 0, 0, 0, 0, 0, 0, 
0.125298329355609, 0, 0.238095238095238, 0, 0, 0, 0, 0, 0, 0, 
0, 0, 0, 0, 0, 0, 0, 0, 0, 0, 0, 0, 0, 0, 0, 0, 0, 0, 0, 0, 0, 
0, 0, 0, 0, 0, 0, 0, 0, 0, 0, 0, 0, 0, 0, 0, 0, 0, 0, 0, 0, 0, 
0, 0, 0, 0, 0, 0, 0, 0, 0, 0, 0, 0, 0, 0, 0, 0, 0, 0, 0, 0, 0, 
0, 0, 0, 0, 0, 0, 0, 0, 0, 0, 0, 0, 0, 0, 0, 0, 0.619047619047619, 
0, 0, 0, 0, 0, 0, 0, 0, 0, 0, 0, 0, 0, 0, 0, 0, 0, 0, 0, 0, 0, 
0, 0, 0, 0, 0, 0, 0, 0.206349206349206, 0, 0, 0, 0, 0, 0, 0, 
0, 0, 0, 0, 0, 0, 0, 0, 0, 0, 0, 0, 0, 0, 0, 0, 0, 0, 0, 0, 0, 
0, 0, 0, 0, 0, 0.0584415584415585, 0, 0, 0, 0, 0, 0, 0, 0, 0, 
0, 0, 0, 0, 0, 0, 0, 0, 0, 0, 0, 0, 0, 0, 0, 0, 0, 0, 0, 0, 0, 
0, 0, 0, 0, 0, 0, 0, 0, 0, -0.0059665871121718, 0, 0, 0, 0.125298329355609, 
0, 0, 0, 0, 0, 0, 0, 0, 0, 0, 0, 0, 0, 0, 0, 0, 0, 0, 0, 0, 0, 
0, 0, 0, 0, 0, 0, 0, 0, 0, 0, 0, 0, 0, 0, 0, 0, 0, 0, 0, 0, 0, 
0, 0, 0, 0, 0, 0, 0, 0, 0, 0, 0, 0, 0, 0, 0, 0.238095238095238, 
0, 0, 0.619047619047619, 0.206349206349206, 0, 0, 0, 0, 0, 0, 
0, 0, 0, 0, 0, 0, 0, 0, 0, 0, 0, 0, 0, 0, 0, 0, 0, 0, 0, 0, 0, 
0, 0, 0, 0, 0, 0, 0, 0, 0, 0, 0, 0, 0, 0, 0, 0, 0, 0, 0, 0, 0, 
0, 0, 0, 0, 0, 0, 0, 0, 0, 0, 0, 0, 0, 0, 0, 0, 0, 0, 0, 0, 0, 
0, 0, 0, 0, 0, 0, 0, 0, 0, 0, 0, 0, 0, 0, 0, 0, 0, 0, 0, 0, 0, 
0, 0, 0, 0, 0, 0, 0, 0, 0, 0, 0, 0, 0, 0, 0, 0, 0, 0, 0, 0, 0, 
0, 0, 0, 0, 0, 0, 0, 0, 0, 0, 0, 0, 0, 0, 0, 0, 0, 0, 0, 0, 0, 
0, 0, 0, 0, 0, 0, 0, 0.194805194805195, 0, 0, 0, 0, 0, 0.0584415584415585, 
0, 0, 0, 0, 0, 0, 0, 0, 0, 0, 0, 0, 0, 0, 0, 0, 0, 0, 0, 0, 0, 
0, 0, 0, 0, 0, 0, 0, 0, 0, 0, 0, 0, 0, 0, 0, 0, 0, 0, 0, 0, 0, 
0, 0, 0, 0, 0, 0, 0, 0, 0, 0, 0, 0, 0, 0, 0, 0, 0, 0, 0, 0, 0, 
0, 0, 0, 0, 0, 0, 0, 0, 0, 0, 0, 0, 0, 0, 0, 0, 0, 0, 0, 0, 0, 
0, 0, 0, 0, 0, 0, 0, 0, 0, 0, 0, 0, 0, 0, 0, 0, 0, 0, 0, 0, 0, 
0, 0, 0, 0, 0, 0, 0, 0, 0, 0, 0, 0, 0, 0, 0, 0, 0, 0, 0, 0, 0, 
0, 0, 0, 0, 0, 0, 0, 0, 0, 0, 0, 0, 0, 0, 0, 0, 0, 0, 0, 0, 0, 
0, 0, 0, 0, 0, 0, 0, 0, 0, 0, 0, 0, 0, 0, 0, 0, 0, 0, 0, 0, 0, 
0, 0, 0, 0, 0, 0, 0, 0, 0, 0, 0, 0, 0, 0, 0, 0, 0, 0, 0, 0, 0, 
0, 0, 0, 0, 0, 0, 0, 0, 0, 0, 0, 0, 0, 0, 0, 0, 0, 0, 0, 0, 0, 
0, 0, 0, 0, 0, 0, 0, 0, 0, 0, 0, 0, 0, 0, 0, 0, 0, 0, 0, 0, 0, 
0, 0, 0, 0, 0, 0, 0, 0, 0, 0, 0, 0, 0, 0, 0, 0, 0, 0), .Dim = c(29L, 
29L), .Dimnames = list(c("pb", "Anthocorid", "BEB", "Cercopid..brn.", 
"Cocc.nymph..blk.orng.", "edge.mnr.", "egg.on.a.stick", "Fly..brn.rnd.", 
"Fly..gldn.Dolicho.", "Globuli", "Lbb..many.spt.", "Lf.tier", 
"Lfhppr..brn.", "Lfhppr..fisheye.", "Lfhppr..grn.", "Melyrid..gry.blk.", 
"midge", "Muscid", "Myrm.ant", "Paras.", "Phylla", "punkie", 
"red.mite", "Syrphid..lttl.yllw.", "T.dip", "Thec..aff.", "Thrip..blk.", 
"Tip..mnr", "Tip.roller"), c("pb", "Anthocorid", "BEB", "Cercopid..brn.", 
"Cocc.nymph..blk.orng.", "edge.mnr.", "egg.on.a.stick", "Fly..brn.rnd.", 
"Fly..gldn.Dolicho.", "Globuli", "Lbb..many.spt.", "Lf.tier", 
"Lfhppr..brn.", "Lfhppr..fisheye.", "Lfhppr..grn.", "Melyrid..gry.blk.", 
"midge", "Muscid", "Myrm.ant", "Paras.", "Phylla", "punkie", 
"red.mite", "Syrphid..lttl.yllw.", "T.dip", "Thec..aff.", "Thrip..blk.", 
"Tip..mnr", "Tip.roller"))), `HE-10` = structure(c(0, 0, 0, 0, 
0, 0, -1.25, 0, 0, 0, 0, 0, 0, 0, 0, 0, 0, 0, 0, 0, 0, 0, 0, 
0, 0, 0, 0, 0, 0, 0, 0, 0, 0, 0, 0, 0, 0, 0, 0, 0, 0, 0, 0, 0, 
0, 0, 0, 0, 0, 0, 0, 0, 0, 0, 0, 0, 0, 0, 0, 0, 0, 0, 0, 0, 0.5, 
0, 0, 0, 0, 0, 0, 0, 0, 0, 0, 0, 0, 0, 0, 0, 0, 0, 0, 0.233160621761658, 
0, 0, 0, 0, 0, 0, 0, 0, 0.25, 0, 0, 0, 0, 0, 0, 0, -0.0859375, 
0, 0, 0, 0, 0, 0, 0, 0, 0, 0, 0, -0.0103626943005181, 0, 0, 0, 
0, 0, 0, 0, 0, 0, 0, 0, 0, 0, 0, 0, 0, 0, 0, 0, 0, 0, 0, 0, 0, 
0, 0, 0, 0, 0, 0, 0, 0, 0, 0, 0, 0.25, 0, 0, 0, 0, 0, 0.129032258064516, 
0, 0, 0, 0, 0, 0, 0, 0, 0, 0, 0, 0, 0, 0, 0, 0, 0, 0, 0, -1.25, 
0, 0.5, 0, 0, 0, 0, 0, 0, 0.258064516129032, 0, 0, 0, 0, 0, 0, 
0, 0, 0, 0, 0, 0, 0, 0, 0, 0, 0, 0, 0, 0, 0, 0, 0, 0, 0, 0, 0, 
0, 0, 0, 0, 0, -0.08984375, 0, 0, 0, 0, 0, 0, 0, 0, 0, 0, 0, 
0.0555144337527757, 0, 0, 0, 0, 0, 0, 0, 0, 0, 0, 0, 0, 0, 0, 
0, 0, 0, 0, 0, 0, 0, 0, 0, 0, 0, 0, 0, 0, 0.0717986676535899, 
0, 0, 0, 0, 0, 0, 0, 0, 0.129032258064516, 0.258064516129032, 
0, 0, 0, 0, 0, 0, 0.12890625, 0, 0, 0, 0, 0, 0, 0, 0, 0, 0, 0, 
0, 0, 0, 0, 0, 0, 0, 0, 0, 0, 0, 0, 0, 0, 0, 0, 0, 0, 0, 0, 0, 
0, 0, 0, 0, 0, 0, 0, 0, 0.0555144337527757, 0, 0, 0.282051282051282, 
0, 0, 0, 0, 0, 0, 0, 0, 0, 0, 0, 0, 0, 0, 0, 0, 0, 0, 0, 0, 0, 
0, 0, 0, 0, 0, 0, 0, 0, 0, 0, 0, 0, 0, 0, 0, 0, 0, 0, 0, 0, 0, 
0, 0, 0, 0, 0, 0, 0, 0, 0, 0, 0, 0, 0, 0, 0, 0, 0, 0, 0, -0.0859375, 
0, 0, 0, -0.08984375, 0, 0.12890625, 0, 0, 0, 0, 0, 0, 0, 0, 
0, 0, 0, 0, 0, 0, 0, 0, 0, 0, 0, 0, 0, 0, 0, 0, 0, 0, 0, 0, 0, 
0, 0, 0, 0, 0, 0, 0, 0, 0, 0, 0, 0, 0, 0, 0, -0.00518134715025907, 
0, 0, 0, 0, 0, 0, 0, 0, 0, 0, 0, 0, 0, 0, 0, 0, 0, 0, 0, 0, 0, 
0, 0, 0.0718562874251496, 0, 0, 0, 0, 0, 0, 0, 0, 0, 0, 0, 0, 
0, 0, 0, 0, 0, 0, 0, 0, 0, 0, 0, 0, 0, 0, 0, 0, 0, 0, 0, 0, 0, 
0.0717986676535899, 0, 0, 0, 0, 0, 0, 0, 0, 0, 0, 0, 0, 0, 0, 
0, 0, 0, 0, 0, 0, 0, 0, 0, 0, 0, 0, 0, 0, -0.0162842339008142, 
0, 0, -0.358974358974359, 0, 0, 0, 0, 0, 0, 0, 0, 0, 0, 0, 0, 
0, 0, 0, 0, 0, 0, 0, 0, 0, 0, 0, 0, 0, 0, 0, 0, 0, 0, 0, 0, 0, 
0, 0, 0, 0, 0, 0, 0, 0, 0, 0, 0, 0, 0, 0, 0, 0, 0, 0, 0, 0, 0, 
0, 0, 0, 0.461538461538461, 0, 0, 0, 0, 0, 0, 0, 0, 0, 0, 0, 
0, 0, 0, 0, 0.0718562874251496, 0, 0, 0, 0, 0, 0.702702702702702, 
0, 0, 0, 0, 0, 0, 0.256410256410256, 0, 0, 0, 0, 0, 0, 0, 0, 
0, 0, 0, 0, 0, 0, 0, 0, 0, 0, 0, 0, 0.702702702702702, 0, 0, 
0, 0, 0, 0, 0, 0, 0, 0, 0, 0, 0, 0, 0, 0, 0, 0, 0, 0, 0, 0, 0, 
0, 0, 0, 0, 0, 0, 0, 0, 0, 0, 0, 0, 0, 0, 0, 0, 0, 0, 0, 0, 0, 
0, 0, 0, 0, 0, 0, 0, 0, 0, 0, 0, 0, 0, 0, 0, 0, 0, 0, 0, 0, 0, 
0, 0, 0, 0, 0, 0, 0, 0, 0, 0, 0, 0, 0, 0, 0, 0, 0, 0, 0, 0, 0, 
0, 0, 0, 0, 0, 0, 0, 0, 0, 0, 0, 0.233160621761658, -0.0103626943005181, 
0, 0, 0, 0.0555144337527757, 0.0717986676535899, 0, 0.0555144337527757, 
0, 0, 0, -0.00518134715025907, 0, 0.0717986676535899, -0.0162842339008142, 
0, 0, 0, 0, 0, 0, 0, 0, 0, 0, 0, 0, 0, 0, 0, 0, 0, 0, 0, 0, 0, 
0, 0, 0, 0, 0, 0, 0, 0, 0, 0, 0, 0, 0, 0, 0, 0, 0, 0, 0.461538461538461, 
0, 0, 0, 0, 0, 0, 0, 0, 0, 0, 0, 0, 0, 0, 0, 0, 0, 0, 0, 0, 0, 
0, 0, 0, 0, 0, 0, 0, 0, 0, 0, 0, 0, 0, 0, 0, 0, 0, 0, 0.282051282051282, 
0, 0, 0, 0, 0, 0, -0.358974358974359, 0, 0.461538461538461, 0.256410256410256, 
0, 0, 0, 0, 0, 0.461538461538461, 0, 0), .Dim = c(29L, 29L), .Dimnames = list(
    c("pb", "Anthocorid", "BEB", "Cercopid..brn.", "Cocc.nymph..blk.orng.", 
    "edge.mnr.", "egg.on.a.stick", "Fly..brn.rnd.", "Fly..gldn.Dolicho.", 
    "Globuli", "Lbb..many.spt.", "Lf.tier", "Lfhppr..brn.", "Lfhppr..fisheye.", 
    "Lfhppr..grn.", "Melyrid..gry.blk.", "midge", "Muscid", "Myrm.ant", 
    "Paras.", "Phylla", "punkie", "red.mite", "Syrphid..lttl.yllw.", 
    "T.dip", "Thec..aff.", "Thrip..blk.", "Tip..mnr", "Tip.roller"
    ), c("pb", "Anthocorid", "BEB", "Cercopid..brn.", "Cocc.nymph..blk.orng.", 
    "edge.mnr.", "egg.on.a.stick", "Fly..brn.rnd.", "Fly..gldn.Dolicho.", 
    "Globuli", "Lbb..many.spt.", "Lf.tier", "Lfhppr..brn.", "Lfhppr..fisheye.", 
    "Lfhppr..grn.", "Melyrid..gry.blk.", "midge", "Muscid", "Myrm.ant", 
    "Paras.", "Phylla", "punkie", "red.mite", "Syrphid..lttl.yllw.", 
    "T.dip", "Thec..aff.", "Thrip..blk.", "Tip..mnr", "Tip.roller"
    ))), `Rm-2` = structure(c(0, 0, 0, 0, 0, 0, 0, 0, 0, 0, 0, 
0, 0, 0, 0, 0, 0, 0, 0, 0, -0.852187028657617, 0, 0, 0, 0, 0, 
0, 0, 0, 0, 0, 0, 0, 0, 0, 0, 0, 0, 0, 0, 0, 0, 0, 0, 0, 0, 0, 
0, 0, 0, 0, 0, 0, 0, 0, 0, -0.0242914979757084, 0, 0, 0, 0, 0, 
0, 0.0652173913043478, 0.235294117647059, 0, 0, 0, 0, 0, 0, 0, 
0, 0, 0, 0, 0, 0, 0, 0, 0, 0, 0, 0, 0, 0.0364372469635627, 0, 
0, 0, 0, 0, 0, 0.478260869565218, 0, 0, 0, 0, 0, 0, 0, 0, 0.32258064516129, 
0, 0, 0, 0, 0, 0, 0, 0, 0, 0, 0, 0, 0, 0, 0, 0, 0, 0, 0, 0, 0, 
0, 0, 0, 0, 0, 0, -0.0720720720720721, 0, 0, 0, 0, 0, 0, 0.0361990950226244, 
0, 0, 0, 0, 0, 0, 0, 0, 0, 0, 0.0652173913043478, 0.478260869565218, 
0, 0, 0, 0, 0, 0, 0, 0, 0, 0, 0.580645161290323, 0, 0, 0, 0, 
0, 0, 0, 0, 0, 0, 0, 0, 0, 0, 0, 0, 0.235294117647059, 0, 0, 
0, 0, 0, 0, 0, 0, 0, 0, 0.378378378378378, 0, 0, 0, 0, 0, 0, 
0, 0, 0, 0, 0, 0, 0, -0.226720647773279, 0, 0, 0, 0, 0, 0, 0, 
0, 0, 0, 0, 0, 0, 0, 0, 0, 0, 0, 0, 0, 0, 0, 0, 0, 0, 0, 0, 0, 
0, 0, 0, 0, 0, 0, 0, 0, 0, 0, 0, 0, 0, 0, 0, 0, 0, 0, 0, 0, 0, 
0, 0, 0, 0, 0, 0, 0, 0, 0, 0, 0, 0, 0, 0, 0, 0, 0, 0, 0, 0, 0, 
0, 0, 0.463963963963964, 0, 0, 0, 0, 0, 0, 0, 0, 0, 0, 0, 0, 
0, -0.0607287449392712, 0, 0, 0, 0, 0, 0, 0, 0, 0, 0, 0, 0, 0, 
0, 0, 0, 0, 0, 0, 0, 0, 0, 0, 0, 0, 0, 0, 0, 0, 0, 0, 0, 0, 0, 
0, 0, 0, 0, 0, 0, 0, 0, 0, 0, 0, 0, 0, 0, 0, 0, 0, 0, 0, 0, 0, 
0, 0, 0, 0, 0, 0, 0, 0, 0, 0, 0, 0, 0, 0, 0, 0, 0, 0, 0, 0, 0, 
0, 0, 0, 0.0120663650075415, 0.545454545454546, 0, 0, 0, 0, 0, 
0, 0, 0, 0, 0, 0, -0.0720720720720721, 0, 0.378378378378378, 
0, 0, 0.463963963963964, 0, 0, 0, 0, 0, 0, 0, 0, 0, 0, 0, 0, 
0, 0, 0, 0, 0, 0.688259109311741, 0, 0, 0, 0, 0.32258064516129, 
0, 0.580645161290323, 0, 0, 0, 0, 0, 0, 0, 0, 0, 0, 0, 0, 0, 
0, 0, 0, 0, 0, 0, 0, 0, 0, 0, 0, 0, 0, 0, 0, 0, 0, 0, 0, 0, 0, 
0, 0, 0, 0, 0, 0, 0, 0, 0, 0, 0, 0, 0, 0, 0, 0, 0, 0, 0, 0, 0, 
0, 0, 0, 0, 0, 0, 0, 0, 0, 0, 0, 0, 0, 0, 0, 0, 0, 0, 0, 0, 0, 
0, 0, 0, 0, 0, 0, 0, 0, 0, 0, 0, 0, 0, 0, 0, 0, 0, 0, 0, 0, 0, 
0, 0, 0, 0, 0, 0, 0, 0, 0, 0, 0, 0, 0, 0, 0, 0, 0, 0, 0, 0, 0, 
0, 0, 0, 0, 0, 0, 0, 0, 0, 0, 0, 0, 0.129713423831071, 0, 0, 
0, 0, 0, 0, 0, 0, 0, 0, 0, 0, 0, 0, 0, 0, 0, 0, 0, 0, 0, 0, 0, 
0, 0, 0, 0, 0, 0, 0, 0, 0, 0, 0, 0, -0.0242914979757085, 0, -0.852187028657617, 
0, 0, 0, 0.0361990950226244, 0, 0, 0, 0, 0, 0, 0, 0.0120663650075415, 
0, 0, 0, 0, 0, 0.129713423831071, 0, 0, 0, 0, 0, 0, 0, 0, 0, 
0, 0, 0, 0, 0, 0, 0, 0, 0, 0, 0, 0, 0, 0.545454545454546, 0, 
0, 0, 0, 0, 0, 0, 0, 0, 0, 0, 0, 0, 0, 0, 0, 0, 0, 0, 0, 0, 0, 
0, 0, 0, 0, 0, 0, 0, 0, 0, 0, 0, 0, 0, 0, 0, 0, 0, 0, 0, 0, 0, 
0.331983805668016, 0, 0, 0, 0, 0, 0, 0, 0, 0, 0, 0, 0, 0, 0, 
0, 0, 0, 0, 0, 0, 0, 0, 0, 0, 0, 0, 0, 0, 0, 0, 0, 0, 0, 0, 0, 
0, 0, 0, 0, 0, 0, 0, 0, 0, 0, 0, 0, 0, 0, 0, 0, 0, 0, 0, 0, 0, 
0, 0, 0, 0, 0, 0, 0, 0, 0, 0, 0, 0, 0, 0, 0, 0, 0, 0, 0, 0, 0, 
0, 0, 0, 0, 0, 0, 0, 0, 0, 0, 0, 0, 0, 0, 0, 0, 0, 0, 0, 0, 0, 
0, 0, 0, 0, 0, 0, 0, 0, 0, 0, 0, 0, 0, 0, 0, 0, 0, 0, 0, 0, -0.0242914979757084, 
0.0364372469635627, 0, 0, 0, -0.226720647773279, 0, 0, -0.0607287449392712, 
0, 0, 0, 0.688259109311741, 0, 0, 0, 0, 0, -0.0242914979757085, 
0, 0, 0.331983805668016, 0, 0, 0, 0, 0, 0, 0, 0, 0, 0, 0, 0, 
0, 0, 0, 0, 0, 0, 0, 0, 0, 0, 0, 0, 0, 0, 0, 0, 0, 0, 0, 0, 0, 
0, 0), .Dim = c(29L, 29L), .Dimnames = list(c("pb", "Anthocorid", 
"BEB", "Cercopid..brn.", "Cocc.nymph..blk.orng.", "edge.mnr.", 
"egg.on.a.stick", "Fly..brn.rnd.", "Fly..gldn.Dolicho.", "Globuli", 
"Lbb..many.spt.", "Lf.tier", "Lfhppr..brn.", "Lfhppr..fisheye.", 
"Lfhppr..grn.", "Melyrid..gry.blk.", "midge", "Muscid", "Myrm.ant", 
"Paras.", "Phylla", "punkie", "red.mite", "Syrphid..lttl.yllw.", 
"T.dip", "Thec..aff.", "Thrip..blk.", "Tip..mnr", "Tip.roller"
), c("pb", "Anthocorid", "BEB", "Cercopid..brn.", "Cocc.nymph..blk.orng.", 
"edge.mnr.", "egg.on.a.stick", "Fly..brn.rnd.", "Fly..gldn.Dolicho.", 
"Globuli", "Lbb..many.spt.", "Lf.tier", "Lfhppr..brn.", "Lfhppr..fisheye.", 
"Lfhppr..grn.", "Melyrid..gry.blk.", "midge", "Muscid", "Myrm.ant", 
"Paras.", "Phylla", "punkie", "red.mite", "Syrphid..lttl.yllw.", 
"T.dip", "Thec..aff.", "Thrip..blk.", "Tip..mnr", "Tip.roller"
))), `T-15` = structure(c(0, 0, 0, 0, 0, 0, 0, 0, 0, 0, 0, 0, 
0, 0, 0, 0, 0, 0, 0, 0, 0, 0, 0, 0, 0, 0, 0, 10.3870967741936, 
0, 0, 0, 0, 0, 0, 0.0638297872340426, 0, 0, 0, 0, 0, 0, 0, 0, 
0, 0, 0, 0, 0, 0, 0.0377073906485671, 0, 0, 0, 0, 0, 0, 0, 0, 
0, 0, 0, 0, 0, 0, 0, 0, 0, 0.805825242718446, 0, 0, 0, 0, 0, 
0, 0, 0, 0, 0, 0, 0, 0, 0, 0, 0, 0, 0, 0, 0, 0, 0, 0, 0, 0, 0, 
0, 0, 0, 0, 0, 0, 0, 0, 0, 0, 0, 0, 0, 0.085972850678733, 0, 
0, 0, 0, 0, 0, 0, 0, 0, 0, 0, 0, 0, 0, 0, 0, 0, 0, 0, 0, 0, 0, 
0, 0, 0, 0, 0, 0, 0, 0, 0, 0, 0, 0, 0, 0, 0, 0, 0.0638297872340426, 
0, 0, 0, 0, 0.295774647887324, 0, 0, 0, 0, 0, 0, -0.00483091787439611, 
0, 0, 0, 0, 0, 0, 0, 0, 0, 0, 0, 0, 0, 0.483870967741936, 0, 
0, 0, 0, 0, 0, 0.295774647887324, 0, 0, 0, 0, 0, 0, 0, 0, 0, 
0, 0, 0, 0, 0, 0, 0, 0, 0, 0, 0, 0, 0, 0.446808510638298, 0, 
0, 0, 0, 0, 0, 0, 0, 0, 0, 0, 0, 0, 0, 0, 0, 0, 0, 0, 0, 0, 0, 
0, 0, 0, 0, 0, 0, 0, 0, 0, 0, 0, 0, 0, 0, 0, 0, 0, 0, 0, 0, 0, 
0, 0, 0, 0, 0, 0, 0, 0, 0, 0, 0, 0, 0, 0, 0, 0, 0, 0.805825242718446, 
0, 0, 0, 0, 0, 0, 0, 0, 0, 0, 0, 0, 0, 0, 0, 0, 0, 0, 0, 0, 0, 
0, 0, 0, 0.419354838709678, -0.23404255319149, 0, 0, 0, 0, 0, 
0, 0, 0, 0, 0, 0, 0, 0, 0, 0, 0, 0, 0, 0, 0, 0, 0, 0, 0, 0, 0, 
0, 0, 0, 0, 0, 0, 0, 0, 0, 0, 0, 0, 0, 0, 0, 0, 0, 0, 0, 0, 0, 
0, 0, 0, 0, 0, 0, 0, 0, 0, 0, 0, 0, 0, 0, 0, 0, 0, 0, 0, 0, 0, 
0, 0, 0, 0, 0, 0, 0, 0, 0, 0, 0, 0, 0, 0, 0, 0, 0, 0, 0, 0, 0, 
0, 0, 0, -0.00483091787439611, 0, 0, 0, 0, 0, 0, 0, 0, 0, 0, 
0, 0, 0, 0, 0, 0, 0, 0, 0, 0, 0, 2.29032258064516, 0, 0, 0, 0, 
0, 0, 0, 0, 0, 0, 0, 0, 0, 0, 0, 0, 0, 0, 0, 0, 0, 0, 0, 0, 0, 
0, 0, 0, 0, 0, 0, 0, 0, 0, 0, 0, 0, 0, 0, 0, 0, 0, 0, 0, 0, 0, 
0, 0, 0, 0, 0, 0, 0, 0, 0, 0, 0, 0, 0.127659574468085, 0, 0, 
0, 0, 0, 0, 0, 0, 0, 0, 0, 0, 0, 0, 0, 0, 0, 0, 0, 0, 0, 0, 0, 
0, 0, 0, 0, 0.193548387096774, 0, 0, 0, 0, 0, 0, 0, 0, 0, 0, 
0, 0, 0, 0, 0, 0, 0, 0, 0, 0, 0, 0, 0, 0, 0, 0, 0, 0, 0, 0, 0, 
0, 0, 0, 0, 0, 0, 0, 0, 0, 0, 0, 0, 0, 0, 0, 0, 0, 0, 0, 0, 0, 
0, 0, 0, 0, 0, 0, 0, 0, 0, 0, 0, 0, 0, 0, 0, 0, 0, 0, 0, 0, 0, 
0, 0, 0, 0, 0, 0, 0, 0, 0, 0, 0, 0, 0, 0.193548387096774, 0, 
0, 0.0377073906485671, 0, 0.085972850678733, 0, 0, 0, 0, 0, 0, 
0, 0, 0, 0, 0, 0, 0, 0, 0, 0, 0, 0, 0, 0, 0, 0, 0, 1.96774193548387, 
3.34042553191489, 0, 0, 0, 0, 0, 0, 0, 0, 0, 0, 0, 0, 0, 0, 0, 
0, 0, 0, 0, 0, 0, 0, 0, 0, 0, 0, 0, 0.193548387096774, 0, 0, 
0, 0, 0, 0, 0, 0, 0, 0, 0, 0, 0, 0, 0, 0, 0, 0, 0, 0, 0, 0, 0, 
0, 0, 0, 0, 0, 0, 0.0638297872340426, 0, 0, 0, 0, 0, 0, 0, 0, 
0, 0, 0, 0, 0, 0, 0, 0, 0, 0, 0, 0, 0, 0, 0, 0, 0, 0, 0, 0, 0, 
0, 0, 0, 0, 0, 0, 0, 0, 0, 0, 0, 0, 0, 0, 0, 0, 0, 0, 0, 0, 0, 
0, 0, 0, 0, 0, 0, 0, 0, 0, 0, 0, 0, 0, 0, 0, 0, 0, 0, 0, 0, 0, 
0, 0, 0, 0, 0, 0, 0, 0, 0, 0, 0, 0, 0, 0, 0, 0, 0, 0, 0, 0, 0, 
0, 0, 0, 0, 0, 0, 0, 0, 0, 0, 0, 0, 0, 0, 0, 0, 0, 0, 0, 0, 0, 
0, 0, 0, 10.3870967741936, 0, 0, 0, 0, 0.483870967741936, 0, 
0, 0, 0.419354838709678, 0, 0, 0, 2.29032258064516, 0, 0, 0.193548387096774, 
0, 0, 0.193548387096774, 1.96774193548387, 0.193548387096774, 
0, 0, 0, 0, 0, 0, 0, 0, 0, 0, 0, 0, 0, 0.446808510638298, 0, 
0, -0.23404255319149, 0, 0, 0, 0, 0, 0.127659574468085, 0, 0, 
0, 0, 3.34042553191489, 0, 0.0638297872340426, 0, 0, 0, 0, 0, 
0), .Dim = c(29L, 29L), .Dimnames = list(c("pb", "Anthocorid", 
"BEB", "Cercopid..brn.", "Cocc.nymph..blk.orng.", "edge.mnr.", 
"egg.on.a.stick", "Fly..brn.rnd.", "Fly..gldn.Dolicho.", "Globuli", 
"Lbb..many.spt.", "Lf.tier", "Lfhppr..brn.", "Lfhppr..fisheye.", 
"Lfhppr..grn.", "Melyrid..gry.blk.", "midge", "Muscid", "Myrm.ant", 
"Paras.", "Phylla", "punkie", "red.mite", "Syrphid..lttl.yllw.", 
"T.dip", "Thec..aff.", "Thrip..blk.", "Tip..mnr", "Tip.roller"
), c("pb", "Anthocorid", "BEB", "Cercopid..brn.", "Cocc.nymph..blk.orng.", 
"edge.mnr.", "egg.on.a.stick", "Fly..brn.rnd.", "Fly..gldn.Dolicho.", 
"Globuli", "Lbb..many.spt.", "Lf.tier", "Lfhppr..brn.", "Lfhppr..fisheye.", 
"Lfhppr..grn.", "Melyrid..gry.blk.", "midge", "Muscid", "Myrm.ant", 
"Paras.", "Phylla", "punkie", "red.mite", "Syrphid..lttl.yllw.", 
"T.dip", "Thec..aff.", "Thrip..blk.", "Tip..mnr", "Tip.roller"
))), `WC-5` = structure(c(0, 0, 4.05555555555556, 0, 0, 0, 0, 
0, 0, 0, 0, 0, 0, 4.23571428571429, 7.375, 0, 0, 0, 0, 0, 0, 
-11.1454545454545, 0, 0, 0, 0, 0, 0, 0, 0, 0, 0, 0, 0, 0, 0.165354330708661, 
0, 0, 0, 0, 0, 0, 0, 0, 0, 0, 0, 0, 0, 0.0614136732329084, 0.272727272727273, 
0, 0, 0, 0, 0, 0, 0, 4.05555555555556, 0, 0, 0, 0, 0, 0, 0, 0, 
0, 0, 0, 0, 0, 2.5, 0, 0, 0, 0, 0, 0, 0, 0, 0, 0, 0, 0, 0, 0, 
0, 0, 0, 0, 0, 0, 0, 0, 0, 0, 0, 0, 0, 0, 0.25, 0, 0, 0, 0, 0, 
0, 0, 0, 0, 0, 0, 0, 0, 0, 0, 0, 0, 0, 0, 0, 0, 0, 0, 0, 0, 0, 
0, 0, 0.25, 0, 0, 0, 0, 0, 0, 0, 0, 0, 0, 0, 0, 0, 0, 0, 0, 0, 
0, 0, 0, 0, 0, 0, 0, 0, 0, 0, 0, 0, 0, 0, 0, 0, 0, 0, 0, 0, 0, 
0, 0, 0, 0, 0, 0, 0.165354330708661, 0, 0, 0, 0, 0, 0, 0, 0, 
0, 0, 0, 0, 0, 0, 0, 0, 0, 0, 0.184241019698725, 0.818181818181818, 
0, 0, 0, 0, 0, 0, 0, 0, 0, 0, 0, 0, 0, 0, 0, 0, 0, 0, 0, 0, 0, 
0, 0, 0, 0, 0, 0, 0, 0, 0, 0, 0, 0, 0, 0, 0, 0, 0, 0, 0, 0, 0, 
0, 0, 0, 0, 0, 0, 0, 0, 1.125, 0, 0, 0, 0, 0, 0, -0.490909090909091, 
0, 0, 0, 0, 0, 0, 0, 0, 0, 0, 0, 0, 0, 0, 0, 0, 0, 0, 0, 0, 0, 
0, 0, 0, 0, 0, 0, 0, 0, 0, 0, 0, 0, 0, 0, 0, 0, 0, 0, 0, 0, 0, 
0, 0, 0, 0, 0, 0, 0, 0, 0, 0, 0, 0, 0, 0, 0, 0, 0, 0, 0, 0, 0, 
0, 0, 0, 0, 0, 0, 0, 0, 0, 0, 0, 0, 0, 0, 0, 0, -0.125, 0, 0, 
0, 0, 0, 0, 0, 0, 0, 0, 0, 0, 0, 0, 0, 0, 0, 0, 0, 0, 0, 0, 0, 
0, 0, 0, 0, 0, 0, 0.461538461538462, 0, 0, 0, 0, -0.0811123986095018, 
0, 0, 0, 0, 0, 0, 0, 0, 4.23571428571429, 0, 0, 0, 0, 0, 0, 0, 
0, 0, 0, 0, 0, 0, 0, 0, 0, 0, 0, 0, 0, -1.52727272727273, 0, 
0, 0, 0, 0, 0, 0, 7.375, 0, 2.5, 0.25, 0.25, 0, 0, 0, 1.125, 
0, 0, -0.125, 0, 0, 0, 0, 0, 0, 0, 0, 0, 0, 0, 0, 0, 0, 0, 0, 
0, 0, 0, 0, 0, 0, 0, 0, 0, 0, 0, 0, 0, 0.461538461538462, 0, 
0, 0, 0, 0, 0, 0, 0, 0, 0, 0, 0, 0, 0, 0, 0, 0, 0, 0, 0, 0, 0, 
0, 0, 0, 0, 0, 0, 0, 0, 0, 0, 0, 0, 0, 0, 0, 0, 0, 0, 0, 0, 0, 
0, 0, 0, 0, 0, 0, 0, 0, 0, 0, 0, 0, 0, 0, 0, 0, 0, 0, 0, 0, 0, 
0, 0, 0, 0, 0, 0, 0, 0, 0, 0, 0, 0, 0, 0, 0, 0, 0, 0, 0, 0, 0, 
0, 0, 0, 0, 0, 0, 0, 0, 0, 0.0614136732329084, 0.272727272727273, 
0, 0, 0, 0, 0, 0, 0, 0, 0, 0, 0, 0, 0, 0, 0, 0, 0, 0, 0, 0, 0, 
0, 0, 0, 0, 0, 0, 0, 0, 0, 0, 0, 0, 0, 0, 0, 0, 0.0614136732329084, 
0, 0, 0, 0, 0.184241019698725, 0, 0, 0, 0, 0, -0.0811123986095018, 
0, 0, 0, 0, 0, 0.0614136732329084, 0, 0, 1.69090909090909, 0, 
0, 0, 0, 0, 0, 0, -11.1454545454545, 0.272727272727273, 0, 0, 
0, 0, 0.818181818181818, 0, -0.490909090909091, 0, 0, 0, 0, -1.52727272727273, 
0, 0, 0, 0, 0.272727272727273, 0, 1.69090909090909, 0, 0, 0, 
0, 0, 0, 0, 0, 0, 0, 0, 0, 0, 0, 0, 0, 0, 0, 0, 0, 0, 0, 0, 0, 
0, 0, 0, 0, 0, 0, 0, 0, 0, 0, 0, 0, 0, 0, 0, 0, 0, 0, 0, 0, 0, 
0, 0, 0, 0, 0, 0, 0, 0, 0, 0, 0, 0, 0, 0, 0, 0, 0, 0, 0, 0, 0, 
0, 0, 0, 0, 0, 0, 0, 0, 0, 0, 0, 0, 0, 0, 0, 0, 0, 0, 0, 0, 0, 
0, 0, 0, 0, 0, 0, 0, 0, 0, 0, 0, 0, 0, 0, 0, 0, 0, 0, 0, 0, 0, 
0, 0, 0, 0, 0, 0, 0, 0, 0, 0, 0, 0, 0, 0, 0, 0, 0, 0, 0, 0, 0, 
0, 0, 0, 0, 0, 0, 0, 0, 0, 0, 0, 0, 0, 0, 0, 0, 0, 0, 0, 0, 0, 
0, 0, 0, 0, 0, 0, 0, 0, 0, 0, 0, 0, 0, 0, 0, 0, 0, 0, 0, 0, 0, 
0, 0, 0, 0, 0, 0, 0, 0, 0, 0, 0, 0, 0, 0, 0, 0, 0, 0, 0, 0, 0, 
0, 0, 0, 0, 0, 0, 0, 0, 0, 0, 0, 0, 0, 0, 0, 0, 0, 0, 0), .Dim = c(29L, 
29L), .Dimnames = list(c("pb", "Anthocorid", "BEB", "Cercopid..brn.", 
"Cocc.nymph..blk.orng.", "edge.mnr.", "egg.on.a.stick", "Fly..brn.rnd.", 
"Fly..gldn.Dolicho.", "Globuli", "Lbb..many.spt.", "Lf.tier", 
"Lfhppr..brn.", "Lfhppr..fisheye.", "Lfhppr..grn.", "Melyrid..gry.blk.", 
"midge", "Muscid", "Myrm.ant", "Paras.", "Phylla", "punkie", 
"red.mite", "Syrphid..lttl.yllw.", "T.dip", "Thec..aff.", "Thrip..blk.", 
"Tip..mnr", "Tip.roller"), c("pb", "Anthocorid", "BEB", "Cercopid..brn.", 
"Cocc.nymph..blk.orng.", "edge.mnr.", "egg.on.a.stick", "Fly..brn.rnd.", 
"Fly..gldn.Dolicho.", "Globuli", "Lbb..many.spt.", "Lf.tier", 
"Lfhppr..brn.", "Lfhppr..fisheye.", "Lfhppr..grn.", "Melyrid..gry.blk.", 
"midge", "Muscid", "Myrm.ant", "Paras.", "Phylla", "punkie", 
"red.mite", "Syrphid..lttl.yllw.", "T.dip", "Thec..aff.", "Thrip..blk.", 
"Tip..mnr", "Tip.roller")))), .Names = c("996", "1000", "1008", 
"1017", "1020", "coal 3", "HE-10", "Rm-2", "T-15", "WC-5"))
