structure(c(0, 0, 0, 5.21747328724073, 26.6451612903226, 0, 0, 
0, 11.8987068965517, 0, 0, 0, 0, 0, 17.2277904328018, 0, 0, 0, 
0, 0, 0, 13.3879056047198, 16.7402190923318, 0, 0, 0.660164397006501, 
0, 0, 0, 0, 0, 0, 0.257699560025142, 0, 0, 0.0578512396694215, 
0, 0, 0, 0, 0, 0, 0, 0, 0, 0.0962566844919787, 0, 0.0232558139534884, 
0, 0, 0, 0.203442879499217, 0, 0, 0.0208563366458103, 0, 0, 0, 
0, 0, 0, 0, 0, 0, 0, 0, 0, 0, 0, 0, 0, 0, 0, 0, 0, 0, 0, 0, 0, 
0, 0, 0, 0, 0, 0, 0, 0, 5.21747328724073, 0.257699560025142, 
0, 0, 0, 0, 0, 0, 0.0883620689655174, 0, 0, 0, 0, 0, 0.348519362186789, 
0.0999772261443863, 0.358288770053477, 0, 0, 0, 0, 0, 0.605633802816901, 
0, 0, 0.00380321432953011, 0, 0, 0, 26.6451612903226, 0, 0, 0, 
0, 0, 0.0606060606060606, 0, 0, 0, 0, 0, 0, 0, 0, 0, 0, 0, 0, 
0, 0, 0, 0, 0, 0, 0, 0, 0, 0, 0, 0, 0, 0, 0, 0, 0, 0, 0, 0, 0, 
0.393617021276596, 0, 0, 0, 0, 0, 0, 0, 0, 0, 0, 0, 0, 0.642857142857144, 
0, 0, 0, 0, 0, 0.0578512396694215, 0, 0, 0.0606060606060606, 
0, 0, 0, 0.991379310344829, 0, 1.31944444444445, 0, 0, 0, 0, 
0, 0, 0, 0, 0, 0, 0.693215339233039, 0, 0, 0, 0, 0, 0, 0.495831505046073, 
0, 0, 0, 0, 0, 0, 0, 0, 0, 0, 0, 0.0851063829787236, 0, 0, 0, 
0, 0, 0, 0, 0, 0, 0, 0, 0, 0.0714285714285717, 0, 0, 0.0622317596566523, 
0, 11.8987068965517, 0, 0, 0.0883620689655174, 0, 0, 0.991379310344829, 
0, 0, 0, 1.20833333333333, 0, 0, 0, 0, 0, 0, 0, 0, 0, 0, 0.483775811209439, 
0, 0, 0, 0.0937308305729358, 0, 0, 0.451075032909171, 0, 0, 0, 
0, 0, 0, 0, 0, 0, 0, 0, 0, 0, 0, 0, 0, 0, 0, 0, 0, 0, 0, 0, 0, 
0, 0, 0, 0, 0, 0, 0, 0, 0, 0, 0, 1.31944444444445, 0, 1.20833333333333, 
0, 0, 0, 0, 0, 0, 0, 0, 0, 0, 0, 0, 0.188790560471976, 0, 0, 
0, 0.0839160839160839, 0, 0, 0.258007898200965, 0, 0, 0, 0, 0, 
0.393617021276596, 0, 0.0851063829787236, 0, 0, 0, 0, 0, 0, 0, 
0, 0.81283422459893, 0, 0, 0, 0.068624216430221, 0, 0, 0, 1.16666666666667, 
0, 0, 0, 0, 0, 0, 0, 0, 0, 0, 0, 0, 0, 0, 0, 0, 0, 0, 0, 0, 0, 
0, 0, 0, 0, 0, 0, 0, 0.190476190476191, 0, 0, 0.0479256080114449, 
0.0144800351031154, 0, 0, 0, 0, 0, 0, 0, 0, 0, 0, 0, 0, 0, 0, 
0, 0, 0.363636363636364, 0, 0, 0, 0, 0.967551622418879, 0, 0, 
0, 0, 0, 0, 0, 17.2277904328018, 0, 0, 0.348519362186789, 0, 
0, 0, 0, 0, 0, 0, 0, 0, 0, 0, 0, 0, 0, 0.127906976744186, 0, 
0, 0, 0, 0, 0, 0, 0, 0.163805436337625, 0, 0, 0, 0, 0.0999772261443863, 
0, 0, 0, 0, 0, 0, 0, 0, 0, 0, 0, 0, 0.0160427807486634, 0, 0, 
0, 0, 0, 0, 0, 0, 0, 0, 0, 0, 0, 0.0962566844919787, 0, 0.358288770053477, 
0, 0, 0, 0, 0, 0, 0, 0.81283422459893, 0, 0.363636363636364, 
0, 0.0160427807486634, 0, 0, 0, 0, 0.0210326624876279, 0, 0, 
0, 0.357142857142858, 0, 0, 0, 0, 0, 0, 0, 0, 0, 0, 0, 0, 0, 
0, 0, 0, 0, 0, 0, 0, 0, 0, 0, 0, 0, 0, 0.164319248826291, 0, 
0.119047619047619, 0.00552079499447921, 0, 0, 0, 0, 0.0232558139534884, 
0, 0, 0, 0, 0, 0, 0, 0, 0, 0, 0, 0, 0.127906976744186, 0, 0, 
0, 0, 0, 0, 0, 0, 0, 0, 0, 0, 0, 0, 0, 0, 0, 0, 0, 0, 0, 0, 0, 
0, 0, 0, 0, 0, 0, 0, 0, 0, 0, 0, 0, 0, 0, 0, 0, 0, 0, 0, 0, 0, 
0, 0, 0, 0, 0, 0, 0, 0, 0, 0, 0.068624216430221, 0, 0, 0, 0, 
0.0210326624876279, 0, 0, 0, 0, 0, 0, 0, 0, 0, 0, 0, 0, 13.3879056047198, 
0, 0, 0, 0, 0, 0.693215339233039, 0, 0.483775811209439, 0, 0.188790560471976, 
0, 0, 0.967551622418879, 0, 0, 0, 0, 0, 0, 0, 0, 0, 0, 0, 0, 
0.235067437379576, 0, 0, 16.7402190923318, 0.203442879499217, 
0, 0.605633802816901, 0, 0, 0, 0, 0, 0, 0, 0, 0, 0, 0, 0, 0, 
0.164319248826291, 0, 0, 0, 0, 0, 0, 0, 0.0229419703103914, 0, 
0.0937052932761086, 0, 0, 0, 0, 0, 0, 0, 0, 0, 0, 0, 0, 0, 0, 
0, 0, 0, 0, 0, 0, 0, 0, 0, 0, 0, 0, 0, 0, 0, 0, 0, 0, 0, 0, 0, 
0.642857142857144, 0, 0.0714285714285717, 0, 0, 0, 1.16666666666667, 
0.190476190476191, 0, 0, 0, 0.357142857142858, 0.119047619047619, 
0, 0, 0, 0, 0, 0, 0, 0, 0, 0, 0, 0.660164397006501, 0.0208563366458103, 
0, 0.00380321432953011, 0, 0, 0, 0, 0.0937308305729358, 0, 0.0839160839160839, 
0, 0, 0, 0, 0, 0, 0.00552079499447921, 0, 0, 0, 0, 0.0229419703103914, 
0, 0, 0, 0.680154142581887, 0, 0, 0, 0, 0, 0, 0, 0, 0, 0, 0, 
0, 0, 0, 0, 0, 0, 0, 0, 0, 0, 0, 0, 0.235067437379576, 0, 0, 
0, 0.680154142581887, 0, 0, 0, 0, 0, 0, 0, 0, 0, 0, 0.0622317596566523, 
0, 0, 0, 0, 0.0479256080114449, 0, 0.163805436337625, 0, 0, 0, 
0, 0, 0, 0, 0.0937052932761086, 0, 0, 0, 0, 0, 0, 0, 0, 0, 0, 
0, 0, 0.495831505046073, 0, 0.451075032909171, 0, 0.258007898200965, 
0, 0.0144800351031154, 0, 0, 0, 0, 0, 0, 0, 0, 0, 0, 0, 0, 0, 
0, 0, 0), .Dim = c(29L, 29L), .Dimnames = list(c("pb", "Anthocorid", 
"BEB", "Cercopid (brn)", "Cocc nymph (blk/orng)", "edge mnr ", 
"egg on a stick", "Fly (brn/rnd)", "Fly (gldn Dolicho)", "Globuli", 
"Lbb (many spt)", "Lf tier", "Lfhppr (brn)", "Lfhppr (fisheye)", 
"Lfhppr (grn)", "Melyrid (gry/blk)", "midge", "Muscid", "Myrm ant", 
"Paras ", "Phylla", "punkie", "red mite", "Syrphid (lttl/yllw)", 
"T-dip", "Thec. aff.", "Thrip (blk)", "Tip  mnr", "Tip roller"
), c("pb", "Anthocorid", "BEB", "Cercopid (brn)", "Cocc nymph (blk/orng)", 
"edge mnr ", "egg on a stick", "Fly (brn/rnd)", "Fly (gldn Dolicho)", 
"Globuli", "Lbb (many spt)", "Lf tier", "Lfhppr (brn)", "Lfhppr (fisheye)", 
"Lfhppr (grn)", "Melyrid (gry/blk)", "midge", "Muscid", "Myrm ant", 
"Paras ", "Phylla", "punkie", "red mite", "Syrphid (lttl/yllw)", 
"T-dip", "Thec. aff.", "Thrip (blk)", "Tip  mnr", "Tip roller"
)))
