structure(c(0, 0, 0, 0, 0, 0, 0, 0, 0, 0, 0, 0, 0, 0, 0, 1.55968688845401, 
0, 0, 0, 0, 0, 0, 0, 0, 0, 0, 0, 0, 0, 0, 0, 0, 0, 0, 0, 0, 0, 
0, 0, 0, 0.0204778156996583, 0, 0.0341173977537614, 0, 0, 0.157894736842105, 
0, 0, 0, 0, 0, 0, 0, 0, 0, 0, 0, 0, 0, 0, 0, 0, 0, 0, 0.306078147612157, 
0, 0, 0, 0, 0, 0, 0, 0, 0, 0, 0, 0, 0, 0.145084566596195, 0.573033707865168, 
0, 0, 0, 0, 0, 0, 0, 0, 0, 0, 0, 0, 0, 0, 0, 0, 0, 0, 0, 0, 0, 
0, 0, 0, 0, 0, 0, 0, 0, 0, 0, 0, 0, 0, 0, 0, 0, 0, 0, 0, 0, 0, 
0, 0, 0, 0, 0, 0, 0, 0, 0, 0, 0, 0, 0.660714285714286, 0, 0, 
0, 0, 0, 0, 0, 0, 0, 0, 0, 0, 0, 0, 0, 0, 0.204775687409551, 
0, 0, 0, 0, 0, 0, 0, 0, 0, 0, 0, 0, 0, 0, 0, 0, 0, 0, 0, 0, 0, 
0, 0, 0, 0.306078147612157, 0, 0, 0.204775687409551, 0, 0, 0, 
0, 0, 0, 0, 0, 0, 0, 0, 0, 0, 0, 0, 0, 0, 0, 0, 0, 0, 0, 0, 0, 
0, 0, 0, 0, 0, 0, 0, 0, 0, 0, 0, 0, 0, 0, 0, 0, 0, 0, 0, 0, 0, 
0, 0, 0, 0, 0, 0, 0, 0, 0, 0, 0, 0, 0, 0, 0, 0, 0, 0, 0, 0, 0, 
0, 0, 0, 0, 0.232142857142858, 0, 0, 0, 0, 0, 0, 0, 0, 0, 0, 
0, 0, 0, 0, 0, 0, 0, 0, 0, 0, 0, 0, 0, 0, 0, 0, 0, 0, 0, 0, 0, 
0, 0, 0, 0, 0, 0, 0, 0, 0, 0, 0, 0, 0, 0, 0, 0, 0, 0, 0, 0, 0, 
0, 0.0887096774193548, 0, 0, 0, 0.125, 0, 0, 0.0617977528089887, 
0, 0, 0, 0, 0, 0, 0, 0, 0.0204778156996583, 0, 0, 0, 0, 0, 0, 
0, 0, 0, 0, 0, 0, 0, 0, 0, 0, 0, 0, 0, 0, 0, 0, 0, 0, 0, 0.255643685173887, 
0, 0, 0, 0, 0, 0, 0, 0, 0, 0, 0, 0, 0, 0, 0, 0, 0, 0, 0, 0, 0, 
0, 0, 0, 0, 0, 0, 0, 0, 0, 0, 0.0341173977537614, 0, 0, 0, 0, 
0, 0, 0, 0, 0, 0, 0, 0, 0, 0, 3.42105263157895, 0, 0, 0, 0, 0, 
0, 0, 0, 0, 0, 0, 0, 0, 0, 0, 0, 0, 0, 0, 0, 0, 0, 0.0887096774193548, 
0, 0, 0, 0, 0, 0, 0, 0, 0, 0, 0, 0, 0, 0, 0, 0, 0, 0, 1.55968688845401, 
0, 0, 0, 0, 0, 0, 0, 0, 0, 0, 0, 0, 0, 0, 0, 0.68421052631579, 
0, 0, 0, 0, 0.348314606741573, 0, 0, 0, 0, 0, 0, 0, 0, 0.157894736842105, 
0, 0, 0, 0, 0, 0, 0, 0, 0, 0, 0, 3.42105263157895, 0, 0.68421052631579, 
0, 0, 0, 0, 0, 0, 0, 0, 0, 0, 0, 0, 0, 0, 0, 0, 0, 0, 0, 0, 0, 
0, 0, 0, 0, 0, 0, 0, 0, 0, 0, 0, 0, 0, 0, 0, 0, 0, 0, 0, 0, 0, 
0, 0, 0, 0, 0.660714285714286, 0, 0, 0, 0.232142857142858, 0, 
0.125, 0, 0, 0, 0, 0, 0, 0, 0, 0, 0, 0, 0, 0, 0, 0, 0, 0, 0, 
0, 0, 0, 0, 0, 0, 0, 0, 0, 0, 0, 0, 0, 0, 0, 0, 0, 0, 0, 0, 0, 
0, 0, 0, 0, 0, 0, 0, 0, 0, 0, 0.145084566596195, 0, 0, 0, 0, 
0, 0, 0, 0, 0, 0, 0, 0, 0, 0, 0, 0, 0, 0, 0, 0, 0, 0, 0, 0, 0, 
0, 0, 0, 0.573033707865168, 0, 0, 0, 0, 0, 0, 0, 0.0617977528089887, 
0, 0, 0, 0, 0.348314606741573, 0, 0, 0, 0, 0, 0, 0, 0, 0, 0, 
0, 0, 0, 0, 0, 0, 0, 0, 0, 0, 0, 0, 0, 0, 0, 0, 0, 0, 0, 0, 0, 
0, 0, 0, 0, 0, 0, 0, 0, 0, 0, 0, 0, 0, 0, 0, 0, 0, 0, 0, 0, 0, 
0, 0, 0, 0, 0, 0, 0, 0, 0, 0, 0, 0, 0, 0, 0, 0, 0, 0.0219646125686395, 
0, 0, 0, 0, 0, 0, 0, 0, 0, 0, 0, 0, 0, 0, 0, 0, 0, 0, 0, 0, 0, 
0, 0, 0, 0, 0, 0, 0, 0, 0, 0, 0, 0, 0, 0, 0, 0, 0, 0, 0, 0, 0, 
0, 0, 0, 0, 0, 0, 0, 0, 0, 0, 0, 0, 0, 0, 0, 0, 0, 0, 0, 0, 0, 
0, 0, 0, 0, 0, 0, 0, 0, 0, 0, 0, 0, 0, 0, 0, 0, 0, 0, 0, 0, 0, 
0, 0, 0, 0, 0, 0, 0, 0, 0, 0, 0, 0, 0, 0, 0, 0.255643685173887, 
0, 0, 0, 0, 0, 0, 0, 0, 0, 0, 0, 0.0219646125686395, 0, 0, 0, 
0, 0, 0, 0, 0, 0, 0, 0, 0, 0, 0, 0, 0, 0, 0, 0, 0, 0, 0, 0, 0, 
0, 0, 0, 0, 0, 0, 0, 0, 0, 0), .Dim = c(29L, 29L), .Dimnames = list(
    c("pb", "Anthocorid", "BEB", "Cercopid (brn)", "Cocc nymph (blk/orng)", 
    "edge mnr ", "egg on a stick", "Fly (brn/rnd)", "Fly (gldn Dolicho)", 
    "Globuli", "Lbb (many spt)", "Lf tier", "Lfhppr (brn)", "Lfhppr (fisheye)", 
    "Lfhppr (grn)", "Melyrid (gry/blk)", "midge", "Muscid", "Myrm ant", 
    "Paras ", "Phylla", "punkie", "red mite", "Syrphid (lttl/yllw)", 
    "T-dip", "Thec. aff.", "Thrip (blk)", "Tip  mnr", "Tip roller"
    ), c("pb", "Anthocorid", "BEB", "Cercopid (brn)", "Cocc nymph (blk/orng)", 
    "edge mnr ", "egg on a stick", "Fly (brn/rnd)", "Fly (gldn Dolicho)", 
    "Globuli", "Lbb (many spt)", "Lf tier", "Lfhppr (brn)", "Lfhppr (fisheye)", 
    "Lfhppr (grn)", "Melyrid (gry/blk)", "midge", "Muscid", "Myrm ant", 
    "Paras ", "Phylla", "punkie", "red mite", "Syrphid (lttl/yllw)", 
    "T-dip", "Thec. aff.", "Thrip (blk)", "Tip  mnr", "Tip roller"
    )))
