structure(list(sim = c(0.477439195928387, 0.478041748995483, 
0.473433393283415, 0.476339782477515, 0.471184649993415, 0.475954752342499, 
0.472590348710127, 0.480069272147074, 0.472063535363515, 0.475109894667734, 
0.47507515541514, 0.473455736688453, 0.473470534938713, 0.475266528337106, 
0.476588577369568, 0.481234495241292, 0.472180466279528, 0.475251457687026, 
0.475480856850525, 0.469109567862939, 0.482399506043762, 0.472666952773208, 
0.475386516214277, 0.472145452765017, 0.474054594836319, 0.473939719161383, 
0.472496451490774, 0.475076768062972, 0.477050421282058, 0.472666177247796, 
0.471476801874794, 0.470285196852625, 0.480524505394632, 0.481326731874229, 
0.477601514362035, 0.47508228565179, 0.468011014514521, 0.478681181261051, 
0.474892215162693, 0.473196612719838, 0.468783696114988, 0.469697918865905, 
0.472345535783327, 0.473365264772858, 0.477205151055382, 0.474925814394612, 
0.474026705992781, 0.471256082269019, 0.470684198190657, 0.475822404749367, 
0.475230431219611, 0.472327532432011, 0.47303653554212, 0.474353911705575, 
0.471289123612902, 0.464579581692709, 0.474189325461704, 0.476722400916038, 
0.471642386747039, 0.471116541151599, 0.475031131299186, 0.473903458798993, 
0.472706641770105, 0.472604314877274, 0.471232775423876, 0.47149980464303, 
0.473777455032829, 0.477297510021581, 0.470961701722452, 0.469949935802886, 
0.474771715282905, 0.47312981543349, 0.474209158616665, 0.470281305051948, 
0.477252508725854, 0.473034466200014, 0.484785156489974, 0.476028962991575, 
0.475535418399502, 0.472556199126167, 0.476353874599885, 0.469278615422139, 
0.474165486945079, 0.478426037653856, 0.473862337619987, 0.470962696922409, 
0.476121734620976, 0.486220354000537, 0.470524044122475, 0.47954518228817, 
0.466346437915122, 0.470168932334063, 0.473513138461022, 0.475749705250376, 
0.476220639338758, 0.478690595642844, 0.467937881246457, 0.472641100117198, 
0.478436123811355, 0.478754190625643, 0.47631682937126, 0.47752703039402, 
0.477209660322611, 0.473854517623396, 0.474211139910143, 0.472498247219369, 
0.480396439590638, 0.477644976027049, 0.47214401157957, 0.480860989878309, 
0.475985450959688, 0.475233057108939, 0.475305764988934, 0.474043601302336, 
0.475012547142863, 0.478939898106481, 0.474419197312091, 0.471761649150304, 
0.481493215290046, 0.476130283056193, 0.475375514194063, 0.474584001998714, 
0.477148847278715, 0.476014027812847, 0.47277791852966, 0.476317859615149, 
0.475702785760247, 0.477242528825265, 0.471685322615508, 0.477048058488417, 
0.474950716316262, 0.473352123628686, 0.476370301269169, 0.479793657063437, 
0.470227013011066, 0.477168253701827, 0.4758954398638, 0.477459170686873, 
0.476904296282177, 0.470039503055542, 0.469703950548989, 0.479347598772211, 
0.472516476300911, 0.474183873276172, 0.477547625740403, 0.479537588628337, 
0.47192897505042, 0.471626837216164, 0.47426134525702, 0.475274085150409, 
0.46894803537692, 0.476909828723141, 0.471473066093516, 0.477060881763955, 
0.470504213031583, 0.473216055193677, 0.475513484570074, 0.477246482844001, 
0.470935107645991, 0.468816420100404, 0.473150420130654, 0.476648707346546, 
0.468794120437138, 0.477482489518303, 0.471714702042188, 0.471677570781797, 
0.481422057046219, 0.473589620234903, 0.474358609089058, 0.475195153916832, 
0.472898393437418, 0.478196864167386, 0.472880065889952, 0.476341458842295, 
0.475326397101188, 0.474796189199919, 0.472252260797373, 0.468996561367857, 
0.470071230792863, 0.47535772070067, 0.474046498026845, 0.479847563075198, 
0.472714785927344, 0.479470215272031, 0.476375507825332, 0.472533001525558, 
0.475975250523551, 0.474644683179615, 0.47775802047731, 0.480338209290912, 
0.47029615973971, 0.478090273758693, 0.473753115750448, 0.47299391149064, 
0.475307885794904, 0.476398393315404, 0.471808362047395, 0.471860157523502, 
0.470896479489382, 0.473065590382248, 0.472540802700879, 0.47599533593237, 
0.4818773347784, 0.471872201866655, 0.478850556143013, 0.469764622273889, 
0.479601703160983, 0.473341812902413, 0.469897481027136, 0.470803144511595, 
0.4763534554792, 0.470792317335114, 0.470736281708674, 0.470183267373818, 
0.480019796266959, 0.479554674479265, 0.475603014453424, 0.473208101370709, 
0.474257470923841, 0.472647732457095, 0.476872508567291, 0.475506558413588, 
0.472776584191944, 0.473148909328634, 0.48091478628944, 0.466816407597343, 
0.478340095602506, 0.477381335725791, 0.472721979282785, 0.474968496817475, 
0.476139981777503, 0.476156811720314, 0.474089124924466, 0.478741650125731, 
0.476129089722901, 0.475119015373301, 0.472205305701721, 0.475770199303662, 
0.476398168674093, 0.477735577432941, 0.469584575674612, 0.469989187525942, 
0.472089819330331, 0.480006718610486, 0.474332123444194, 0.477481223070417, 
0.474909135677505, 0.470656153118168, 0.476668630123233, 0.475119573095078, 
0.471769202734219, 0.476620664936667, 0.479520051755012, 0.475203185437784, 
0.46984014943912, 0.473491273547996, 0.472831345596268, 0.475031044313564, 
0.47288146050764, 0.470823879233676, 0.47261695680433, 0.471883799824291, 
0.472166583908047, 0.466793804092984, 0.473093331758447, 0.47399775109649, 
0.472314889967992, 0.469115660341069, 0.46928982987256, 0.47400001517304, 
0.470785427544999, 0.473361293957428, 0.472036235406462, 0.474948193109016, 
0.481596399125039, 0.47053217218285, 0.475373028749444, 0.479064083255311, 
0.471613903587512, 0.477782488519786, 0.472200223685238, 0.476953912584796, 
0.475294569913324, 0.475954587167597, 0.477660259573946, 0.473782154001185, 
0.469838163572764, 0.472588249635556, 0.47902430832879, 0.481366470697163, 
0.478503513770414, 0.475110893252145, 0.480072953282575, 0.47440978161601, 
0.473807004439401, 0.472429748769051, 0.46799055295285, 0.475839390996132, 
0.474793975073849, 0.476580942705068, 0.476774718533123, 0.473865786550434, 
0.474189569156218, 0.480674566027441, 0.471939676339561, 0.472840494842154, 
0.46894414872047, 0.476357675670598, 0.479581594714275, 0.480337709878269, 
0.475187204069816, 0.472593307412329, 0.475982920151411, 0.473649529793259, 
0.476125921636755, 0.470418316147934, 0.475028435365912, 0.474798281344988, 
0.473966388707863, 0.4768579753182, 0.472779613436394, 0.474154713580969, 
0.474065927711892, 0.476573136027143, 0.474033580741574, 0.470416864663552, 
0.475806000000874, 0.474202726425122, 0.477436924377866, 0.476851721675722, 
0.477290320080037, 0.47395928193025, 0.475252614456198, 0.467641988878106, 
0.475085053870984, 0.47146297509764, 0.469644912912872, 0.476667055908609, 
0.480683150450818, 0.477838344205863, 0.47645645837456, 0.475054884709328, 
0.477629586044428, 0.470375885903208, 0.475678610404701, 0.482432627619947, 
0.474699993291693, 0.481436562068033, 0.477488346050778, 0.473227565640211, 
0.470606610656022, 0.468583165098276, 0.476602679025486, 0.473494417344028, 
0.478187242418292, 0.476739903671519, 0.479072973242844, 0.476755066474763, 
0.476895228222934, 0.472105225147856, 0.477109613702969, 0.479317635418729, 
0.477885597390384, 0.472000274696064, 0.47781914279814, 0.473837731002646, 
0.475070761060633, 0.477605882109648, 0.470923561920351, 0.475348396731965, 
0.474621738353067, 0.472996317705052, 0.477843781964305, 0.473486263725744, 
0.474656538721969, 0.477425891953174, 0.475827997801976, 0.477914645174919, 
0.470915995396525, 0.47435692796212, 0.465548586603852, 0.474652379044453, 
0.475705536898495, 0.475241759869391, 0.471230619513302, 0.472732544433935, 
0.466152517189543, 0.476250311014479, 0.474679266861529, 0.477553202699742, 
0.47087402798057, 0.47595019573892, 0.475461212131272, 0.476904795740915, 
0.475563519740716, 0.472901420934724, 0.472099035231151, 0.471517626853986, 
0.476558760981673, 0.469382763136975, 0.480625983973128, 0.480725675553047, 
0.474369240824192, 0.471803013765501, 0.476251212780425, 0.474473991907374, 
0.472778598572011, 0.474630337271716, 0.47210198011673, 0.476979669032111, 
0.474214676625898, 0.469531756490159, 0.475903737656581, 0.47665097480091, 
0.469902068792263, 0.475098692606117, 0.477024371765848, 0.476338489642509, 
0.475351535168073, 0.469234588171438, 0.476250971895862, 0.471779676584311, 
0.479110049914219, 0.47945819879813, 0.475698945368511, 0.475338592237546, 
0.474282713469582, 0.473299101251585, 0.472903417759843, 0.471845373761697, 
0.475641292402977, 0.473384122333146, 0.475760321610615, 0.475256026069166, 
0.475040529674652, 0.473963611825221, 0.476695420662652, 0.472927234437046, 
0.476946546953201, 0.472913405110005, 0.472683532389246, 0.477236163859985, 
0.475483633640116, 0.4711940381796, 0.475149023278686, 0.472340416524753, 
0.478257522057225, 0.478874862689262, 0.465338438857274, 0.474419247812159, 
0.476000555969077, 0.474497498181529, 0.474628681971848, 0.47402964050794, 
0.481423075029593, 0.474866368139573, 0.474065618349232, 0.471890477140942, 
0.474787931391896, 0.471276946642812, 0.471903544111601, 0.474373922692652, 
0.477309672040947, 0.472829517549122, 0.470025131908071, 0.470182628109959, 
0.482408808501114, 0.474142228220636, 0.475615989749096, 0.475377633313174, 
0.481332346454677, 0.481666976466226, 0.480332653165236, 0.471179580883912, 
0.472306745057394, 0.475740214317853, 0.475265016363228, 0.476052582770716, 
0.474839684672449, 0.478695135876821, 0.475972335908768, 0.474869203561026, 
0.475368680156612, 0.476948805426139, 0.477210905785401, 0.471601780623129, 
0.476304316885446, 0.476813574383228, 0.475843263163193, 0.47685556084271, 
0.476234703353043, 0.476294242934961, 0.476646170978875, 0.471643471983589, 
0.463515980209492, 0.477337554334362, 0.475928516743972, 0.476658142891511, 
0.4772489120527, 0.478056789513388, 0.477919388570362, 0.475955834201696, 
0.47689688666099, 0.476482450603183, 0.473209893755828, 0.475894218736824, 
0.471782467508295, 0.477220124675396, 0.468381354354164, 0.473865442619605, 
0.467942466824863, 0.472421847049858, 0.47255401001382, 0.474187122615777, 
0.472301466382936, 0.476068080816921, 0.475485829430071, 0.473474738451219, 
0.471715644518268, 0.47478619918694, 0.473858929566919, 0.475196973081061, 
0.474229167401659, 0.473411215876729, 0.471864301032386, 0.474998885385095, 
0.473630293640383, 0.473421883320862, 0.469600754640865, 0.475801461024301, 
0.4781655594465, 0.472409678596669, 0.473175090725244, 0.471091386482375, 
0.474088472040991, 0.46888009202522, 0.471146259214313, 0.47227774710724, 
0.476918551586065, 0.475579589123866, 0.474664964952376, 0.47948428187859, 
0.478891853840095, 0.474481578295956, 0.480560859936733, 0.470851532464068, 
0.466573933016018, 0.479510834512384, 0.473304294763603, 0.474426836964559, 
0.47822623494068, 0.473382688113832, 0.473689652970976, 0.474087654209756, 
0.476724172959912, 0.478118748732294, 0.482015377627059, 0.470943408271922, 
0.475881537035114, 0.471742661461733, 0.475730902414941, 0.480084666856116, 
0.47624340838482, 0.477149255426838, 0.475768604032163, 0.472361000617079, 
0.474100172815091, 0.471096586097734, 0.476958803716949, 0.470841373596322, 
0.475254595620171, 0.478729956183003, 0.473128623980001, 0.474367545993283, 
0.478983682990418, 0.478919932750686, 0.474906419461945, 0.471453864709646, 
0.471021336192997, 0.471304890983907, 0.473559597539181, 0.471590762470055, 
0.470615946016868, 0.472354208975472, 0.476469502841309, 0.471917171471559, 
0.474574172811623, 0.475496234444127, 0.477707179418814, 0.477673112880943, 
0.472999137025026, 0.478680187220881, 0.471286037686373, 0.480006980076068, 
0.471667524637181, 0.471733037282107, 0.478020523389179, 0.471358790370121, 
0.477762471825008, 0.477537987869784, 0.4770171708945, 0.477409303698148, 
0.472927552457715, 0.476662603389435, 0.476242310217042, 0.477464678104325, 
0.474815794309004, 0.478223239896964, 0.47695147553872, 0.471763363365088, 
0.475105206132222, 0.475897978324618, 0.481772806760309, 0.47323823608112, 
0.475908048898624, 0.472370391590206, 0.476783420668588, 0.474029757387484, 
0.477950976790837, 0.472392036792697, 0.473750816709178, 0.477693644438369, 
0.470028882040833, 0.480232128488892, 0.473417825667881, 0.471271938814744, 
0.475072221562623, 0.472135305652863, 0.474843858573203, 0.476275056009847, 
0.472544033010706, 0.479522941285604, 0.474201009448927, 0.478705020744107, 
0.471591028123651, 0.475309028833848, 0.47136995948963, 0.479444927716518, 
0.474407741208523, 0.476028844337021, 0.468661111342728, 0.470366159846995, 
0.469589238530835, 0.478634772368137, 0.472128670758177, 0.478787311331551, 
0.477256360051447, 0.472932441951986, 0.477189129684091, 0.472863542017203, 
0.478475698194981, 0.472099610145212, 0.475442520916244, 0.472157170387155, 
0.474255632481407, 0.474179335028283, 0.473157807835959, 0.475302886682826, 
0.472110601310085, 0.474656068123463, 0.47465162490573, 0.474533557844796, 
0.472094307712451, 0.479946414069159, 0.473933626175078, 0.473065725709583, 
0.471141205628508, 0.476055620367674, 0.473853363633866, 0.477693520852723, 
0.473970463030802, 0.473655077709283, 0.476265330798528, 0.470326998285582, 
0.473292789883725, 0.476699328615776, 0.476178790621317, 0.471367413924325, 
0.474400698247158, 0.472259548037971, 0.47488026567594, 0.468890904730032, 
0.475957755314215, 0.477922163034786, 0.468982732226268, 0.477005626530296, 
0.475520525807863, 0.481640410143704, 0.472477317759344, 0.473995697294977, 
0.475647216388446, 0.473891375809674, 0.475476629271557, 0.47258669324487, 
0.479905994495769, 0.478131791471404, 0.473702363587436, 0.473039504550253, 
0.47237679252673, 0.472561679439945, 0.475236387359861, 0.474544383564593, 
0.475588048767249, 0.478403343585981, 0.475910743710385, 0.473312916900244, 
0.472524280329946, 0.475886093421167, 0.468856626258705, 0.47380890764407, 
0.477878262581817, 0.473879547362361, 0.474091724645907, 0.475211744360264, 
0.478237633079121, 0.476213203208258, 0.477130186673423, 0.470496818051076, 
0.474386781237739, 0.473461937154535, 0.478430124579693, 0.474727010392417, 
0.473661428629568, 0.474590119477618, 0.474941748279886, 0.473144476002683, 
0.474198073976135, 0.474065424428488, 0.47160403771453, 0.475151481890531, 
0.477495341653207, 0.474828833119038, 0.474343127866548, 0.473150617049042, 
0.472389026413463, 0.474817368262165, 0.473242230345021, 0.47651025259791, 
0.474539173018295, 0.479783882173714, 0.476820310236163, 0.471893777977715, 
0.480468657447565, 0.4688043047141, 0.477201945948274, 0.480682455672944, 
0.476496377123758, 0.470789911385805, 0.475171932446593, 0.472171336012134, 
0.470510970016504, 0.480204808283343, 0.476717558409555, 0.475027521869413, 
0.472180652106793, 0.477259502772466, 0.480452276877584, 0.475402778381124, 
0.475295963749093, 0.47370264869151, 0.476121195859613, 0.477346900490145, 
0.476943275088365, 0.473076535460863, 0.471051817331378, 0.471643467136407, 
0.47405170740002, 0.474776711595648, 0.470692780024097, 0.473564631169727, 
0.473257937687563, 0.477328626238808, 0.472240631547075, 0.475528467969322, 
0.475912676371161, 0.47312560058915, 0.478186933166413, 0.473545010827248, 
0.471883781675768, 0.470867970533684, 0.470732833728992, 0.478521966220594, 
0.4813381700317, 0.472346628713563, 0.473960054624603, 0.474410891004046, 
0.470460089453413, 0.474714987896612, 0.472424404770862, 0.480529734829704, 
0.473472512196921, 0.472138470845097, 0.476346099306285, 0.478848825139818, 
0.474433290605751, 0.476955010942164, 0.476780473704576, 0.474530643285741, 
0.47764512194927, 0.468391686729401, 0.474516172120376, 0.476595401928554, 
0.471478494193527, 0.469801604259946, 0.464744389232573, 0.469292369370308, 
0.474955019920193, 0.480725774724228, 0.474776545972817, 0.476022403729626, 
0.476709042427573, 0.478605112300893, 0.47945308781111, 0.475080333527783, 
0.477000381409393, 0.477648599962867, 0.474926884415346, 0.472226742710157, 
0.47657786701937, 0.475319306957036, 0.476819641535808, 0.472815877942829, 
0.475715882183222, 0.472122244524886, 0.47415026928639, 0.473264025867017, 
0.481192332622812, 0.472021090054709, 0.474727939556447, 0.4813166972943, 
0.473450913861738, 0.47721627310835, 0.475784763008717, 0.470705208805015, 
0.474185740115589, 0.472385322300729, 0.476180164339667, 0.476015898107156, 
0.476462625987371, 0.471187201110714, 0.477457517249387, 0.475565080642176, 
0.474941601690341, 0.476728968276098, 0.472111631479681, 0.475380878919958, 
0.476007482588015, 0.478298306363449, 0.471751852951806, 0.477059487232443, 
0.476539179906455, 0.472344459185555, 0.483579604016526, 0.478902426559412, 
0.473011435570632, 0.478620114565094, 0.47748671336366, 0.474033633456618, 
0.474105735700292, 0.467019556696328, 0.472591749712267, 0.473560152911379, 
0.475369621267391, 0.475457537831157, 0.476209074924764, 0.471018934409413, 
0.471505342490547, 0.479143511379774, 0.477108291767137, 0.475586482814166, 
0.476232533498882, 0.479188479531431, 0.474850135627696, 0.469397340519362, 
0.471506428405136, 0.474780802509203, 0.471317514985393, 0.477728475731584, 
0.474669339263412, 0.472778727589225, 0.475551720627763, 0.47519495307249, 
0.470869917162144, 0.471621121304669, 0.47251294310701, 0.476153684576608, 
0.477113091847284, 0.478589183246401, 0.47165041027142, 0.470981081179405, 
0.47975410827886, 0.475373642830541, 0.470723049033702, 0.470895533798822, 
0.473336494472958, 0.471984387792222, 0.475400224825313, 0.476497768707984, 
0.475679151680021, 0.471828904373271, 0.475374224118781, 0.476530932097658, 
0.476155364163126, 0.474563497262507, 0.471500734782233, 0.471155053471062, 
0.476000490608086, 0.473786095143682, 0.473406597757878, 0.475556374225073, 
0.47695522038291, 0.479968826141221, 0.471913839892891, 0.469070762601479, 
0.473789993860281, 0.478316028842983, 0.475806372523384, 0.479740850540737, 
0.474631744590105, 0.473154319379704, 0.471080957682374, 0.476885299291293, 
0.47108597877321, 0.47010105212387, 0.475649216634638, 0.473008515999482, 
0.478070517891336, 0.478399271048301, 0.475470204250012, 0.475155311680037, 
0.471887631348785, 0.481049670865694, 0.477052868327235, 0.473217244305551, 
0.475890944322484, 0.473262059403878, 0.472709060759726, 0.481840861873445, 
0.471425071995683, 0.473536577571086, 0.472180029287273, 0.47520831283997, 
0.473723144221625, 0.472410832390887, 0.473129721554729, 0.478142541697487, 
0.47456877419749, 0.472800756349768, 0.472720358943911, 0.48041852896114, 
0.470785055463792, 0.477745215557877, 0.475990218829973, 0.474442112886521, 
0.475356974110583, 0.477642401553889, 0.476378331402782, 0.475460354024124, 
0.478114066506483, 0.476949987026966, 0.474098328906636, 0.473340512812319, 
0.478023802534916, 0.467796112727717, 0.475162369376542, 0.475155992628941, 
0.473909066643994, 0.476432090831871, 0.472682359600865, 0.476031276295525, 
0.470187660876013, 0.478476692958948, 0.472564987295402, 0.474481536564824, 
0.470154562774495, 0.475262265117378, 0.471012810171611, 0.475402692533746, 
0.475482578361297, 0.467246602292836, 0.472932590181167, 0.474854233323832, 
0.475666292588919, 0.472711034372878, 0.474770559228338, 0.473300574600768, 
0.473776489681167, 0.47683032581314, 0.4757257281692, 0.479082606427837, 
0.475177671267586, 0.474983492664193, 0.471135997046863, 0.474644699966908, 
0.474941778042963, 0.465421017767835, 0.471345064801572, 0.472453671509707, 
0.47440886260463, 0.471755359342777, 0.469776507006658, 0.474351660241325, 
0.472877204944879, 0.475454561688903, 0.472175721143144, 0.471802109440693, 
0.477270365160048, 0.476609948122356, 0.473144570802431, 0.47492611218702, 
0.471683569695969, 0.474617036648457, 0.472909070550786, 0.479137188426069, 
0.472550274374281, 0.476521594123589, 0.479338781740924, 0.469278803773568, 
0.471036645392536, 0.474162153685109, 0.476195628824834, 0.476105271644288, 
0.473915860231434, 0.468711968876833, 0.472187578199392, 0.475069108573454, 
0.473591987779599, 0.465936012774226, 0.47406650924198, 0.476453815285784, 
0.472939972509921, 0.470021274796711, 0.475608883275745, 0.469779251007255, 
0.472464498278388, 0.475138590945206, 0.473524484999639, 0.477197040136753, 
0.473358209034222, 0.475116463163957, 0.475936845017941, 0.476511401792256, 
0.472624112278183, 0.477538123572628, 0.477083357803628, 0.474254180356069, 
0.471933389495287, 0.473510133048512, 0.474692606512653, 0.475538057163808, 
0.474863647544839, 0.473546756839576, 0.461317352247784, 0.477122898446909, 
0.4764635429921, 0.472330561542435, 0.46665035991182, 0.480122504931261, 
0.475810233730374, 0.46961371053458, 0.472133277094934, 0.476853209983606, 
0.472206340382593, 0.476990971205487, 0.469184777677371, 0.475578769485574, 
0.478953628143501, 0.473744480321738, 0.471437382203719, 0.475443294831397, 
0.471416537541605, 0.47615333820857, 0.474403973376953, 0.476082583553735, 
0.47383420618707, 0.469597156407681, 0.472914826369429, 0.474928179505798, 
0.475175345297592, 0.475928963218109, 0.478377908631133, 0.475921294453957, 
0.472241177394677, 0.482517159851125, 0.476249897871033, 0.472557605075836, 
0.472972693726273, 0.470191769084083, 0.478547140440864, 0.469291840092559, 
0.47594773286011, 0.475563746362112, 0.471468483356997, 0.472806009740541, 
0.470276646255687, 0.470038444443152, 0.472899469416439, 0.478467461232422, 
0.466680152194876, 0.476244047879547, 0.474022291925581, 0.474943565664105, 
0.477945182381893, 0.47280538131822, 0.473950600564681, 0.47624260921672, 
0.477329019108628, 0.473738738349476, 0.478141358985289, 0.470988988929622, 
0.474081639524529, 0.475277974006996, 0.477519604616177, 0.473377375570642, 
0.469925439040011, 0.474377175911073, 0.47567470689458, 0.475096520196663, 
0.472225727384345, 0.470823035796134, 0.47634789928244, 0.474999404910618, 
0.477426236325627, 0.468219209474775, 0.470559602732284, 0.469893664368214, 
0.477271033277418, 0.473455188862901, 0.472301571158569, 0.473376595042351, 
0.473299642370295, 0.474714117055311, 0.476607663138614, 0.473981985553298, 
0.475714034383846, 0.474892519731176, 0.475931365582318, 0.474185995966733, 
0.471708777643626, 0.474325095764883, 0.475964870777001, 0.47993943307812, 
0.476810969981079, 0.47511759383683, 0.475874270847886, 0.473980609182084, 
0.470847645579523, 0.474776650676563, 0.472683710395256, 0.473838226794654, 
0.474789106383306, 0.468910507144706, 0.474761454615489, 0.478845739500766, 
0.474039948956223, 0.474441238817379, 0.484711281710636, 0.476942638634704, 
0.472792187775057, 0.474983120349281, 0.471094167889709, 0.475143226039898, 
0.47668477648844, 0.472313471969422, 0.474958685315058, 0.471774446113708, 
0.475519825385593, 0.473195320431612, 0.47924387074653, 0.477252068089171, 
0.473396456151102, 0.476654837782614, 0.469547474067186, 0.473697060516399, 
0.479056688555677, 0.475060262912186, 0.474104617334322, 0.473573843529086, 
0.472903813686053, 0.478502144888642, 0.476020935491742, 0.470154551115296, 
0.474196434825551, 0.474439257351634, 0.475742449296798, 0.471331123215707, 
0.479020494298477, 0.475725239645446, 0.4695058218765, 0.473854128105822, 
0.475103759237127, 0.477508959103093, 0.47608673805562, 0.472370831125995, 
0.479448913107472, 0.472465068386459, 0.480522142738077, 0.476163106825556, 
0.470899724291888, 0.474600357716329, 0.47683046486935, 0.47650283979161, 
0.477385966658147, 0.475650568839814, 0.474381410726131, 0.478499723669378, 
0.476141694454034, 0.469262057703009, 0.473807212886756, 0.479359731167869, 
0.473964748849071, 0.473827844854322, 0.472830677033395, 0.473661204034656, 
0.479239910222742, 0.47795397553106, 0.47985211225376, 0.476412869298255, 
0.471435230263496, 0.470631795404359, 0.471225575331787, 0.477156246359055, 
0.474398335725194, 0.477231310471974, 0.476508903374923, 0.47033813057914, 
0.474234480424835, 0.47550858551478, 0.474629461992103, 0.470238160934323, 
0.468213042158273, 0.474891670576659, 0.472469022432708, 0.476323810101287, 
0.47417926475575, 0.479166649200431, 0.473116812890412, 0.475087082722192, 
0.475200781769555, 0.47720754232566, 0.474974444876199, 0.472907983355229, 
0.467784706382434, 0.476432420276197, 0.474494731523608, 0.474110375740945, 
0.476282987987929, 0.477479769788048, 0.469385122328447, 0.475670311162817, 
0.478908393606838, 0.467803198353518, 0.473346223157255, 0.47529320809905, 
0.476650643350401, 0.476994461120464, 0.474786551514561, 0.472607939742648, 
0.47047342773341, 0.469862074037495, 0.471081309500595, 0.475932899770796, 
0.474288091178437, 0.464201495427268, 0.475381502807664, 0.468672561816143, 
0.473503266702233, 0.473446528605619, 0.474193030297065, 0.477680542307363, 
0.475486062210215, 0.474464518085524, 0.47401992711584, 0.470743695860624, 
0.474081250214793, 0.478027927220073, 0.471522351157462, 0.476393979013326, 
0.474649078153273, 0.47612268643379, 0.474942043059235, 0.476042864847759, 
0.475480985187339, 0.479151030096236, 0.474819330050335, 0.477499683955232, 
0.470959654860774, 0.474566866652958, 0.474508781070107, 0.475209956374948, 
0.474367971273466, 0.477376921991895, 0.475329637434514, 0.47331055928953, 
0.473596535493087, 0.473674626651433, 0.476667132326136, 0.473023697819545, 
0.472315904237089, 0.474204286100158, 0.476495132886094, 0.469188380581375, 
0.473060933482176, 0.478052441912582, 0.474679386024615, 0.472732879432854, 
0.468498082972403, 0.47244995930618, 0.472810234103558, 0.47414700712216, 
0.47821268334764, 0.474851953035963, 0.479089179443934, 0.473646695004828, 
0.472975155795783, 0.474717682981824, 0.47850067296201, 0.474688153731735, 
0.472858088248071, 0.478322574341508, 0.473022455857187, 0.47535808146658, 
0.474946380270059, 0.474524541097392, 0.475035978325289, 0.477039404098711, 
0.475928964757914, 0.4773989655406, 0.474992443329474, 0.479715435775915, 
0.4767153166373, 0.47342324919205, 0.472757133318792, 0.473752841050225, 
0.47651510963556, 0.474040050755652, 0.473858231876545, 0.477630622986853, 
0.477991101335518, 0.471482083391333, 0.472438979165162, 0.4752703785954, 
0.477561061240776, 0.47617286627106, 0.470987296541478, 0.470078410912205, 
0.473756926547396, 0.472408309408531, 0.481691548298014, 0.472257378303662, 
0.47570194826739, 0.478708916695752, 0.475094446682323, 0.478702069345969, 
0.476061809144231, 0.475038909226983, 0.477558106560804, 0.471047396816226, 
0.479540253042461, 0.477206236114467, 0.478751942012955, 0.466961004314561, 
0.470339396768991, 0.47474594532646, 0.474947763774319, 0.475147462768153, 
0.473086833415182, 0.478382104771895, 0.476549597324323, 0.477605770186859, 
0.477218205198818, 0.471596742078924, 0.47310747147907, 0.473059073019, 
0.474178086138807, 0.472846944315754, 0.471842694776255, 0.479120665895322, 
0.472723446890899, 0.473394262940239, 0.481448076877476, 0.475452615888977, 
0.476405457064396, 0.476496479710832, 0.475292346356242, 0.475801791715731, 
0.474044347507161, 0.476058962109259, 0.474399130291667, 0.477387471548432, 
0.471182858223592, 0.471262892984423, 0.474808121173463, 0.473117317928109, 
0.476091163519877, 0.478634324248161, 0.467313244466541, 0.474521863608963, 
0.479066514039218, 0.46755632698947, 0.477313848987269, 0.480199344182311, 
0.476626208166972, 0.472102506852427, 0.47221923589938, 0.470395058262476, 
0.474680839611273, 0.478923247044644, 0.472109474981474, 0.474531915976217, 
0.477452318167582, 0.475416507754048, 0.469775506890019, 0.478967611563586, 
0.471406603598578, 0.479120435054437, 0.477607757525425, 0.474641318003118, 
0.476756683496076, 0.478988329399436, 0.469629461433929, 0.474201481971481, 
0.461886791442629, 0.480132635743319, 0.477933532278236, 0.477897605471517, 
0.477438984812686, 0.474508184258856, 0.478624213797932, 0.47478173999811, 
0.472108236513535, 0.476660553664563, 0.473161617711812, 0.474285834788256, 
0.470876628112121, 0.472204758883431, 0.483832267376311, 0.47482993453719, 
0.480546607360855, 0.474274021260261, 0.475280648201977, 0.4721737449406, 
0.474328578129546, 0.473524527757733, 0.474669879676324, 0.473734209603229, 
0.471841271223723, 0.471617221703841, 0.472710578624623, 0.476371713372681, 
0.469339563074081, 0.47249716821539, 0.479236186210826, 0.469771021725745, 
0.474200929242627, 0.479341939691244, 0.472596529186264, 0.475186275005008, 
0.470306133058793, 0.469859014302586, 0.466774771299937, 0.475092093033687, 
0.47876111750603, 0.474369106477732, 0.476642192192603, 0.478735826393482, 
0.477129078161433, 0.47423102956222, 0.477267312200719, 0.473032177168025, 
0.478190590639885, 0.467769911245313, 0.474777749080062, 0.47733960486274, 
0.476699187049949, 0.47470808962099, 0.473820056817979, 0.476287809688677, 
0.476032774746334, 0.475013073357224, 0.476893793255288, 0.476486779003993, 
0.478369721744208, 0.473645707769234, 0.466552024838492, 0.480090489513101, 
0.478524306580152, 0.476182446668649, 0.470967060265143, 0.473264325842423, 
0.475886907028024, 0.471444723108191, 0.478884344518614, 0.473244755746753, 
0.472746169692129, 0.477981223080121, 0.469338953059177, 0.47498985511486, 
0.473370893138958, 0.47863296573171, 0.469778065525537, 0.478923294023178, 
0.472299526671932, 0.478355411210064, 0.475094764711532, 0.473308196122598, 
0.473280691357976, 0.482343490876029, 0.470244577812073, 0.472929591895602, 
0.475198052015006, 0.472022178891276, 0.471808106953409, 0.474675695218007, 
0.475299168963092, 0.47742961500453, 0.472461682698263, 0.477495575072061, 
0.477218545870497, 0.472919735125082, 0.46992315270079, 0.47750063170874, 
0.474738889029042, 0.477581998524984, 0.474358848350346, 0.472577949893018, 
0.475278860084713, 0.477825103250942, 0.473877415964434, 0.476261243069341, 
0.47329505209943, 0.472556109722245, 0.474944471563882, 0.478099743011054, 
0.475719805761818, 0.479078242033844, 0.479356017757398, 0.472723493044379, 
0.474173443272906, 0.475914466221414, 0.473847910430711, 0.475001426330543, 
0.473345236997992, 0.473660047403102, 0.476899356516556, 0.474506881020482, 
0.475444130356775, 0.477300052595351, 0.474610524239688, 0.482293886200822, 
0.476934168639226, 0.470853033054743, 0.476252397110257, 0.473272396440588, 
0.473642009071349, 0.4732906365142, 0.474892196915955, 0.477884605776881, 
0.474712999301187, 0.477164834334652, 0.468767798180335, 0.475665639097195, 
0.471844103081968, 0.47167439356376, 0.472615342649158, 0.473933842965662, 
0.470828285705871, 0.474624058586548, 0.472279201782902, 0.477910215368494, 
0.478003379029698, 0.477769577097151, 0.477435360759259, 0.478782534356899, 
0.473522158748551, 0.477375851193163, 0.475678432691576, 0.4742542186827, 
0.469098145544124, 0.471771156219333, 0.470506128523303, 0.471821918154157, 
0.469845504802353, 0.473146011278665, 0.476923119719794, 0.476028318782849, 
0.47369251237552, 0.474573063496184, 0.473867061190475, 0.472095634817412, 
0.471715982100472, 0.473861453292051, 0.478367299636631, 0.469134733196445, 
0.470903972253368, 0.477122366049392, 0.467189432150482, 0.472985074126274, 
0.47373987330185, 0.477152431876736, 0.472437433539993, 0.473574384070019, 
0.478843806835077, 0.475159350820641, 0.473449259888654, 0.474921446989173, 
0.470558093878235, 0.477692859339024, 0.473001370609318, 0.476966288152813, 
0.474940991558678, 0.480598524955506, 0.473286210748962, 0.473960127449928, 
0.47448187089539, 0.477433671645285, 0.470270435060542, 0.472126557922413, 
0.478943869314227, 0.476328017264555, 0.472318291824697, 0.478283285830946, 
0.478206324461828, 0.477657361812671, 0.478031823315748, 0.482147934324445, 
0.477909964248227, 0.4725931105278, 0.476865244258426, 0.475930083280648, 
0.473698214538151, 0.47080710073287, 0.473736572298063, 0.478638417498686, 
0.473813694487612, 0.467798878557367, 0.477363856367541, 0.470568386303773, 
0.476026230806709, 0.475926606162556, 0.473637623757259, 0.47286445591542, 
0.472370598406698, 0.47031344149808, 0.472980480042744, 0.470364689900436, 
0.472318539796523, 0.477595555281608, 0.47534811953966, 0.471499236848099, 
0.468782574898501, 0.47500507414492, 0.468642615105238, 0.46967856881864, 
0.473156074222839, 0.483381416035086, 0.466255673191606, 0.472607130888529, 
0.479468961617326, 0.474437081002254, 0.474622366238702, 0.474704455025708, 
0.478884332158564, 0.477498673761219, 0.476903613333305, 0.479111319971827, 
0.473560931302314, 0.474971894047859, 0.474689398456492, 0.475641381885208, 
0.476165058228616, 0.475157916504844, 0.474512949629924, 0.479881155194795, 
0.472086215606561, 0.475204901571253, 0.472637594921871, 0.477158115187333, 
0.478380004675936, 0.47388055544879, 0.468743975586199, 0.473220656055972, 
0.476015150732807, 0.477496449113144, 0.473854162848994, 0.475480443569244, 
0.475350525207501, 0.474184144095122, 0.484104062638547, 0.474158830595875, 
0.477737276729119, 0.472343299194866, 0.474451764308371, 0.473214647663313, 
0.468848250489527, 0.48059804889503, 0.47709128460305, 0.47101536527682, 
0.468849586684487, 0.476190759336488, 0.477316675703223, 0.473270236836107, 
0.477877707176602, 0.467519570469495, 0.476827864268105, 0.476740910067646, 
0.473898102832243, 0.476630246957892, 0.471824130130915, 0.474251785176987, 
0.475570435572198, 0.472241097913874, 0.471170707548365, 0.47536110669652, 
0.479411587691507, 0.475520430239908, 0.486133193551082, 0.470150926403419, 
0.477306511224891, 0.475589142811645, 0.475385090155963, 0.474403080495827, 
0.479679416627072, 0.471411006051811, 0.478916152706589, 0.477273900243628, 
0.476857534504399, 0.476985111556962, 0.471920520899142, 0.477050798047595, 
0.46883739028833, 0.476750275024991, 0.473508977675302, 0.473458646378391, 
0.478378837647869, 0.477702998642481, 0.472632720959087, 0.475100069861012, 
0.471244328512495, 0.467670609394944, 0.47890211469523, 0.47188244498939, 
0.472450727589405, 0.472509618604928, 0.476940117492026, 0.476452294739347, 
0.474893740273646, 0.473330856660962, 0.471006375988075, 0.474787454891944, 
0.47179791794097, 0.478179396292643, 0.474537893474967, 0.478489407930006, 
0.478798991643673, 0.482027586387369, 0.47103915272843, 0.468837204486503, 
0.473313920633993, 0.478237849005946, 0.474416726678893, 0.468742399760325, 
0.471809180908012, 0.473075196961422, 0.473781180208763, 0.4753363121145, 
0.475197142066441, 0.479817070097007, 0.477278867818725, 0.475546354333609, 
0.479653224941723, 0.472626362227595, 0.477284015319024, 0.477105743337247, 
0.474375824243001, 0.475228875554582, 0.472008292995161, 0.471556635965411, 
0.472208448728016, 0.476468318840574, 0.475878589460501, 0.460508590129038, 
0.472456901631479, 0.475094004566211, 0.482904075160395, 0.477967109628328, 
0.470023822242307, 0.476814282061119, 0.474287173066377, 0.473925480885614, 
0.473161170387591, 0.481224163634358, 0.47201475005397, 0.473786668619937, 
0.473760934454089, 0.474923012076345, 0.476273170454122, 0.477592301383181, 
0.472869082351325, 0.477619034497956, 0.471267529370194, 0.474549783730591, 
0.473501523600037, 0.473113384347955, 0.473577653855015, 0.474194866340323, 
0.469702450119144, 0.470518029706235, 0.473838358486256, 0.47255727291708, 
0.471162530565949, 0.472175382252301, 0.474005369877523, 0.477760404095198, 
0.472571839238842, 0.476086096597844, 0.479718956531328, 0.475896819511747, 
0.476619789981422, 0.476920724037143, 0.473751290868186, 0.474196176460675, 
0.474522269930009, 0.472148676819568, 0.470496647165261, 0.470824498891617, 
0.473724880148745, 0.47575638901736, 0.471040296533613, 0.47090530402805, 
0.478381246295421, 0.471103733242602, 0.473899390704835, 0.475835968423099, 
0.478571835397537, 0.474262539483237, 0.476216814966331, 0.475051398472718, 
0.471742991454636, 0.46944387988769, 0.477549006903228, 0.474408379749106, 
0.475115838567651, 0.472751386844658, 0.479217738923607, 0.477735478567149, 
0.472774996673461, 0.475074001710813, 0.472446017763491, 0.476384075823919, 
0.473543020126091, 0.471421546358841, 0.463865566748869, 0.476625278117463, 
0.47606317761206, 0.472760188279728, 0.477737989695227, 0.471770713120278, 
0.476856467378415, 0.477156965891594, 0.477337265079716, 0.474436005423674, 
0.477413261802639, 0.469951888777107, 0.474815244274917, 0.476722878179198, 
0.47305623757229, 0.47815043113827, 0.478047267673267, 0.473607361320128, 
0.471471655686757, 0.473237676994567, 0.46831856731497, 0.474816229794866, 
0.472485075720147, 0.477825934040537, 0.476435280768218, 0.470862151434354, 
0.477327264930539, 0.473894849717231, 0.472767211541679, 0.468243021352912, 
0.47399366480776, 0.476050286347578, 0.471645143183018, 0.477491602834571, 
0.475559817329944, 0.47696033693255, 0.477822425543076, 0.473565868633678, 
0.473761214221952, 0.476330199629759, 0.470941836263832, 0.476193757612071, 
0.472377790004964, 0.475493769915078, 0.475067779860743, 0.475697913294771, 
0.473336772619247, 0.470855326496831, 0.476814768108481, 0.475971574418261, 
0.470908373514317, 0.471791669805141, 0.473339790052876, 0.474294377084372, 
0.480747844749798, 0.477080075966711, 0.47443260385024, 0.472860645691983, 
0.477920578251552, 0.470902127623228, 0.470825873495485, 0.475923999601984, 
0.475241776766742, 0.471408874058187, 0.472044352193324, 0.475580209552446, 
0.472325591341872, 0.472821648152678, 0.476650947099576, 0.474163601227331, 
0.476372447738973, 0.474005312240789, 0.473562717092083, 0.473667025158214, 
0.474905482515932, 0.474049310957923, 0.473234699600618, 0.477933553696586, 
0.471762193471495, 0.477233828195115, 0.476025660735929, 0.475382650997971, 
0.469236615514645, 0.474816444956915, 0.474458534971161, 0.468154405284684, 
0.4712919883991, 0.476463829692193, 0.475373918073125, 0.474778297782979, 
0.47404097566912, 0.472026724983925, 0.477949104547108, 0.470293653407979, 
0.47868580221236, 0.47462160914029, 0.47454846847491, 0.474758257322647, 
0.475319197671973, 0.473973592162266, 0.471751153774499, 0.46770142481746, 
0.472735567776314, 0.478657483559837, 0.471863246789352, 0.475420430828144, 
0.476515781280026, 0.477735646367644, 0.472429031733312, 0.477138235579235, 
0.477818281644889, 0.472141677198174, 0.472518816973796, 0.473885683609558, 
0.473897431413764, 0.475932104757677, 0.476359195373929, 0.47570196011393, 
0.473993530552707, 0.475592045492572, 0.472114739513198, 0.475238048576755, 
0.478597238965625, 0.472590622308444, 0.475769615648749, 0.480921878321687, 
0.478017453494634, 0.474446035599275, 0.474134443494513, 0.461843787305472, 
0.472704807258281, 0.471503724417172, 0.478747620512074, 0.477056847317996, 
0.474035190855559, 0.4753188154638, 0.475606470126515, 0.479770439784785, 
0.477957330843061, 0.481816553958106, 0.474631860937089, 0.47776261064215, 
0.474906021229293, 0.469513720287664, 0.474722655236927, 0.470018230620633, 
0.475939405349378, 0.476714858956356, 0.479013023872088, 0.473455372614771, 
0.477786481553361, 0.477281547897749, 0.476927031355158, 0.48078928061144, 
0.473336988324506, 0.476571746824015, 0.470665739283326, 0.476203248381342, 
0.477612059128134, 0.475268742219658, 0.474436394588275, 0.47876224186753, 
0.475435628234402, 0.473104986812802, 0.472782138663039, 0.470041692995469, 
0.477525958990262, 0.474399299327653, 0.477560284396018, 0.47357697008369, 
0.471446597274419, 0.473964660602473, 0.473142688109941, 0.474548450901441, 
0.473777069804331, 0.472525390972381, 0.474789293113007, 0.470033637655316, 
0.471484262718857, 0.47623271744317, 0.477154422450292, 0.474910330743081, 
0.473878611045036, 0.471990729981818, 0.474964440746236, 0.475469742138742, 
0.472988294619612, 0.475462114779234, 0.470612273589302, 0.475730691842707, 
0.47339191909832, 0.475194237166841, 0.472298210723424, 0.47190203441801, 
0.474994594111227, 0.469210051397668, 0.478478756052085, 0.47219826119007, 
0.471221831471633, 0.473333201038212, 0.475517844815971, 0.472443808779506, 
0.477673730721619, 0.473249420550808, 0.479224843815113, 0.473452123033461, 
0.477833358164104, 0.474996253806639, 0.477189145742527, 0.474140882771117, 
0.471006668520316, 0.476660611187152, 0.470289538377807, 0.474367104179921, 
0.478020041621055, 0.482283730834648, 0.481353404636674, 0.469629246144539, 
0.473394730685798, 0.472213525706072, 0.473780058497302, 0.472849122588541, 
0.476565965125834, 0.472018883868594, 0.47577119827107, 0.471965666126511, 
0.474730681845988, 0.4761686359455, 0.481116103046668, 0.478476182893582, 
0.481514098044116, 0.473797931889944, 0.471869557193212, 0.475426531933571, 
0.467655808005245, 0.471331883736154, 0.473531654510762, 0.477876659264191, 
0.477782358178062, 0.47232843368036, 0.479453505079308, 0.476136447256871, 
0.475971239620272, 0.471454469273337, 0.475393631918297, 0.473961365469083, 
0.473778458602443, 0.475581243528144, 0.471486879547617, 0.474280684758584, 
0.472790120057189, 0.475115115137302, 0.476216720971772, 0.472572220904625, 
0.474979363363457, 0.489274777764141, 0.471983702998075, 0.469788813849443, 
0.473405491969025, 0.476659780112744, 0.482758439138674, 0.474932397703012, 
0.475959766032001, 0.472762114424021, 0.477068458832422, 0.478262338493466, 
0.476996387804245, 0.472424524063707, 0.468326150404818, 0.480680963540852, 
0.473829650059556, 0.475447548238774, 0.479656733335853, 0.471804020492818, 
0.470345612940989, 0.476872589689012, 0.475555896402684, 0.476288656760305, 
0.47198734951113, 0.473483183808507, 0.474156214344856, 0.476112034764798, 
0.478717742646219, 0.465997827936954, 0.481911606278588, 0.478276619959797, 
0.472683698853299, 0.474070066542682, 0.474305548136747, 0.473749816203209, 
0.475060418816717, 0.477135622909832, 0.477115128561188, 0.472993108367394, 
0.473956297667899, 0.469689896865396, 0.472938736737928, 0.477215778149114, 
0.476515807542975, 0.481615579668212, 0.472397096983975, 0.477966023074424, 
0.472098829949691, 0.474204930129267, 0.475477660408064, 0.472595391116751, 
0.472177047513946, 0.470675654473866, 0.473465786172399, 0.475285019441882, 
0.476232534630064, 0.473909851585758, 0.469148816034898, 0.475876241287113, 
0.472655054080661, 0.46903371501532, 0.475860428741618, 0.473688792401711, 
0.477170978396416, 0.475120679784575, 0.473722550890689, 0.476884000619899, 
0.473143213917216, 0.475047361220771, 0.478857282520429, 0.472353508745782, 
0.472036817812251, 0.474370946620473, 0.477478572088788, 0.477138838124073, 
0.477674161932606, 0.475558365506106, 0.47498452327161, 0.475484254844807, 
0.472783520959947, 0.47462314276563, 0.47515872272238, 0.479076933294244, 
0.470236539364308, 0.477652664348082, 0.471025934819559, 0.473818888877881, 
0.478910395980608, 0.480449169214068, 0.470109794484418, 0.473147664525268, 
0.471508790018034, 0.478887298686828, 0.476421571819758, 0.478573757038594, 
0.473863399567183, 0.472112467771386, 0.477049038978222, 0.476848121085852, 
0.469892256536244, 0.474971905404249, 0.466631699529092, 0.473217285773571, 
0.473046351339172, 0.472081909861719, 0.473518695814882, 0.476203032378209, 
0.472969572589185, 0.472171821845001, 0.472673376739263, 0.474056765381649, 
0.477133661923348, 0.48092764329455, 0.475639403360096, 0.474713830977927, 
0.475120121168955, 0.470092614440058, 0.480102020412055, 0.471899355489534, 
0.479248296152609, 0.471514586238548, 0.47707319557293, 0.471716313797073, 
0.471974131776715, 0.475278265694451, 0.477099990518385, 0.469716378481856, 
0.479778551558569, 0.474704795023983, 0.473610472112221, 0.470560248802071, 
0.472854163739879, 0.472741433640973, 0.473076598325555, 0.477247283061642, 
0.467276142355222, 0.475380741456207, 0.473598721012183, 0.473337829191095, 
0.478753897979152, 0.477621247133882, 0.475824537472221, 0.477102678140567, 
0.477987293998845, 0.47613926177796, 0.472884418513589, 0.468742650587554, 
0.473581989272908, 0.475806326150748, 0.483483631977307, 0.476941479317551, 
0.476762841345047, 0.477295425656223, 0.476658712516853, 0.473389586604553, 
0.47322951655755, 0.477127313698265, 0.476595647046493, 0.472761420629103, 
0.478006564358787, 0.477213388138696, 0.47132839249147, 0.477921446818719, 
0.471773952910231, 0.47402436309384, 0.479013363432764, 0.477612637454488, 
0.478240383847495, 0.467750500622929, 0.470277125973375, 0.47225522234908, 
0.477353663430484, 0.472615344928571, 0.471558532549247, 0.467526919377338, 
0.472359823275559, 0.474389751356713, 0.468421897509686, 0.473936013819206, 
0.473802236967764, 0.476517379030512, 0.47190417020295, 0.478012010776731, 
0.480657493489107, 0.474716850197657, 0.473910491393825, 0.473497689709131, 
0.478239664683633, 0.474021358943823, 0.474704929940201, 0.475211433082488, 
0.47476924811027, 0.473259558251084, 0.469131992062598, 0.475886151482779, 
0.477734711794864, 0.470884563835825, 0.470957108230771, 0.477123851968186, 
0.474473378654371, 0.475334017258842, 0.474046406034729, 0.479237922884317, 
0.475671015001798, 0.47620136058736, 0.482396008880933, 0.472706789085853, 
0.476452761237666, 0.473618282245197, 0.479114615840178, 0.477413943378881, 
0.476491411343467, 0.47248696812131, 0.474026384431677, 0.474218345674513, 
0.470298692772577, 0.474821753225443, 0.471253746891701, 0.473459913998426, 
0.470557696841522, 0.479568071682167, 0.477005790713182, 0.471900161560982, 
0.477436827612025, 0.468755775640765, 0.474083088027955, 0.476173014740082, 
0.470083438207269, 0.469424807366335, 0.472229989597462, 0.478059952851788, 
0.478169459181836, 0.469222510015066, 0.468739840119528, 0.475830993502919, 
0.471919602093727, 0.472498238586254, 0.471787445317936, 0.475104902641717, 
0.472540223853603, 0.473841650624555, 0.476562886130522, 0.47328921511685, 
0.473659791704752, 0.474997917445242, 0.475544262245259, 0.481028182041158, 
0.478006822029852, 0.476239164573321, 0.47167817948903, 0.47897351305677, 
0.4777361099613, 0.468032014040255, 0.474826811014563, 0.476528404355627, 
0.47303068935702, 0.473525738120527, 0.475578273672907, 0.477721298116199, 
0.472024850655293, 0.472627654609928, 0.477216776492526, 0.476335730019419, 
0.474295152466824, 0.474784323245978, 0.475128128646011, 0.475336446778868, 
0.474355610562191, 0.477542852577835, 0.474438050316253, 0.471946775047835, 
0.477091212034863, 0.475595041226761, 0.471593503963106, 0.478409009895266, 
0.478203241008504, 0.474582352063256, 0.473768965399474, 0.47620890240381, 
0.473019067963657, 0.474203820083061, 0.471600976220397, 0.477137837615278, 
0.472503489919138, 0.475721691149558, 0.47846201330099, 0.472411650110063, 
0.474135530044104, 0.474606686012083, 0.477840183782738, 0.472372089956084, 
0.472961251467602, 0.481757247269327, 0.474048883502008, 0.476897109697542, 
0.46935507579966, 0.471357862605833, 0.474896374003319, 0.477468434450692, 
0.473362376026463, 0.484246578216881, 0.478506486033393, 0.47189419705552, 
0.462997982929753, 0.474517089126239, 0.475202846048007, 0.476700871855971, 
0.475028122598843, 0.475819907106972, 0.473666248343656, 0.47403152021005, 
0.480133055355099, 0.475469175892482, 0.474137490349485, 0.468706534863714, 
0.472330024884608, 0.476207923299847, 0.471067448944073, 0.474661475486497, 
0.475212279335094, 0.473554983851374, 0.476419452244348, 0.479324594836029, 
0.469502630595719, 0.471513568011724, 0.471611644409517, 0.477076559146026, 
0.474572891820219, 0.475713210250314, 0.469590413508555, 0.474962322794945, 
0.472519428544915, 0.477545722460999, 0.478126731432285, 0.468867299940286, 
0.483421487815647, 0.46949381042621, 0.471615613312802, 0.469807451673704, 
0.471413075774762, 0.476313023888055, 0.465102676526208, 0.469843436264639, 
0.475762361189805, 0.472699338309492, 0.473560443281801, 0.469309554600761, 
0.474494258632669, 0.475942342335497, 0.475337087342905, 0.46760497293764, 
0.472841132884282, 0.475697573479786, 0.474512346548915, 0.469931840302925, 
0.473500805343577, 0.474559654914806, 0.472723206653355, 0.471155479997688, 
0.470713328656736, 0.480151605430369, 0.475653502547524, 0.472827504485629, 
0.473044734097657, 0.472436962736016, 0.473084248188636, 0.479637305650696, 
0.468823870024805, 0.478927991367617, 0.471888807930924, 0.473235653725675, 
0.473822633019825, 0.469737316491957, 0.47026816346541, 0.474725129771804, 
0.47354129606162, 0.477317750814005, 0.481111643126153, 0.479411894430765, 
0.470159184039556, 0.47074534422973, 0.475677385304057, 0.478325854693604, 
0.47593370182612, 0.47472182799285, 0.470663702093319, 0.483026116383398, 
0.473497411103502, 0.477326293570501, 0.470934551009314, 0.470654334353119, 
0.474478771888332, 0.47238497800494, 0.479825341227163, 0.471757646693878, 
0.47426279379829, 0.473466900981364, 0.47827208797645, 0.477026446844927, 
0.47120194858244, 0.475141798393909, 0.471916018273224, 0.474554257698805, 
0.473141527054877, 0.478356629065576, 0.471293740301665, 0.47735380679512, 
0.472832430786135, 0.475441874951712, 0.473907735258289, 0.474377788220324, 
0.478524324784742, 0.474054876194265, 0.472543347652125, 0.469095620248723, 
0.479560570206496, 0.478177543952028, 0.469123393557948, 0.470451226447585, 
0.471911525896407, 0.470604518427498, 0.474069403393979, 0.47135241238365, 
0.476956848795733, 0.476495392039805, 0.472291700440801, 0.470809732901641, 
0.473112803631732, 0.476366554951919, 0.477515911750296, 0.476403167307949, 
0.472512520988481, 0.477348844936098, 0.477027988507249, 0.474082904896377, 
0.474138387733202, 0.473329920705643, 0.474633934429211, 0.474367709896904, 
0.483684129841958, 0.474833941354701, 0.47461963437166, 0.474061837934168, 
0.473818101733493, 0.478593413386895, 0.475334080789789, 0.475945652627846, 
0.475443937790432, 0.474068381660501, 0.47191706446295, 0.47522364151275, 
0.473884240566459, 0.470370900649711, 0.474181407455579, 0.469255449294975, 
0.467511581376465, 0.474152070250445, 0.474504778611708, 0.47839952192248, 
0.478649005412329, 0.478075165620946, 0.480203135849725, 0.47862240090968, 
0.477067837353609, 0.47858269882856, 0.47392206127773, 0.46971043888644, 
0.473808758568842, 0.475970206389119, 0.473617947405003, 0.468377837032647, 
0.475744293813182, 0.47638053515419, 0.47520203273913, 0.476041376298458, 
0.47369494813394, 0.475507400527265, 0.4763693580383, 0.47245302513584, 
0.467806251306691, 0.476548659574727, 0.470323217789073, 0.471436181164355, 
0.472085693863732, 0.478298315868241, 0.47844433091642, 0.47255654389639, 
0.474573441277793, 0.476562846264772, 0.472173665198645, 0.477049170148656, 
0.470777793626204, 0.480021933943881, 0.473084705377353, 0.477718817176375, 
0.474133989414301, 0.480179289693869, 0.477992431274918, 0.475366215955607, 
0.474540756505816, 0.471945279067962, 0.472027882325801, 0.472899774546814, 
0.477366275244966, 0.477383572377441, 0.474949614604417, 0.475227766768206, 
0.477693704977963, 0.475477967678605, 0.479330284081793, 0.474606149572542, 
0.472152960674602, 0.4683540421808, 0.470126123985276, 0.470749966108108, 
0.479599593173105, 0.474732389690411, 0.471276800474244, 0.478409084895579, 
0.475721308812347, 0.475523494029681, 0.473740799636872, 0.473925212876647, 
0.46927826069615, 0.468688794496814, 0.476801141502532, 0.477563152419297, 
0.474264593913111, 0.472877374846958, 0.475264669164141, 0.472105522137169, 
0.473369777011207, 0.476634294725459, 0.474168425792862, 0.469871430254149, 
0.478805803118324, 0.475361567157881, 0.472454555140722, 0.468484025165235, 
0.474161811759766, 0.472870344290629, 0.474081738706616, 0.473986962614323, 
0.476439474440196, 0.471177994349233, 0.473580467558101, 0.470636397567559, 
0.473539598250662, 0.476189346019356, 0.473141632434279, 0.478846103814767, 
0.472234573818978, 0.475079446603923, 0.47527840997901, 0.473762466812204, 
0.47364761190541, 0.472552682956695, 0.47602437591942, 0.474091519516393, 
0.471532376176524, 0.477865277201676, 0.478298159868959, 0.477165108075321, 
0.477433534989975, 0.473986848257327, 0.468289315941469, 0.474551259617946, 
0.472781867364534, 0.480645893138242, 0.472023967666738, 0.47478259376064, 
0.473912459791275, 0.476413384816086, 0.474013183123594, 0.473130478087723, 
0.476365105617835, 0.480190881807808, 0.479238873349515, 0.480538324847154, 
0.469369350311746, 0.470578146768938, 0.474267063361088, 0.476725196253517, 
0.471956074594996, 0.476743831751879, 0.481805973135675, 0.470686516805913, 
0.47537182592129, 0.476112105988216, 0.475293285041257, 0.469359994963892, 
0.467363140747813, 0.471148513027639, 0.477846130254512, 0.473360428399522, 
0.477747484007108, 0.477056302378843, 0.473534160584454, 0.473210189347853, 
0.477452924234746, 0.471466737778492, 0.472000124098063, 0.471856433262884, 
0.477567219596062, 0.474320566227777, 0.471407136641736, 0.469828852116248, 
0.470058651255399, 0.472876312477425, 0.474614179902583, 0.477890619315929, 
0.471673196364833, 0.478232218379892, 0.477394059410345, 0.473707345688997, 
0.472798318834829, 0.470198246417782, 0.474611554796516, 0.474268335881107, 
0.472635702237782, 0.474860379585621, 0.471853380412799, 0.478664273409417, 
0.479894724592997, 0.477488909315934, 0.469716938253239, 0.473499637104992, 
0.474543246264366, 0.473958009966406, 0.474873143696962, 0.474634397778404, 
0.473194786858904, 0.472142841934162, 0.476503480784848, 0.473436165945788, 
0.470469937195072, 0.470620941740134, 0.480079878681107, 0.472600561498106, 
0.478005198818575, 0.475204225433087, 0.477436451052908, 0.474719413420204, 
0.474729835329433, 0.471542549404447, 0.474142397659651, 0.476879816189895, 
0.472428580301387, 0.479187247857105, 0.468238089403716, 0.472794795719141, 
0.467866892104583, 0.469429666723617, 0.472697152929168, 0.472373024705129, 
0.472671380638963, 0.471538171180563, 0.477977311689218, 0.4760531787008, 
0.477071175153023, 0.471380035608334, 0.478120751414237, 0.47734288036057, 
0.480674291075953, 0.473412544898339, 0.478697463211679, 0.469450675921765, 
0.476453002213585, 0.472175440327147, 0.471673135732327, 0.476253595235164, 
0.470869545815775, 0.471467414638644, 0.473109094601978, 0.479247989247884, 
0.476850294803949, 0.478778916083189, 0.469041279894544, 0.469101348886099, 
0.479515994713641, 0.478711336356225, 0.4726191156389, 0.472487307919441, 
0.475777427293001, 0.474362313504401, 0.472059982432132, 0.473283571216052, 
0.476105889504053, 0.468824478531123, 0.47207277483454, 0.46835407316101, 
0.470791751693946, 0.474197184502181, 0.47268699490178, 0.476064950556657, 
0.468133886407907, 0.474927811202695, 0.472139243291538, 0.476490873415513, 
0.477220258451057, 0.476346914075915, 0.477142452236127, 0.479852594292254, 
0.46985713081559, 0.469311260029445, 0.474507624718177, 0.473338325223345, 
0.480114907191999, 0.471630133426478, 0.471946173278999, 0.476537541106978, 
0.472476555417463, 0.47606665165787, 0.473948748787977, 0.479096809065364, 
0.479557348963685, 0.476493786387898, 0.478252454725737, 0.474554980793231, 
0.474667693812725, 0.481295655038757, 0.477446359316763, 0.475936408678732, 
0.473238951032356, 0.474740560907738, 0.471536850079538, 0.478813547218222, 
0.479967706711576, 0.47820037149913, 0.473900855623588, 0.478162670503475, 
0.477353941411226, 0.475384119967418, 0.473153459441274, 0.469746176852275, 
0.47309677594466, 0.474699889972589, 0.477267212744998, 0.472986031363033, 
0.471792732925292, 0.477073915746813, 0.474821881013885, 0.474436368690721, 
0.464303329019979, 0.474553301292077, 0.473061329780096, 0.472650196493509, 
0.472978086943013, 0.480338262854893, 0.468476059563179, 0.47361720691401, 
0.4741847827007, 0.474898647191861, 0.47101329547354, 0.475140860758137, 
0.475506824815567, 0.468841751416128, 0.472763639403128, 0.474217329971473, 
0.473662618833194, 0.471091691930807, 0.472712191401415, 0.474982212427086, 
0.474771755057104, 0.469716272430191, 0.47646876970283, 0.474090763378802, 
0.470748921569217, 0.473868815085635, 0.472894863899533, 0.476073927356365, 
0.471726751948012, 0.47771751229332, 0.476152778030213, 0.468590209533988, 
0.47296036975369, 0.474272113074251, 0.468891113302558, 0.469075732333413, 
0.475546372281077, 0.478919214482634, 0.474499566586887, 0.478322267370141, 
0.474277920074576, 0.476109091322732, 0.475925410769921, 0.473624199579664, 
0.47316550739455, 0.474235480148305, 0.477803755799844, 0.467964246983554, 
0.471078375191036, 0.469634090866069, 0.475446915790444, 0.478511345919862, 
0.469998812633999, 0.471154399919982, 0.482830296021944, 0.483897393763686, 
0.471767017340341, 0.475849062559818, 0.480020183147496, 0.478539830305154, 
0.474196020440538, 0.471541923856384, 0.474914490972688, 0.475113052002366, 
0.474527511328461, 0.473976151908186, 0.462696951240158, 0.479471356163066, 
0.475620282190467, 0.478203127808663, 0.469862873786905, 0.47710707353067, 
0.470957791307211, 0.470296232593267, 0.472638768642238, 0.480188598673421, 
0.476643813933178, 0.466289163015754, 0.478243354627141, 0.478095677487413, 
0.481757113166923, 0.472900978887861, 0.473499614648394, 0.474663578469917, 
0.470831316933601, 0.474612784127361, 0.472649837734521, 0.47459838780584, 
0.477130466440739, 0.474404889729156, 0.471494634458759, 0.468776072365452, 
0.475246805793784, 0.476758623761264, 0.471684223082636, 0.475850833630743, 
0.470654738714514, 0.476005503834485, 0.47276349662267, 0.47394605523167, 
0.473748573967058, 0.475771863646673, 0.472407553283088, 0.478577172285014, 
0.474154765797412, 0.476002845146897, 0.465763236575213, 0.476322837224625, 
0.47455942088587, 0.47754367640403, 0.473480384779625, 0.476118773109392, 
0.471918666639311, 0.472324784042784, 0.475608706844089, 0.47387147239183, 
0.469358256500149, 0.475926838692934, 0.470876519395905, 0.476839954901132, 
0.472726436409089, 0.476565822315663, 0.480386481736982, 0.474442320907069, 
0.478286120131773, 0.468203387190871, 0.474759871312509, 0.473608990846438, 
0.474106899389358, 0.473183301341642, 0.46967663322687, 0.478084366346138, 
0.478887443628481, 0.476417248375726, 0.480830606808611, 0.475089712420373, 
0.47557222939862, 0.472969183179344, 0.468927920366413, 0.478572232426314, 
0.47747948092574, 0.479105000747081, 0.475108792309098, 0.476427173391355, 
0.471462312345376, 0.472725683317075, 0.476826080244126, 0.471099911536644, 
0.478340719961367, 0.474332004959733, 0.475192353468184, 0.46999829456168, 
0.472151184035502, 0.478026700110822, 0.468221829300811, 0.475088828541129, 
0.479569275645829, 0.47134424184141, 0.472288718151082, 0.477824555493529, 
0.476942665492695, 0.473936211316466, 0.469473081120131, 0.473218427385575, 
0.477516142762726, 0.473382545586599, 0.478146260206574, 0.476759844199897, 
0.473326087639527, 0.475552117582307, 0.474343879829359, 0.479484763254512, 
0.468525835022814, 0.473222283083611, 0.475504353002669, 0.477154107121687, 
0.477836075662402, 0.474713422924762, 0.474332785560813, 0.472744084222565, 
0.472696078281682, 0.473495272029764, 0.477606152003562, 0.47424268046165, 
0.476157808659901, 0.480556004993303, 0.474848207317225, 0.475071713741538, 
0.473765982695015, 0.474483795734755, 0.472789243666575, 0.47301417191621, 
0.475815176129664, 0.477922221800834, 0.473980545989361, 0.472117020888554, 
0.476068588557017, 0.471899942570744, 0.468701557006972, 0.472649938224283, 
0.47702665020562, 0.473618319245982, 0.472148074328018, 0.471724230625637, 
0.470059272745321, 0.477019714779256, 0.472008960791092, 0.476969864039978, 
0.472603321856369, 0.474900158282974, 0.476276485112157, 0.476735698494764, 
0.476878563347068, 0.470506587505688, 0.479454101412875, 0.482231887237286, 
0.476810424110367, 0.479423276168723, 0.475192995269427, 0.472462148300348, 
0.477916635351844, 0.474799113073492, 0.473617590779694, 0.476877013421918, 
0.474016282138848, 0.475648092879318, 0.475484035326467, 0.468656713475039, 
0.473587031773505, 0.47272044736858, 0.476062092166378, 0.478741591380834, 
0.476274839118114, 0.479518519894598, 0.47565105274333, 0.47471899280829, 
0.474305861858262, 0.47313220837616, 0.471856752473366, 0.473125206904915, 
0.477547313407298, 0.469845433453305, 0.477549439773193, 0.46866301515473, 
0.474023805362047, 0.474192018157396, 0.471724618612684, 0.47425569750921, 
0.472424475861554, 0.47131428952901, 0.476279605388747, 0.479637415964304, 
0.476703139858704, 0.472034592126529, 0.465745056829643, 0.477243669869192, 
0.477315035828462, 0.480171193960342, 0.472902400644499, 0.4694887523964, 
0.478691268905317, 0.475657354450073, 0.474133480677451, 0.472302237396377, 
0.47850569876903, 0.473335505367445, 0.477245064331835, 0.474776358143502, 
0.472907154463374, 0.475982722246185, 0.477807221388428, 0.472274948902431, 
0.477361624933275, 0.477197506740456, 0.472133054984488, 0.47816485532297, 
0.469774957341378, 0.478137337261949, 0.477910942187472, 0.47188683560555, 
0.47513066922194, 0.473955937811475, 0.476856166456268, 0.482298035158682, 
0.471580651530924, 0.469889180325554, 0.471220406618197, 0.469106855556448, 
0.46853544743495, 0.474649544915528, 0.478452603508999, 0.479199134307853, 
0.473164353417806, 0.473458153260178, 0.478649879490193, 0.472570901737642, 
0.469918187992231, 0.471400149631224, 0.479787120565168, 0.476282202951245, 
0.470323965173807, 0.474621391336965, 0.47205263658985, 0.472398429288097, 
0.473988146844278, 0.477960041308079, 0.47299112070764, 0.477447414118976, 
0.476781935332513, 0.471946784490644, 0.477698227015311, 0.471696820887999, 
0.469344931750007, 0.473016472131386, 0.470939476372676, 0.468356616229035, 
0.471840849954913, 0.472702103061389, 0.478216594776819, 0.476613102083689, 
0.473167686804312, 0.47651968529579, 0.473989079925832, 0.473935209297136, 
0.474882747877051, 0.475679711345967, 0.474733557052049, 0.47152120053016, 
0.472112138800502, 0.477592521396951, 0.474975276949755, 0.476450500532871, 
0.472953202057398, 0.469963088574107, 0.477193111551736, 0.474143403505247, 
0.469971107552017, 0.478515875277177, 0.47100112207096, 0.467565094522143, 
0.470831149378486, 0.471564755949331, 0.472616502411661, 0.472514781157435, 
0.476976698569836, 0.471363053705731, 0.474239108787522, 0.472677325699423, 
0.475266119524933, 0.474121086262516, 0.474116742420128, 0.473780200824301, 
0.473979950381873, 0.47903019980323, 0.473503715130411, 0.481619257570386, 
0.475331011232457, 0.477990185809055, 0.475040069408509, 0.477675728106265, 
0.47816305266242, 0.474927636306328, 0.478564043270916, 0.473007841401858, 
0.469133737084987, 0.481301447582422, 0.478612019610447, 0.47767620721586, 
0.471042010457312, 0.471525854054226, 0.477724534287855, 0.472246774347073, 
0.476151238586724, 0.475834364235472, 0.47351080560453, 0.476598262755849, 
0.47158756892611, 0.472521810634862, 0.47793347384326, 0.472519606622536, 
0.470885701312555, 0.475877528828495, 0.47456394557042, 0.476202517733816, 
0.476306414290248, 0.473132589962838, 0.474586663879117, 0.47090603977722, 
0.473893091052666, 0.472342148862665, 0.479393027177204, 0.470628742646176, 
0.471700586827041, 0.475628583593254, 0.473797228341741, 0.46546305988733, 
0.474179431891943, 0.476821680753719, 0.474646624594503, 0.478596265648892, 
0.477690051348696, 0.483269247321076, 0.468265221043476, 0.472620015255817, 
0.473277117468029, 0.470556846171744, 0.475678106902731, 0.468355564607716, 
0.480279334645391, 0.471407047632642, 0.477375719842063, 0.472723216107931, 
0.477673185294632, 0.471888035540895, 0.474185305599201, 0.47589152020324, 
0.479463599200822, 0.47398907917202, 0.4737268121871, 0.472235500090787, 
0.478226863556447, 0.47274654428321, 0.471569606968559, 0.476002234931032, 
0.475134132274842, 0.475924232750222, 0.474599501247401, 0.477134490025081, 
0.473814126434605, 0.472926059994559, 0.475256592086002, 0.483392098548363, 
0.47723289321483, 0.474653371434468, 0.479659170906739, 0.479947206283976, 
0.471779928415216, 0.48578924672695, 0.470217035817206, 0.471390834565269, 
0.471709787557717, 0.470569274739078, 0.476515658289238, 0.474774705611296, 
0.476587923113405, 0.475430235062814, 0.477692281638056, 0.475127155157547, 
0.472250994420082, 0.477860947766203, 0.471696761546704, 0.48032256592608, 
0.467310064014576, 0.476486780778013, 0.476197224756546, 0.470945858707646, 
0.472940020088863, 0.479376598669052, 0.468190293291102, 0.469844341736374, 
0.476302652677553, 0.472944361067733, 0.472411481980692, 0.473840473029006, 
0.479574105665064, 0.475436386014954, 0.475856504085833, 0.47359525721595, 
0.472269678125827, 0.471373460457819, 0.477848462079923, 0.479815230724714, 
0.472010594780606, 0.482474371153033, 0.468147642913994, 0.47234319670041, 
0.47162396368637, 0.475751050698121, 0.480437206375532, 0.481694963024438, 
0.476684670467399, 0.479574112457026, 0.47067892844082, 0.478929385473649, 
0.470076837968857, 0.478459837067559, 0.475633458649582, 0.4711796176024, 
0.476730658137662, 0.472551601254912, 0.479334233675393, 0.472040751015156, 
0.47041388788632, 0.469441612381535, 0.471883444110371, 0.473640080340347, 
0.47471601003181, 0.47256976161719, 0.474618576268077, 0.47286180561149, 
0.470981808312473, 0.477376781869013, 0.477087368414021, 0.472785697919831, 
0.476976648082624, 0.474357599301044, 0.476375666514862, 0.47854269715588, 
0.479384813959914, 0.47580532351377, 0.475989120857826, 0.475377824681074, 
0.479659747117022, 0.475986047720955, 0.477759787091528, 0.469597336874741, 
0.475831072697886, 0.476384105134989, 0.474444149859935, 0.481156718960022, 
0.477594518187573, 0.477909779082664, 0.476337785115295, 0.470238333806254, 
0.475283333679266, 0.47361243025097, 0.472551800510301, 0.480233898748324, 
0.471830599761452, 0.473371013429149, 0.472936370412855, 0.478199167127129, 
0.474700537461416, 0.475316644132771, 0.47647690569766, 0.478447957735552, 
0.474873122905783, 0.471766589182074, 0.483629013926273, 0.47053185409642, 
0.472476993284445, 0.475615649250595, 0.472110039995102, 0.472662631212109, 
0.470670103316711, 0.477606834605593, 0.473851705588964, 0.471760340360775, 
0.474060749970184, 0.476389540166104, 0.478260520376658, 0.478277754526846, 
0.471300824227435, 0.47818202063546, 0.47385528385637, 0.476143672306256, 
0.47493046769547, 0.474515723482867, 0.476866502453107, 0.476309584341249, 
0.478161983708272, 0.472951705682997, 0.475757265780546, 0.470256877942508, 
0.475809651820974, 0.482955540921141, 0.473696439156181, 0.472923738073487, 
0.474388115891506, 0.468880657853815, 0.475333009785552, 0.475176619340352, 
0.47252944966175, 0.476137732449679, 0.470450412423628, 0.476436423117145, 
0.470921043281417, 0.476232478280041, 0.475677187860024, 0.477365557791556, 
0.475048509000587, 0.473555846294207, 0.475585862250606, 0.476717170917324, 
0.4742376797409, 0.470767688087018, 0.471262539457308, 0.475493893857995, 
0.475195200301567, 0.47389701339279, 0.482141891387259, 0.477950187336429, 
0.480519543818488, 0.474477653115416, 0.482648296827907, 0.475669391195311, 
0.476377481593429, 0.47693350053332, 0.471579039594373, 0.469999605705447, 
0.479083218536414, 0.473804866383012, 0.470333768549054, 0.475278016214981, 
0.474229684091275, 0.473867446621236, 0.473146092237876, 0.47585349781019, 
0.476880002285832, 0.47493624139383, 0.471630656040015, 0.472429414489987, 
0.477840426900422, 0.477732146689888, 0.469730212258739, 0.472508888458001, 
0.471260091149347, 0.476911181654356, 0.477466333134542, 0.473964451567328, 
0.474446824487008, 0.472442592064314, 0.469773030915798, 0.474524439007472, 
0.472409861195357, 0.473402795644641, 0.473303443466992, 0.47809295402736, 
0.473067228762271, 0.475729283332182, 0.477544487868668, 0.47634958451697, 
0.473478341189619, 0.475553289134366, 0.471717928150778, 0.477600065609139, 
0.477000432559104, 0.472203764945936, 0.472253414942639, 0.473913431900264, 
0.470436426422231, 0.475382584882684, 0.473045956813792, 0.477411139307635, 
0.471636343272207, 0.468001455138882, 0.47298996341439, 0.470742125562496, 
0.473195781744984, 0.471570826748596, 0.474159730262189, 0.476730656079055, 
0.473324726717223, 0.477358521201684, 0.472919700979452, 0.479333567241922, 
0.469853559942924, 0.476495817197435, 0.475187606032162, 0.471576483820124, 
0.470760290104897, 0.477549343454305, 0.475006207509286, 0.475755113792487, 
0.476426643358499, 0.473528452121409, 0.480715745688017, 0.474080392768091, 
0.477948731681389, 0.474794110265897, 0.477497735652568, 0.47243398428597, 
0.475773417014854, 0.4724773656696, 0.471618658870873, 0.477986014941191, 
0.473985123590799, 0.478517217417963, 0.479023157792125, 0.477391984141996, 
0.477737929998938, 0.472476082352208, 0.472916017061777, 0.474657727398122, 
0.470506317881736, 0.475170729130562, 0.473322380895272, 0.470302225194564, 
0.470990832472382, 0.474365163617331, 0.471101641607139, 0.476209823344703, 
0.478825600403216, 0.47746986782488, 0.468536226981345, 0.476150907813165, 
0.470335438027117, 0.475513804865193, 0.474910432544845, 0.476959664890466, 
0.477660110139415, 0.474981121252066, 0.471911795644611, 0.475974835265232, 
0.481066240479222, 0.470445106628137, 0.47275672824954, 0.469055391870201, 
0.47235438676081, 0.47463995206528, 0.470484120299693, 0.468331636092297, 
0.469451096491016, 0.478117482795971, 0.476845851454992, 0.470854211554931, 
0.474268884931002, 0.475962144883648, 0.473296177956603, 0.476906896970574, 
0.477876542363218, 0.478307022275965, 0.472803525769725, 0.469693984645555, 
0.473926156124907, 0.475035032058732, 0.474494728821645, 0.475687376909099, 
0.472783882873194, 0.474851546678846, 0.472969683020831, 0.475422787042561, 
0.479565215530673, 0.471867075524341, 0.476818857919242, 0.476571548600906, 
0.473902458985731, 0.475874384092848, 0.479233424374742, 0.473131484295402, 
0.476867916144205, 0.478396949882959, 0.477240455287176, 0.475790961876111, 
0.470818593049146, 0.476527293572287, 0.475628680307964, 0.471289796979824, 
0.470955173792388, 0.471735318840505, 0.481339465863105, 0.47579799292463, 
0.476011924038833, 0.474793728965611, 0.476325459143632, 0.479805093831062, 
0.470194250857395, 0.479289012169279, 0.474077161560694, 0.479059511935335, 
0.480235583446967, 0.471128104557762, 0.479355681263601, 0.47164435529279, 
0.479500318240936, 0.476945548668132, 0.477093070710187, 0.47522142098561, 
0.480140403721001, 0.475738877103782, 0.467821389328914, 0.478595103629328, 
0.474155565326962, 0.470681367552694, 0.477772933401214, 0.475635286193559, 
0.480952691131796, 0.474271037419221, 0.476164680033808, 0.47640303615067, 
0.474659886782056, 0.469544916048849, 0.472713037728193, 0.468651786966848, 
0.473440902398527, 0.474766624331083, 0.46996306008166, 0.469934963522507, 
0.474666727078596, 0.471630581338426, 0.479841051943204, 0.472039920401064, 
0.471459344380489, 0.47478706507791, 0.476676974796472, 0.473846567134174, 
0.471343124158497, 0.474926619890001, 0.472272189659246, 0.472141156788035, 
0.476785091610212, 0.476965256122147, 0.469750557685916, 0.477175896641341, 
0.47218273952639, 0.479403563039914, 0.473147697795843, 0.478566877452753, 
0.475088645189541, 0.473247451883416, 0.473841129155523, 0.472634108972196, 
0.475417254627283, 0.478038569913921, 0.47002414952562, 0.478962500062837, 
0.472095537033387, 0.469563988353739, 0.4743576143266, 0.473778940413094, 
0.477531974542351, 0.475270693504725, 0.47724661356997, 0.469138676577228, 
0.475345845995858, 0.480443249909495, 0.473721257000926, 0.474504151154032, 
0.476182430853693, 0.470401915047457, 0.476001479347801, 0.473540920584741, 
0.47745823196696, 0.475030852601228, 0.473189896417127, 0.472511881206746, 
0.474263081076101, 0.473740914626691, 0.476815354638972, 0.477784995892483, 
0.477716376179934, 0.474808722574768, 0.476253856296333, 0.46838819977023, 
0.478699873766094, 0.472931437379277, 0.479288387542694, 0.478692072610021, 
0.474659227794403, 0.473057174828836, 0.473916340417388, 0.474742430633246, 
0.476168823212522, 0.474706395913215, 0.47476018346982, 0.479857812652507, 
0.477480286378981, 0.471383816098331, 0.472721752859921, 0.473312361516109, 
0.479498922308393, 0.471571134791804, 0.473211718515892, 0.473738163625863, 
0.471386335359642, 0.47192072676175, 0.473673878758457, 0.479566320704859, 
0.47380531272535, 0.471574836376752, 0.470455242130074, 0.475259753147042, 
0.474520839860302, 0.472173552835326, 0.475300113081745, 0.477829268367146, 
0.478996246990902, 0.473766802190691, 0.472186270610606, 0.478683895288061, 
0.475812894007206, 0.476265515254619, 0.47698760685565, 0.477234120583193, 
0.474008320090475, 0.472602244451562, 0.472147873100021, 0.472141238767778, 
0.469856348881643, 0.472205646367607, 0.476345270709323, 0.475271661630757, 
0.474785345880632, 0.474082338773672, 0.46916502416324, 0.470330379509239, 
0.478683785070571, 0.47824179235319, 0.475338509729427, 0.472602841074777, 
0.477397965937668, 0.473797183110775, 0.470788156287498, 0.473165326276679, 
0.473596307794282, 0.474294161222204, 0.473446649563689, 0.473589772104128, 
0.474366959379258, 0.474261971608116, 0.470322463495717, 0.471765171256515, 
0.475816538144522, 0.473359716931814, 0.473916206638659, 0.479575658154593, 
0.477204107978872, 0.476614911034308, 0.471314200295586, 0.480539691507554, 
0.475902692438713, 0.471498164341995, 0.475027080840946, 0.478551454497899, 
0.474159133915689, 0.476165665176017, 0.474548317347837, 0.471510318271971, 
0.479202999877892, 0.474454149554847, 0.474216368354412, 0.477920696815795, 
0.470862557822787, 0.472802803974867, 0.47650355579451, 0.473364448946307, 
0.474122114356963, 0.471681412946148, 0.469297264798929, 0.471656833369398, 
0.467431389851119, 0.472631748254252, 0.471353971706821, 0.473707883675394, 
0.487060811397972, 0.474506957105847, 0.469062285866867, 0.475178909695599, 
0.468358218566884, 0.474433642602007, 0.476074285138246, 0.472718619148328, 
0.477992437603936, 0.476636989530038, 0.477523744095235, 0.473079386966464, 
0.476775221023063, 0.48232389351463, 0.470592947125889, 0.475512829271411, 
0.476961086153297, 0.472472229086219, 0.475195036514727, 0.474790039124416, 
0.47415445952299, 0.478449534538815, 0.471116454913525, 0.471100794832841, 
0.474085538927423, 0.476768081142067, 0.47645944291609, 0.470888640846351, 
0.473998337707481, 0.479320815685443, 0.47172614858852, 0.470028333542982, 
0.476004297020542, 0.473809052158344, 0.474353759037412, 0.473994736949231, 
0.473937276062479, 0.469814093297018, 0.478033601295095, 0.47106774689558, 
0.467510938537864, 0.476751628756693, 0.474805892139547, 0.47704396714292, 
0.46521557706555, 0.476423192618928, 0.478130815785618, 0.481712267416774, 
0.477970646850155, 0.475207990128446, 0.473820679931908, 0.480877259230522, 
0.474565746956599, 0.467455298875466, 0.47133525375152, 0.47339296159681, 
0.474886505593087, 0.473634843996228, 0.475291087671246, 0.470928624553367, 
0.470299222428997, 0.474230127344798, 0.47441749076792, 0.471842473005638, 
0.472479874873311, 0.47249246734072, 0.474019177987697, 0.475017057777506, 
0.475944606121367, 0.477978408509735, 0.478122987732779, 0.476537334837865, 
0.474510078177, 0.478646827573492, 0.472211234242169, 0.474947759549179, 
0.477524654888243, 0.476045485665413, 0.47283001490483, 0.475273137819731, 
0.473108105183574, 0.47398695175455, 0.472601945213868, 0.473000292112747, 
0.473405077417596, 0.478884660014269, 0.471965971174682, 0.475584688573805, 
0.471438782587884, 0.475861425526788, 0.480048545452609, 0.474363083097638, 
0.478130333836281, 0.474582069257499, 0.471833884768857, 0.473250093803048, 
0.474045484004046, 0.473395981534481, 0.474769079028281, 0.475448428142418, 
0.473619887962606, 0.468417312241525, 0.470093092252543, 0.47613760833983, 
0.476579353483222, 0.474265330736609, 0.473860385128646, 0.473269955578876, 
0.470411467143949, 0.477049870000251, 0.475579933416436, 0.476883560427711, 
0.472131187710581, 0.474333468900956, 0.474506404363606, 0.472810477364463, 
0.475520206094541, 0.474427433079359, 0.472877263076715, 0.476692381467804, 
0.477846493745193, 0.478720774155771, 0.478246122451741, 0.478819828718091, 
0.475070840890629, 0.478467176640533, 0.473429501689083, 0.470557970809357, 
0.474568715432935, 0.472673974848615, 0.471787943535853, 0.474757408458406, 
0.47672966393774, 0.474958724832954, 0.475436507058588, 0.477288305745834, 
0.477004237682918, 0.471575774639304, 0.474730876378727, 0.476458603234713, 
0.474032004970684, 0.476146091919143, 0.477156430995578, 0.475247459243476, 
0.475821283277216, 0.47093827256933, 0.475108142173914, 0.471557817111059, 
0.474822044008001, 0.476144258118571, 0.479934024013805, 0.475556490342311, 
0.476183816535119, 0.470995215201435, 0.472685480583279, 0.469291633353386, 
0.475820530643497, 0.471853375930269, 0.475289065701655, 0.469645811552446, 
0.472269408143449, 0.473093969067432, 0.472413146394269, 0.472524757279652, 
0.47314136679117, 0.47430903052996, 0.473253980188888, 0.475949479871378, 
0.466681390109129, 0.476090414365629, 0.478602191627473, 0.477907378600069, 
0.47316014119336, 0.476578212228213, 0.473913335711386, 0.473919732238908, 
0.470068671712348, 0.476163600269399, 0.472341962648648, 0.479066432796352, 
0.475297648466409, 0.47151313748773, 0.475678345092592, 0.473787851592633, 
0.474568620785411, 0.471727562054816, 0.471366748363042, 0.471524632173414, 
0.473904316014183, 0.472768571902988, 0.474452884684987, 0.470811330285006, 
0.468134410180322, 0.475544840815987, 0.47631989422337, 0.473156129937836, 
0.475785606277239, 0.473938164847405, 0.479192781575914, 0.473551031407504, 
0.476471778360181, 0.472735468487541, 0.471337367305111, 0.473882970769557, 
0.471787253486991, 0.477252846755669, 0.473984679039766, 0.474838574717355, 
0.473896111467845, 0.47466109469892, 0.474036577029759, 0.47607700480762, 
0.472006250169302, 0.475553653254122, 0.473039378168258, 0.469063650096995, 
0.476716608201878, 0.471803880994679, 0.474569371287404, 0.469224814130252, 
0.468146261515531, 0.480141345192747, 0.470912038552507, 0.476477480938406, 
0.475477430023004, 0.473693843847378, 0.475055254609997, 0.475272984808356, 
0.47164109105831, 0.481646005753463, 0.472254550411979, 0.47216711876577, 
0.476055788189377, 0.469040613687524, 0.472266206492653, 0.471644855010553, 
0.478631594298847, 0.471131141330097, 0.471952592193982, 0.482223604312976, 
0.470191565998796, 0.473278896442729, 0.472030767613774, 0.473975241666016, 
0.472838718991883, 0.474634510482892, 0.476697517183519, 0.476923485878481, 
0.470535936056515, 0.47196120821069, 0.477826909806838, 0.47105342366891, 
0.471694230594625, 0.478409401158763, 0.470086180558776, 0.475747779919432, 
0.47548232659015, 0.476878406066733, 0.480306706667856, 0.468552083042622, 
0.478388498827447, 0.472302431313909, 0.47142958584474, 0.481122745808713, 
0.46851912757176, 0.479436556138197, 0.473365949228088, 0.478268401470806, 
0.474118510900068, 0.474812419079262, 0.471743193268838, 0.473109821299576, 
0.476929060282071, 0.476975308381999, 0.480707860786989, 0.47576747101522, 
0.472413590577906, 0.473332519585604, 0.475002205099535, 0.477682774703214, 
0.470450672827326, 0.473908675594426, 0.479945271701028, 0.472261299909435, 
0.469599836170656, 0.475196261196157, 0.479271906445337, 0.473664303391178, 
0.47264796471958, 0.471319925766732, 0.476681852114494, 0.473060797758605, 
0.473195877212687, 0.472301306006046, 0.469294955620918, 0.476043370097083, 
0.477249577103905, 0.475013845973136, 0.472722035503468, 0.470152708273551, 
0.473601231175447, 0.469350406327919, 0.473922345101055, 0.470382850560119, 
0.473163008912867, 0.474726407178341, 0.476804770462924, 0.475428181542345, 
0.471493165256427, 0.473480759656855, 0.477400030364948, 0.47658838160191, 
0.472814296286932, 0.475754031221691, 0.480768914963622, 0.470045127712888, 
0.474288153261783, 0.477051706642221, 0.478594634558679, 0.469854237859687, 
0.471144240224773, 0.478939001506711, 0.477035306860442, 0.469726266359723, 
0.474093451282252, 0.477733854619309, 0.475601622653362, 0.470477086596154, 
0.470355112494321, 0.475015514993504, 0.478207076219033, 0.472598478878568, 
0.472121905793878, 0.473320669984171, 0.472264163818212, 0.476581851662133, 
0.479939372329268, 0.478055292788926, 0.481160637144853, 0.469811813677769, 
0.469376243235937, 0.475666849556788, 0.48002809355352, 0.476497945822755, 
0.470510418571323, 0.477900344964433, 0.472665584642467, 0.475530702521992, 
0.47416729680236, 0.475990192491027, 0.467271843203985, 0.473878330778081, 
0.477339248445037, 0.477335974654573, 0.478668587314814, 0.471014203152993, 
0.477327971830243, 0.476282553813143, 0.47588605619864, 0.478094146871871, 
0.478912870442959, 0.477964557058595, 0.472057597040159, 0.472667470500437, 
0.477789920693255, 0.467398717369536, 0.473775172360766, 0.478948998291467, 
0.474099711802686, 0.473904283699732, 0.469758606339948, 0.475099220081906, 
0.472808608133611, 0.476052893907013, 0.469473539689745, 0.468146974509001, 
0.4762739757362, 0.474981098746332, 0.474201919849313, 0.473588914321597, 
0.481657308796579, 0.47757214547807, 0.472694583926509, 0.469056887093898, 
0.474184260728195, 0.478113514570876, 0.474367274969882, 0.475817854278341, 
0.476151399670163, 0.475364942294823, 0.471713397473292, 0.478653353965546, 
0.480000597551526, 0.478286554976366, 0.469686964414407, 0.474996042158902, 
0.476479629798127, 0.471004655978682, 0.470360872885573, 0.472288095128041, 
0.471580289846761, 0.473878290608765, 0.475843616606571, 0.47441744031444, 
0.474147954499731, 0.473354426258319, 0.474682847360874, 0.475176503402718, 
0.472484551974748, 0.473630781560493, 0.47259733431269, 0.475658719131618, 
0.472079728296771, 0.47572237338676, 0.474214167041986, 0.478421585135061, 
0.474935936982301, 0.474935467455655, 0.475915362206701, 0.474695356544257, 
0.475253668055372, 0.474891637852514, 0.47009190383059, 0.478254225338624, 
0.479609020925778, 0.475575007934107, 0.474055524808961, 0.472956638579216, 
0.47632657324048, 0.472407319148717, 0.473357658050471, 0.471417689583835, 
0.470368273811555, 0.473062847682516, 0.468816836358101, 0.474332556997327, 
0.474893542708267, 0.473027251283636, 0.475517290595791, 0.471860343820196, 
0.474114113133574, 0.477734283425678, 0.475724415147195, 0.469625248351631, 
0.477099780627827, 0.475941027892616, 0.481016708994578, 0.473928630732863, 
0.473616519909806, 0.471280092036848, 0.474455072093932, 0.477511761320756, 
0.472708069626218, 0.473983408207169, 0.475272560931884, 0.479667927305942, 
0.476573902465351, 0.479899194681572, 0.477138278371685, 0.478934394332444, 
0.477326550842802, 0.479079676446484, 0.473476786981596, 0.47221676599565, 
0.472859732081313, 0.471632226389562, 0.476915916203202, 0.478230703175038, 
0.470106172997095, 0.476716890365734, 0.472894167426924, 0.479032347627543, 
0.47089696621754, 0.469300410701121, 0.474260782348069, 0.474699664935931, 
0.481185484475641, 0.476644124523757, 0.471564769010509, 0.474273363482815, 
0.473613171590232, 0.474358533130172, 0.473187976443079, 0.469765409186044, 
0.472086186274575, 0.475158279466998, 0.475943491636979, 0.468583026904121, 
0.479317668320508, 0.477418967983691, 0.474491894340882, 0.476011817335498, 
0.470941854886677, 0.479466347233362, 0.474906163565469, 0.472723550877581, 
0.472943211741744, 0.474175229279875, 0.475636471292909, 0.47129686306028, 
0.477658086686136, 0.479251567371744, 0.47588585105217, 0.474171345266572, 
0.478514886840789, 0.469952912485225, 0.477204769183728, 0.47463266168183, 
0.469258699241043, 0.471980668949246, 0.473284369564686, 0.470196745990736, 
0.471303818296775, 0.471184085417649, 0.473861416472795, 0.470339124906764, 
0.472585465299857, 0.471313015352088, 0.481362061480484, 0.475864964069403, 
0.472509541718341, 0.476603178769181, 0.474950123208466, 0.475183463455761, 
0.474145641655058, 0.473642180146434, 0.475124671191774, 0.478089258996799, 
0.471572513181915, 0.471728476441453, 0.475844043734809, 0.477577447325821, 
0.477962628973081, 0.470928311827253, 0.481035526927043, 0.472648487570602, 
0.476467720391773, 0.473228532534857, 0.46839451832519, 0.473901151075383, 
0.477885504129469, 0.477917199102905, 0.472101627362242, 0.47074794960921, 
0.472965643480773, 0.475948293519721, 0.47645730754481, 0.477895377576102, 
0.475035395996646, 0.475501649661965, 0.477541699876313, 0.47591447421396, 
0.472308825799297, 0.483245946876912, 0.476336648086687, 0.485516380503365, 
0.477595372196756, 0.479658729172839, 0.474658866571811, 0.477461545634469, 
0.477435912322881, 0.477402815890223, 0.476454643449631, 0.471538178782709, 
0.471904613723921, 0.470877260327852, 0.478569117347914, 0.473541573210311, 
0.46956248509237, 0.469950627576424, 0.477184384623906, 0.472344847481381, 
0.470161113516935, 0.473281364704618, 0.475666096660865, 0.476294599410135, 
0.477843093875405, 0.478673402782016, 0.476955892719065, 0.474604570400967, 
0.479442313281597, 0.475379590738145, 0.472544367351145, 0.47321824003137, 
0.47409054825595, 0.473311090643896, 0.469467424439512, 0.472200945202644, 
0.476511538199569, 0.478878430982401, 0.474945889004578, 0.478006228710091, 
0.470877474166414, 0.473812746055228, 0.467938825308181, 0.475127247925893, 
0.476755415600798, 0.473392028090064, 0.471208523280032, 0.477449593647519, 
0.474680274245574, 0.474175390763436, 0.473406470875549, 0.476140064814505, 
0.473841783518515, 0.475444364727418, 0.480051504240676, 0.474230377998726, 
0.470800144778059, 0.471944981251413, 0.481080368824189, 0.480773477752402, 
0.471476103663315, 0.473058917819436, 0.480057437821797, 0.477757175155998, 
0.476243980708008, 0.475311406526785, 0.473853212269551, 0.477064896279601, 
0.47757649303437, 0.47402935866832, 0.474880042132031, 0.477825227711595, 
0.478143900673504, 0.474591947758544, 0.478296623308317, 0.475767071563426, 
0.479914244551005, 0.478449041639063, 0.479218430141653, 0.47605992750615, 
0.475817423185036, 0.47631587441625, 0.474570832144472, 0.473692227519104, 
0.470871242115871, 0.470069269115529, 0.472150726983518, 0.477286672507898, 
0.473101245822199, 0.477565593991159, 0.475249240778576, 0.475242348872422, 
0.476049160963026, 0.476625189399129, 0.467163871349861, 0.473842409823464, 
0.475861758098819, 0.471912234765077, 0.47326928676062, 0.473777306147859, 
0.475331517239194, 0.47241688063488, 0.473016487929128, 0.471681578404816, 
0.479937154794438, 0.474766213108789, 0.475779853882721, 0.473879900161377, 
0.475692259423251, 0.482554842385193, 0.472351661479368, 0.468751594962336, 
0.474945364886925, 0.476147445487693, 0.476792677159313, 0.471233984428842, 
0.470589684450182, 0.47645385237542, 0.473323623967839, 0.470746590503762, 
0.467069405758041, 0.46890171591767, 0.476460596051981, 0.477812016503322, 
0.473525228771516, 0.473963018508171, 0.469330685172381, 0.471969896285449, 
0.470096235345766, 0.475107145408208, 0.473022397310578, 0.473851926952357, 
0.479064934812363, 0.473246814144439, 0.474638056846023, 0.473050232366502, 
0.473988423135045, 0.472766572251319, 0.476374033227596, 0.473894280037819, 
0.468327518768287, 0.471242641300211, 0.476948935063842, 0.474858284334532, 
0.475324317061581, 0.47628668562535, 0.48096343373584, 0.473078689187725, 
0.475770996121667, 0.476832095940468, 0.47545305755467, 0.47339575489638, 
0.47437463289767, 0.472142654897653, 0.477754892992966, 0.473696816307579, 
0.473593176249965, 0.476492381190925, 0.472048715570266, 0.475116615640327, 
0.475314370855911, 0.475081981055215, 0.476665192180995, 0.476581652485759, 
0.468960478369278, 0.473076691306049, 0.473575433149676, 0.477789785043294, 
0.475632752063381, 0.475227679766418, 0.475488360599841, 0.471350517274622, 
0.476824983946673, 0.472436688611357, 0.470605754264296, 0.475606970409253, 
0.470616007041977, 0.465328664306476, 0.480692502978373, 0.479329912750696, 
0.475559790267297, 0.477875537212122, 0.472535426877646, 0.478762545915952, 
0.477369621943709, 0.475975267490543, 0.47562626605322, 0.474334603974617, 
0.477866721035826, 0.472022096953264, 0.47203469478852, 0.469740924541669, 
0.468563911010767, 0.473785459286993, 0.469902864582391, 0.477491282900759, 
0.475241048989515, 0.476024067203797, 0.479335857084115, 0.477086206991285, 
0.469945058471082, 0.478576105324992, 0.471358135751714, 0.471146742039756, 
0.480444081785948, 0.47269026405782, 0.471745198476894, 0.474810263630337, 
0.474759470081226, 0.474064378335943, 0.475009180783413, 0.475324395116213, 
0.478054050198272, 0.473380125984252, 0.471252858271229, 0.476598429078122, 
0.467554210455074, 0.472713369944587, 0.471353781432444, 0.47497750564008, 
0.47890215889897, 0.471531532450274, 0.474717203811745, 0.477796062172635, 
0.470821581451187, 0.473482047652639, 0.469380679668689, 0.477147084539697, 
0.472274058175618, 0.470653641233628, 0.479327058314235, 0.471753507126663, 
0.475134502529921, 0.475367498886983, 0.471313926708901, 0.476333658877565, 
0.479010255547938, 0.480310280869894, 0.477685439699133, 0.471915116416047, 
0.47470132252336, 0.476935353296698, 0.476474777495176, 0.474906834980505, 
0.478902789233092, 0.480104761571108, 0.478085043469163, 0.472233368991887, 
0.472624827690128, 0.477216603695273, 0.473980006897115, 0.476362147350571, 
0.477345893160566, 0.469273969893591, 0.471724791382139, 0.474386383224401, 
0.474088140111078, 0.472800424743401, 0.479072034007274, 0.475551876025302, 
0.477670763732216, 0.47404003354037, 0.473757515092024, 0.478354776464463, 
0.478156781316519, 0.469384549655785, 0.471657211911426, 0.474576594533476, 
0.474507933889467, 0.473765228379544, 0.478896402888731, 0.476604057905965, 
0.474518860687781, 0.472195232659798, 0.474721638174064, 0.47428868089602, 
0.473544248928772, 0.47066852604005, 0.473252055894806, 0.475010191393169, 
0.476686591804776, 0.473691052542101, 0.476895166054377, 0.472970728749995, 
0.474153097007234, 0.47472578279417, 0.470091444835033, 0.475181714778255, 
0.469055977622426, 0.466339872553557, 0.474591135791411, 0.478485895447753, 
0.473271072613355, 0.469233761807775, 0.479838028298538, 0.471030509999966, 
0.470554772216988, 0.476336554478207, 0.47096561674878, 0.476852307100018, 
0.47503868090896, 0.476292665531509, 0.471027648012458, 0.478761945295297, 
0.477093725227072, 0.473696915418676, 0.479673104692737, 0.4758078459616, 
0.476984476230298, 0.477263244964536, 0.476425504788179, 0.472370059913445, 
0.46735719305578, 0.475279119705951, 0.47010743768535, 0.474367609922857, 
0.473666598852778, 0.476142238396933, 0.478303963496022, 0.475589298679466, 
0.468898159960721, 0.474754642183024, 0.473993273499362, 0.470271170355392, 
0.479133154143187, 0.478366091425038, 0.472354912586821, 0.476044807174531, 
0.480312196204716, 0.469879211973336, 0.471089536481194, 0.475412158646017, 
0.470711342008827, 0.473266828084534, 0.477259051275851, 0.470971605160302, 
0.4723075389499, 0.476228034965674, 0.472992215287886, 0.471373823423406, 
0.472971612982472, 0.471466087484938, 0.472326365656812, 0.473328149852216, 
0.476627137613512, 0.470015175220275, 0.476630002811353, 0.4745058525027, 
0.477182345135885, 0.471042353711522, 0.475754815417836, 0.470116820100278, 
0.473067436411557, 0.47491072526146, 0.474812220706817, 0.474317766920697, 
0.474993905653358, 0.473796535380246, 0.476404343830277, 0.473228181434468, 
0.475285668324196, 0.474009700561, 0.478649898450865, 0.473848219920487, 
0.473994979083353, 0.478741785234034, 0.478186729379363, 0.472313090768168, 
0.472482680090708, 0.471361768340885, 0.46865009618971, 0.47049504736215, 
0.476133380745581, 0.472195691063137, 0.476578083696153, 0.471227327701894, 
0.47818573730811, 0.472779049924761, 0.47619270304537, 0.47756131675414, 
0.472731764540544, 0.47507405237383, 0.47617342405218, 0.473248218096536, 
0.473317446515113, 0.475306629637995, 0.47741048799181, 0.474494099541168, 
0.4762309126719, 0.471575404605167, 0.473882040651156, 0.474177265020693, 
0.472024501913552, 0.477277020913823, 0.473799433500337, 0.476456437426362, 
0.471952839597121, 0.479315806541742, 0.471860038388574, 0.47264569428874, 
0.472296015076995, 0.476607997414836, 0.475339551763313, 0.477811980535001, 
0.481542456923931, 0.476686569300059, 0.476379358220738, 0.476729111768469, 
0.481380386460276, 0.476336795817066, 0.474357567926083, 0.476716386792935, 
0.475897145096802, 0.482579996170525, 0.469057326516655, 0.473011125438148, 
0.474264828242409, 0.476794482979496, 0.472302736334929, 0.477490029355616, 
0.477370869772991, 0.472279460266973, 0.472599880683194, 0.472603521866429, 
0.475873130593964, 0.480889522234352, 0.475923322567533, 0.475013323296168, 
0.466737321911747, 0.474840864554946, 0.474116744946324, 0.47573716693223, 
0.475045987340079, 0.476094149239123, 0.47756520351227, 0.472599154649389, 
0.474067946013292, 0.472718555776094, 0.477516760216334, 0.472401540416845, 
0.4741800174199, 0.475414911796945, 0.470212597032469, 0.473908866146963, 
0.471161434007145, 0.484903315549841, 0.478159198539731, 0.474462695381828, 
0.472002021003529, 0.470797867090467, 0.474171832376713, 0.476839822456568, 
0.46837984799174, 0.478293755338075, 0.474856677436175, 0.476474185058936, 
0.478357247357734, 0.47683420391037, 0.475883684131089, 0.474526222804255, 
0.472704091576541, 0.472029300290798, 0.476053646855229, 0.477693988134346, 
0.475544791797846, 0.472915971556244, 0.481093980152628, 0.475687381795265, 
0.474518298466521, 0.471396724080366, 0.474177740299078, 0.466886078029459, 
0.477776951923783, 0.475844138686899, 0.47743707977109, 0.476464096515978, 
0.472980793983495, 0.474796080454958, 0.475112372241793, 0.475054842814922, 
0.473332663151209, 0.473775158824192, 0.477365697821559, 0.476423433667282, 
0.471100200821271, 0.481219989948101, 0.476378119570412, 0.468111580522875, 
0.477151733899567, 0.474509933597617, 0.476382179522895, 0.467961714514183, 
0.467860610450915, 0.475683592112903, 0.478452553462267, 0.472577653879152, 
0.478698716175067, 0.475347211944117, 0.476327479830655, 0.47794845009955, 
0.473035682121748, 0.476037816872855, 0.478640852195781, 0.473993424931328, 
0.467531423299984, 0.475197795896254, 0.472150872278717, 0.474737595057194, 
0.478420996418819, 0.47515918316736, 0.478211821286253, 0.474430975002978, 
0.474691909389384, 0.469283155577635, 0.473559867539468, 0.480011733162146, 
0.474704164285461, 0.479813671726835, 0.475382800950177, 0.473478832779199, 
0.475948187368928, 0.469804867470204, 0.478102766676789, 0.478131997215358, 
0.470874248532344, 0.477060449407819, 0.473597239142031, 0.471752613729537, 
0.471203472875199, 0.473516366189453, 0.475805801680361, 0.470316764192816, 
0.472538208344231, 0.471908778280085, 0.474955883248796, 0.470134610077067, 
0.477600914792638, 0.476869377242423, 0.475651822770427, 0.466987326521998, 
0.472025118149724, 0.475767181824878, 0.470796469681806, 0.478772370130537, 
0.479155928394152, 0.469961351989707, 0.478071022916534, 0.475353230199697, 
0.47506756074238, 0.466826274075425, 0.474350531523726, 0.474793743038609, 
0.473721313400532, 0.469051931985039, 0.474994813978441, 0.475023759355826, 
0.471713434094333, 0.479945528784868, 0.479857737760171, 0.472635780468276, 
0.468514336616494, 0.470944136516798, 0.47046820084942, 0.4704406418055, 
0.47632075929648, 0.475599680978637, 0.475424059883144, 0.472825728094333, 
0.473062674886439, 0.475166856575374, 0.475084762380834, 0.472621526784536, 
0.469106902209297, 0.474267310882712, 0.475276834004668, 0.478009389322087, 
0.478245808623869, 0.469999271582896, 0.46979122589488, 0.475035291666072, 
0.473089359203486, 0.478489341780945, 0.47451766398984, 0.475717488225138, 
0.476184655923245, 0.471100215217882, 0.474874041173677, 0.47560431786001, 
0.477043019524783, 0.481018105854551, 0.47808425763742, 0.47786850400891, 
0.474651712949477, 0.478762102020167, 0.477738436864952, 0.477838165508507, 
0.481215557980225, 0.467070138401256, 0.472054052301558, 0.479542020583131, 
0.470122003709764, 0.471645595165509, 0.47849313253325, 0.477206265407333, 
0.473251520502728, 0.473841557170032, 0.475537906485411, 0.476184831739162, 
0.475433044067587, 0.472334459812744, 0.472191117313648, 0.477172399172653, 
0.476915655089289, 0.478621090967887, 0.477054215542573, 0.472498382067006, 
0.473038568379188, 0.475884888472256, 0.476050557647901, 0.471010177498766, 
0.473835165112585, 0.474211659483933, 0.471759207561325, 0.474459790003621, 
0.473844118271895, 0.472079357397977, 0.470920710705604, 0.477108047085919, 
0.474127269918437, 0.477400105248312, 0.475831370003234, 0.471644779880662, 
0.481225394696583, 0.475313650382875, 0.478159265622992, 0.473733067991649, 
0.476047488249464, 0.472303661184717, 0.472956773649577, 0.468642492719553, 
0.468359734870705, 0.470917829287353, 0.468575928716877, 0.479274358210064, 
0.474702663645426, 0.476554117967879, 0.474416145623245, 0.473420167367989, 
0.477277358901692, 0.474681369223337, 0.476661994475229, 0.47332307585535, 
0.473407088583619, 0.47221758100799), cat = structure(c(0.48227853251801, 
0.474560350579203, 0.00313563123961376, 2.46144439476797, 0.0082
), .Names = c("obs", "mu", "sd", "SES", "p.val"))), .Names = c("sim", 
"cat"))
