structure(list(sim = c(0.650407666068784, 0.655214821141409, 
0.663120402126562, 0.668864176251987, 0.646727937093372, 0.648102572418541, 
0.667481250014385, 0.667059683890505, 0.65657776872544, 0.663516662347668, 
0.670660835152912, 0.669230955550425, 0.644956263400718, 0.64130908759941, 
0.65872976505004, 0.647595259334955, 0.644287690317641, 0.670055877313183, 
0.662143895475304, 0.637815175632006, 0.6660722100024, 0.65682002834151, 
0.653804816755539, 0.655498918633931, 0.662983351538558, 0.661305498052485, 
0.65033915536233, 0.636101599032876, 0.646200844752419, 0.654279429753586, 
0.641483221303443, 0.635243208348043, 0.651271812018605, 0.6510696395716, 
0.676265059926024, 0.641054798749199, 0.653747317759546, 0.659697242366452, 
0.65246635252576, 0.654308293809906, 0.642024925489001, 0.65529160072614, 
0.655009673152175, 0.649128888953432, 0.660831986241861, 0.654488207007357, 
0.65738812502114, 0.664742529293351, 0.659717576761871, 0.66461964915521, 
0.650474797729405, 0.635281328013192, 0.663413072774539, 0.654300806728947, 
0.670207398975981, 0.647765843326852, 0.638040498125153, 0.680277258806387, 
0.672422645855981, 0.651921781877141, 0.648971583868318, 0.639547993282387, 
0.657308989605532, 0.652420908979848, 0.661247887616486, 0.656924695285239, 
0.656095702392803, 0.650795351296804, 0.676720600975252, 0.645094179050218, 
0.644287894339895, 0.656673895536343, 0.649904961507632, 0.65303563969544, 
0.651186596037907, 0.641997309354269, 0.649191616242557, 0.647479441592127, 
0.649251092185757, 0.660384651452905, 0.646495114271486, 0.653653810951158, 
0.668893465027701, 0.655724721392849, 0.681961522263817, 0.660280726197585, 
0.666657231147183, 0.669109262780209, 0.654021334769073, 0.64816387363702, 
0.652538892464363, 0.660535589177835, 0.658724547933454, 0.662398700901123, 
0.662202039539833, 0.658167728331799, 0.668947948264669, 0.656632382675431, 
0.648920914563726, 0.656279210667028, 0.651031164568725, 0.660742269642901, 
0.644166581826154, 0.642541736017079, 0.664486641313225, 0.657870398522684, 
0.651060652943052, 0.636238942416687, 0.656203935557041, 0.665985099976579, 
0.647256789543704, 0.64209084848785, 0.658584854893474, 0.636917000217012, 
0.66196108599674, 0.648769115632183, 0.656879338757293, 0.645444703594714, 
0.632417679079493, 0.652889200098036, 0.65032818975774, 0.638690618840499, 
0.661977956280321, 0.657096909199703, 0.647513723176938, 0.664693296924747, 
0.666953735953171, 0.641580967421086, 0.655937410803894, 0.664942678600326, 
0.668141412719819, 0.658570739867533, 0.639890778886767, 0.653538956385477, 
0.656400492266104, 0.642123608215893, 0.653974447472058, 0.649151636001811, 
0.661958704926503, 0.661232183432077, 0.662516347741399, 0.662231371609732, 
0.65534926776252, 0.663747620704952, 0.663862801396721, 0.641685176845476, 
0.650673779882378, 0.663504615667924, 0.646579703002901, 0.653570951935446, 
0.652434204421681, 0.658882036901318, 0.647855995647846, 0.665918621045508, 
0.659750921081728, 0.652025726057701, 0.66472759024011, 0.650862813495311, 
0.665395310406135, 0.655631756073729, 0.651510107785428, 0.653993450492999, 
0.646197721487472, 0.642799917636994, 0.636139454143838, 0.658242525836659, 
0.653953615062965, 0.656932766465864, 0.653821012230987, 0.656758842455807, 
0.648731140747814, 0.650046675753726, 0.64740393990049, 0.658128468317, 
0.654070764307098, 0.664121290231275, 0.662638924186805, 0.661292143967083, 
0.650341646094333, 0.64709143502529, 0.66217744806224, 0.66373880264959, 
0.644973882215428, 0.651739626960583, 0.650835249136879, 0.666274730898111, 
0.641503928478447, 0.662718588852919, 0.664170436861932, 0.652266712657135, 
0.642489951711652, 0.658555947904056, 0.678850868094018, 0.652483119017457, 
0.636226735524595, 0.648245658752266, 0.645971978871556, 0.665421600481132, 
0.664628938497131, 0.652161255490023, 0.66098279954447, 0.6625483021363, 
0.653985551445571, 0.658789590492322, 0.655745141006108, 0.646039018791276, 
0.647054152670168, 0.666353586637112, 0.664446803749117, 0.625212175488237, 
0.656302297404404, 0.670047904983717, 0.657582296919459, 0.655224652081033, 
0.643673334545154, 0.659763708740572, 0.636877398568778, 0.657879472283289, 
0.652376279296978, 0.66315765606338, 0.639650384808452, 0.652496682565002, 
0.653100039197279, 0.656243654581097, 0.660781200326053, 0.667509585865776, 
0.654128337127952, 0.663209559495843, 0.670487244603492, 0.654257749287094, 
0.665375382546395, 0.65397949952715, 0.650387805404531, 0.660674708495576, 
0.639398650542353, 0.652111655418163, 0.671186516335703, 0.673699518099414, 
0.664224963598898, 0.648756395811987, 0.65024968443951, 0.651955485977006, 
0.67038513473595, 0.66211659705047, 0.660432764989129, 0.648958100175841, 
0.654999750519933, 0.650112214410078, 0.6591565735411, 0.659822351518392, 
0.668230198520689, 0.673394258951175, 0.654035582065469, 0.637366902856719, 
0.653009123465806, 0.659902213966824, 0.661040729277769, 0.641819098291315, 
0.650688070429023, 0.662609415104682, 0.648575937528927, 0.670544489082649, 
0.631641603228519, 0.660123860778919, 0.66930289079668, 0.662188714065952, 
0.664451975961203, 0.666464125991196, 0.661888619298622, 0.670041678567241, 
0.656418527741442, 0.654252382874203, 0.655012185086741, 0.671427673198863, 
0.646059252114921, 0.634216979542142, 0.6450674679925, 0.66446215031894, 
0.64045076944501, 0.651082255442252, 0.647562619042731, 0.656654056236177, 
0.661642412172668, 0.663776409764625, 0.66297244478103, 0.633699340480261, 
0.656280265303426, 0.651568949932172, 0.652874042539534, 0.646354159322709, 
0.661799077857567, 0.642928880155241, 0.651744213848604, 0.678243034948031, 
0.653502800647015, 0.658292103861504, 0.633753797620838, 0.665846333925042, 
0.646336934112181, 0.645447347482156, 0.650780606253805, 0.683710924445334, 
0.66710347661472, 0.657485138777127, 0.662111101414502, 0.665207263546194, 
0.637064796193997, 0.662864660249515, 0.653795834864846, 0.64220521558618, 
0.655517634060069, 0.644992725974692, 0.651464491452464, 0.649294283220987, 
0.661878848478055, 0.659573772979396, 0.664879923016047, 0.642879009701545, 
0.661094073951674, 0.667626523707866, 0.662435066156212, 0.665657001044068, 
0.682354787038801, 0.657897962948822, 0.657998845508967, 0.668868192530439, 
0.664176371006744, 0.669062652069634, 0.656699503667944, 0.661894671210487, 
0.657167847547182, 0.630424988779759, 0.655862520588047, 0.647979751709427, 
0.661113553054344, 0.663962130844939, 0.661568461715422, 0.660036893438742, 
0.648720850324709, 0.646270456113694, 0.649766838187862, 0.643231406215039, 
0.658409267348703, 0.663263124930703, 0.661293508042252, 0.643031984679447, 
0.632397752240389, 0.65952299755592, 0.658284414582354, 0.67156330382305, 
0.656127221100153, 0.656484233591042, 0.658129054466452, 0.67057255603433, 
0.640419625427148, 0.657462335209986, 0.648739389981194, 0.658649982029377, 
0.655764613409325, 0.660965030516123, 0.663038811724258, 0.648590604486407, 
0.661090908408545, 0.66188546368909, 0.641168632048207, 0.646767351612301, 
0.64349641375982, 0.646282293665661, 0.653418893595223, 0.662816295681177, 
0.67096808138709, 0.656049179103104, 0.65397645349247, 0.64548204147789, 
0.653434866670575, 0.65920363086732, 0.650692598519194, 0.659856242588474, 
0.651494386133014, 0.651376106800732, 0.643452353951882, 0.644255468185568, 
0.643175212638116, 0.653769912562795, 0.657287952205578, 0.669672748550233, 
0.650251254817457, 0.639934624872764, 0.660178697398381, 0.661731556865981, 
0.6517187365887, 0.651711814633198, 0.65170693364512, 0.655435109479742, 
0.652906235783925, 0.665082246415621, 0.660408918874505, 0.653123954200098, 
0.651422747095387, 0.659118694647002, 0.661897426113824, 0.648758083315599, 
0.659217354115791, 0.656386425062196, 0.639238109013327, 0.653111604480035, 
0.661608277117362, 0.650886695405741, 0.650032138274855, 0.670273421071407, 
0.655233471406705, 0.649838027288912, 0.660072560359168, 0.653426389166414, 
0.642324753340163, 0.664234939722279, 0.660076590752941, 0.653553206765587, 
0.643683289426432, 0.6450559724407, 0.645070966759633, 0.642136257387107, 
0.648692021145845, 0.659298153879219, 0.67155145478622, 0.66103246832134, 
0.632540939166775, 0.654508708683814, 0.646652711268713, 0.657356051007398, 
0.665276650328562, 0.646351310994411, 0.649020730373987, 0.646398452804487, 
0.663454262432947, 0.661577152253006, 0.659074501988963, 0.639618184418364, 
0.668176648245308, 0.672605175842844, 0.639912444394043, 0.660735437737069, 
0.645476849921808, 0.629425090965475, 0.644856649311508, 0.641083491720025, 
0.649203883030902, 0.654286304003225, 0.676450510876876, 0.660006863753362, 
0.665379624027106, 0.643734266555296, 0.672155198924008, 0.668236319978873, 
0.6564956673941, 0.660741318578394, 0.63397181256688, 0.659781070263394, 
0.664153190592597, 0.660970656780086, 0.633181318532779, 0.66088350982558, 
0.647615602759136, 0.664901060387737, 0.654089867744765, 0.664681299645434, 
0.663607095813543, 0.64162294685495, 0.653609394231333, 0.660561184828737, 
0.646996052855727, 0.65483712597154, 0.657111669510108, 0.646667347619447, 
0.633437180896272, 0.658468292887208, 0.657907985760907, 0.641385853357132, 
0.647736567161022, 0.672455606925998, 0.651715217920054, 0.659269753706985, 
0.633241019743764, 0.657507155296832, 0.649493037012528, 0.665823968312285, 
0.656586430691924, 0.638254274382288, 0.664299936336711, 0.650969572424421, 
0.661395962194617, 0.652330701491333, 0.654945844378226, 0.647726946149171, 
0.657824723115087, 0.667011710034177, 0.658101952339384, 0.672105094484882, 
0.644286044937809, 0.65532631400432, 0.652551571890765, 0.652669411273327, 
0.646476135288949, 0.668495847922326, 0.666799140895125, 0.625056357539384, 
0.6543320602874, 0.653330300854534, 0.667023829262872, 0.665706213392705, 
0.651978919075614, 0.652425980385361, 0.658185064010397, 0.664155103013112, 
0.670842694028545, 0.661714664800568, 0.657187505723707, 0.658273241463123, 
0.653425127043732, 0.659620376367365, 0.663950378909862, 0.63920930446888, 
0.663909093761241, 0.640608176100196, 0.631917823317309, 0.644886417130477, 
0.673861036679427, 0.665504541271723, 0.646779873331206, 0.64167459300895, 
0.633954555834095, 0.66078964744593, 0.637833223535996, 0.667404695707821, 
0.661641852543994, 0.650222563119839, 0.644726646356764, 0.663601798236312, 
0.649785943812218, 0.653823215155176, 0.650130282384477, 0.653199732366207, 
0.662942669604649, 0.662558995532827, 0.644645676116567, 0.669687679881749, 
0.652883242444452, 0.657338480494693, 0.671510326525589, 0.645204277535204, 
0.649601376545832, 0.651725031946638, 0.675853214149371, 0.664661276513505, 
0.655935511821588, 0.646442484524661, 0.641678474331893, 0.663194932655162, 
0.663076220648455, 0.642360140318583, 0.651171898563907, 0.646580598778698, 
0.655708473386629, 0.65019081559992, 0.651716023838044, 0.640815578915778, 
0.659264873374208, 0.666909637466597, 0.670445309653159, 0.655679432167008, 
0.665514054409847, 0.657637385838673, 0.669092236819318, 0.644679715695615, 
0.64646207038128, 0.633350475873573, 0.645200913388587, 0.659352171518409, 
0.658965461074284, 0.657390413232, 0.6537688295563, 0.649830478828483, 
0.666035555914174, 0.664538169466666, 0.669268922029312, 0.669676502453689, 
0.650263052522827, 0.664844576840861, 0.651638014439242, 0.653416424315828, 
0.652908286296042, 0.654559173297284, 0.66954680969153, 0.654436737695706, 
0.670121102601112, 0.667322512849965, 0.65413021894078, 0.6559600953956, 
0.645986439054481, 0.663886278878743, 0.650082167903924, 0.651114964703364, 
0.647122869327159, 0.632826141927343, 0.646821140513424, 0.641010812372195, 
0.663522878949404, 0.662093238361072, 0.664252281559863, 0.662328317573571, 
0.65733991586742, 0.652457350050481, 0.646840134180282, 0.65678825707469, 
0.671606922489488, 0.659446280647736, 0.659255956442272, 0.66585675270277, 
0.649443808950818, 0.658703908793711, 0.665303391689163, 0.636567331129938, 
0.653070399315355, 0.663812028560117, 0.656938272567256, 0.65632693747308, 
0.649215857654237, 0.652339301963599, 0.648089102781908, 0.665667198909817, 
0.651092846825648, 0.649828464938758, 0.663705221142068, 0.659234838564625, 
0.659880453565163, 0.656215369303036, 0.645808305965769, 0.665229239591615, 
0.640864848637346, 0.646774585341522, 0.664953865786905, 0.649532395141549, 
0.662355830256387, 0.671703487949792, 0.64025969052984, 0.662852282502889, 
0.646601675594103, 0.644834300823758, 0.646646905409597, 0.642552244607919, 
0.660730687636847, 0.669334933744175, 0.651183592875713, 0.66071961524199, 
0.645098317978, 0.647695610727982, 0.642882612560643, 0.66091973711743, 
0.65495223813225, 0.626496069919806, 0.64835131032311, 0.648541986807975, 
0.651016680251461, 0.646796057445009, 0.65614003287184, 0.671123942147226, 
0.670138506331336, 0.649124760993597, 0.66845478969699, 0.641723774799569, 
0.66819645895827, 0.657869891403931, 0.658853020799784, 0.65180163521643, 
0.648356663271863, 0.631368951679388, 0.651102771630617, 0.662980747120065, 
0.639484400696636, 0.654710701536462, 0.647887939772221, 0.654316089616257, 
0.653790549487176, 0.662020398732467, 0.646122926275276, 0.670285971297039, 
0.654971132220834, 0.641905680968967, 0.631328102562772, 0.666985648666488, 
0.653531385839518, 0.657817712681226, 0.670340514182093, 0.660158123202664, 
0.657134858662537, 0.665468966744139, 0.649510349790157, 0.643998823837726, 
0.638340348401303, 0.678127617070691, 0.65973415278135, 0.661183355371509, 
0.646287184246736, 0.650793623842442, 0.666666291158204, 0.663868866390921, 
0.666959439735428, 0.645948479770699, 0.67934580738342, 0.665133220684639, 
0.636294650604343, 0.650406957806311, 0.635637290046513, 0.655380959348637, 
0.653969738469026, 0.658435085135408, 0.64902617533149, 0.646356314823734, 
0.658578508549752, 0.656698071998348, 0.668499871251297, 0.667853432625177, 
0.658885596026338, 0.646152405060303, 0.641514243736041, 0.647961071733171, 
0.644906821114264, 0.64719125134722, 0.659082982423256, 0.662189782483411, 
0.661810996472908, 0.643024145358458, 0.667002264322684, 0.64024515875488, 
0.662719161688636, 0.632109188550478, 0.667457830640419, 0.65783107144593, 
0.652848946462793, 0.652028426501364, 0.660104342356987, 0.649472139892477, 
0.668716383414734, 0.657548494137739, 0.658127094972483, 0.669383705036957, 
0.641818213807748, 0.654970725066265, 0.642369083079778, 0.651482346802372, 
0.662841130131155, 0.662516531084334, 0.636061423726094, 0.635105942410433, 
0.667471155122929, 0.673814009848598, 0.658782564333108, 0.663325204614975, 
0.66589177098755, 0.656620850404392, 0.632527402030451, 0.659469943140974, 
0.638508642780398, 0.64966069793372, 0.661429215503829, 0.644728732739418, 
0.654698774945611, 0.665021736858727, 0.65433482688994, 0.661504806978178, 
0.667665789534576, 0.662153721129794, 0.629007043563386, 0.664641886338944, 
0.654257530718225, 0.659907849396884, 0.665765823376233, 0.657788813102272, 
0.642425198091741, 0.64933255188787, 0.651236868015012, 0.669296666018551, 
0.662719235890408, 0.641665713720321, 0.639927419308013, 0.649374012419405, 
0.644550795098797, 0.65233720342399, 0.657846443319193, 0.665693225426295, 
0.62586443043026, 0.644999219066391, 0.657911313390331, 0.658460977171422, 
0.639102523642909, 0.666900429199317, 0.650836283796858, 0.661204958749116, 
0.658615412376012, 0.652036596658187, 0.646648402113516, 0.649437199000179, 
0.644014599862764, 0.65620507158198, 0.662794810537513, 0.661601101063334, 
0.655116763082769, 0.651233969389391, 0.660132943689448, 0.661609150255396, 
0.661583233490816, 0.658665377672297, 0.657533615382002, 0.64836267511374, 
0.647345343232078, 0.654151987877715, 0.657929731945533, 0.668881540200606, 
0.641114867967091, 0.642789032001395, 0.65086644832763, 0.662420727181901, 
0.641360537859344, 0.661094769497082, 0.648396809467562, 0.660072072794644, 
0.653873571851804, 0.64847509799102, 0.644451776549921, 0.671245061255324, 
0.653105227045867, 0.670520101745402, 0.670635298597213, 0.653817720615371, 
0.665360312784863, 0.674092919767711, 0.65213558471979, 0.642576078164857, 
0.648699761871871, 0.638555855093597, 0.668524739824741, 0.64845652725961, 
0.662978407787162, 0.649873519371855, 0.662468566424385, 0.656844491939068, 
0.656054180548939, 0.654403633472048, 0.646633910777077, 0.659549545474431, 
0.664026886081077, 0.648187430474505, 0.654696276020128, 0.649829658661197, 
0.664409689143689, 0.657298966909097, 0.664957689056344, 0.655169524828449, 
0.657135904177154, 0.651754076001072, 0.650227302688196, 0.644784712075083, 
0.660276943809948, 0.646163891317405, 0.654353714314736, 0.652491368563597, 
0.630368364252165, 0.660293301976757, 0.656791605108927, 0.661043891286725, 
0.654144259010488, 0.649834194733556, 0.653847571300726, 0.657843277283417, 
0.660894816053796, 0.655093422661178, 0.651709126760489, 0.636980184254882, 
0.659558056582692, 0.635235489128345, 0.637175343572513, 0.660404495949036, 
0.677654055910809, 0.659196692739722, 0.656453267665766, 0.654087483774268, 
0.667984594959854, 0.665910185917357, 0.644152811643295, 0.65565826905577, 
0.658051490495618, 0.669042794569045, 0.647653698090879, 0.656663419252521, 
0.654893415646174, 0.649093035156341, 0.654611572257846, 0.651932550574472, 
0.645630407982441, 0.667954507259323, 0.6540996674722, 0.649751482034281, 
0.662608152376125, 0.628038042019387, 0.658679253016641, 0.642703197720679, 
0.666470317357621, 0.671180536585388, 0.657453400002245, 0.662130860898781, 
0.656924537516057, 0.650566770169403, 0.640006240602993, 0.651948191753626, 
0.655726339039059, 0.665804421354243, 0.651555006837476, 0.655611683378408, 
0.656731950458052, 0.640222579752007, 0.655561011394745, 0.645008812566424, 
0.642391088064305, 0.652601853306038, 0.650469700565303, 0.654912747169868, 
0.664207074612466, 0.663672859921896, 0.661732699540634, 0.649073302976569, 
0.648695829020784, 0.66049841063776, 0.668523913759854, 0.660945091017907, 
0.657585649490011, 0.660662357273007, 0.662282471596618, 0.659614371946695, 
0.646773300803842, 0.656267107662503, 0.644772722124166, 0.637550551460616, 
0.640825031052612, 0.662870715052394, 0.663997279198743, 0.653787002032888, 
0.652003943120041, 0.653445867057181, 0.667024219227947, 0.651449631755448, 
0.648679519213087, 0.6485983408357, 0.660009252995285, 0.64485150245386, 
0.672435579509529, 0.663102555434832, 0.673607465745879, 0.655882713644773, 
0.650944440830853, 0.65650181757232, 0.666713405516441, 0.648534321312509, 
0.659706775805114, 0.673223924213042, 0.660015949313173, 0.663875218456864, 
0.65571715039108, 0.666707558284661, 0.650006925184109, 0.63421675041451, 
0.655035349574774, 0.646279317655201, 0.63798911103229, 0.661133835453672, 
0.637613478043935, 0.630513651960544, 0.663421056659792, 0.643423141293462, 
0.659905283480009, 0.654010528217873, 0.652860446331967, 0.659273396201304, 
0.657479656504997, 0.65735159428478, 0.648880356542123, 0.640337306275091, 
0.664370350543732, 0.665454955692006, 0.660800187795485, 0.670981630818246, 
0.640232468315326, 0.650105205401836, 0.632305724546142, 0.651076692028373, 
0.657462783795336, 0.657822868481805, 0.656956702841213, 0.657897281879295, 
0.651885928771211, 0.658519452174825, 0.652544646113551, 0.641368259574342, 
0.658670085700734, 0.644649397085886, 0.653760911557578, 0.647794028688306, 
0.638331457500781, 0.655328206849908, 0.648842404686953, 0.659262125755102, 
0.655185400486108, 0.642345993797314, 0.654866516924559, 0.671890909987919, 
0.657822592640922, 0.662734223247129, 0.675458761059535, 0.669174730692885, 
0.662073656493237, 0.653186637187123, 0.65872302307276, 0.655528529167787, 
0.650303237737736, 0.656514963475015, 0.650088770667967, 0.638954690867422, 
0.67778549834012, 0.645726918056514, 0.664826325134283, 0.659036957465058, 
0.660833310833185, 0.652439497017862, 0.658364312114946, 0.655369687380012, 
0.666434228647664, 0.655620528452273, 0.663275111114927, 0.658854471317412, 
0.657211713027243, 0.649911997170999, 0.645235913210236, 0.66521668681344, 
0.637970575006805, 0.657483772649001, 0.663350930859705, 0.662720890288336, 
0.660335388946762, 0.638824460302502, 0.651832635707456, 0.644863573698528, 
0.656913234501336, 0.652179620074198, 0.648152442376485, 0.650787931690094, 
0.637603674169489, 0.651935707860776, 0.661293245411828, 0.661750201910314, 
0.645526516734721, 0.646361985342761, 0.653039112065532, 0.660657799976345, 
0.647217322169745, 0.663128204297757, 0.675145114009664, 0.652212617751385, 
0.667839795992686, 0.6552312670024, 0.658111408957395, 0.650907189791435, 
0.66267188071377, 0.666314789976722, 0.651916459343203, 0.665670254115964, 
0.654149075292443, 0.648430878911683, 0.664572909102985, 0.656142135769816, 
0.646172567061071, 0.66229085910353, 0.662988633220374, 0.667618479842267, 
0.669700778327973, 0.64730686073133, 0.670879352182923, 0.650396883150006, 
0.669211758642493, 0.65426114751147, 0.658151495602281, 0.65662873489706, 
0.662482784553303, 0.647266451502815, 0.662889939766775, 0.661155395743403, 
0.657881857410914, 0.65279437504173, 0.655773128789634, 0.65810428679832, 
0.665394509714525, 0.675003828333246, 0.646902800759322, 0.647792256360689, 
0.661841813833992, 0.657019434479865, 0.651103644292558, 0.650772782310106, 
0.656717215581808, 0.657397604166834, 0.651661568800119, 0.648153530220886, 
0.642539346703779, 0.639736231125189, 0.657199140398145, 0.663860439790493, 
0.636325997284058, 0.662322036670288, 0.654020563239511, 0.665741986321253, 
0.659583937350745, 0.657535449618138, 0.650226733457958, 0.652604040890092, 
0.662142438524656, 0.653890654178583, 0.651333122510045, 0.659792522113461, 
0.644211204767606, 0.651324668145446, 0.659407648469026, 0.655146413948225, 
0.65765361114061, 0.658935308758421, 0.65511878599666, 0.651378184849691, 
0.654816428244628, 0.653136446492556, 0.644857488921739, 0.662180429977715, 
0.643226002525517, 0.636081150287315, 0.668993993625814, 0.672411767435153, 
0.65988755700932, 0.649953647492297, 0.646359154925283, 0.658359257870664, 
0.643811934924726, 0.638164847339564, 0.653806428750396, 0.667142987766973, 
0.656420450404515, 0.66274282339452, 0.654489231239727, 0.659232657284305, 
0.64177405035998, 0.646100275002769, 0.665283215653021, 0.661380304932449, 
0.659524138434082, 0.645905512973428, 0.665620380359738, 0.634737649669196, 
0.658722606735582, 0.667899787311773, 0.674761643582739, 0.651032584474373, 
0.661123375691241, 0.650123867484506, 0.661634436152326, 0.661543594595354, 
0.660095030245704, 0.649827159170217, 0.652882948326155, 0.647541731966684, 
0.645737680569902, 0.648766558269186, 0.655463260805822, 0.632958147867669, 
0.657122345141147, 0.651860037511132, 0.65711348328491, 0.641096695251726, 
0.661756895116215, 0.658406288377595, 0.65026139693874, 0.653776695533338, 
0.651954059555299, 0.653191973645804, 0.655899071539153, 0.660208977047642, 
0.653908027234073, 0.652190989122549, 0.651210063277566, 0.662182492142678, 
0.640661402609917, 0.659703690582247, 0.655712500115106, 0.662336773608839, 
0.66375212706252, 0.653632713374379, 0.641653785963035, 0.64017225249206, 
0.657032825661772, 0.657906883401729, 0.659164449841421, 0.653929464526609, 
0.649522060446547, 0.663817561216095, 0.670911485326921, 0.672938523740753, 
0.671752104252532, 0.674286919428244, 0.678293485904254, 0.666379231087809, 
0.656515087852059, 0.662553927046442, 0.660240497047617, 0.657175804861434, 
0.648146801083908, 0.671040568430977, 0.64301088820816, 0.665992036724516, 
0.662297377160114, 0.654108525726964, 0.647344247608956, 0.661782450365071, 
0.655636809382203, 0.662627014303596, 0.667762651300995, 0.627195251164663, 
0.664389251476346, 0.663147385147638, 0.64616952669127, 0.637167331408992, 
0.646071406768101, 0.649965052342688, 0.651641558358605, 0.65245228189884, 
0.636903777437304, 0.650667085788296, 0.665645042259382, 0.657569817085786, 
0.663601736019425, 0.662695834304561, 0.635593812363918, 0.650745309366118, 
0.651397817876055, 0.653465250833858, 0.668533509587677, 0.673452889440449, 
0.654990761814289, 0.647863339568867, 0.676146053345636, 0.671364106648499, 
0.642783249236906, 0.670158912975575, 0.661397292438908, 0.663579627199732, 
0.667277614350422, 0.648192643844195, 0.653865397988261, 0.660686859670238, 
0.664456609654564, 0.648202809067689, 0.648940688063598, 0.657068406472877, 
0.658225373652595, 0.665005139590435, 0.669197531644576, 0.657026478807163, 
0.667045922240491, 0.647961798884348, 0.654055357254147, 0.648943836959022, 
0.668286184974004, 0.660129706178143, 0.640978059878378, 0.65947267171725, 
0.646463074975441, 0.663169168575586, 0.646479576980131, 0.669397305897301, 
0.640152707446053, 0.643990347831986, 0.664710854495286, 0.649617739954596, 
0.655026718677053, 0.663508350464433, 0.658067263034193, 0.671302399007608, 
0.661725259451558, 0.648892619155366, 0.656752018257121, 0.665289979895046, 
0.655829143303071, 0.658497877698841, 0.664872773093864, 0.651779069074826, 
0.651079141673305, 0.638941402017136, 0.635259661430292, 0.651750634761359, 
0.647299946160788, 0.64699688123672, 0.638748505116386, 0.655899794655948, 
0.655759450016609, 0.647684627208331, 0.651678785232698, 0.669195969378724, 
0.673525617399674, 0.622938319147387, 0.673208435720139, 0.673653278197405, 
0.654904318445197, 0.657189346444877, 0.663930911726346, 0.649410155125043, 
0.651938136056338, 0.641442091220365, 0.650532208671917, 0.640562563845446, 
0.674384222649431, 0.650427218424635, 0.63421196909016, 0.650327552633098, 
0.640895011924714, 0.666873740777867, 0.660455774479798, 0.665851333688758, 
0.65263717027057, 0.648495503714107, 0.648644572944481, 0.642351684318706, 
0.658506188644724, 0.664167494994798, 0.632941238872078, 0.644558319737911, 
0.657654961178003, 0.64710060203054, 0.667381403633769, 0.653855715810151, 
0.673952837919031, 0.661609882997838, 0.672679562654626, 0.661060153719715, 
0.646654436598062, 0.641172852008957, 0.656795930580944, 0.636847267043363, 
0.658858750386761, 0.649213153524832, 0.660649021926026, 0.654003395063527, 
0.672107650050653, 0.632498450028348, 0.664546200430862, 0.66370460759151, 
0.654512785867757, 0.651474743511096, 0.634362926511808, 0.648765024512977, 
0.654767597062644, 0.655426799883428, 0.661331289217589, 0.660316441456665, 
0.640374363506097, 0.654035630479808, 0.647322909160711, 0.660429089242713, 
0.650618168675111, 0.657208890497843, 0.663379616657563, 0.646382635304382, 
0.655331894496072, 0.65663178887892, 0.664575875731219, 0.665710541428614, 
0.645861501509192, 0.646043474525462, 0.65999946516843, 0.642892884820834, 
0.646570599241842, 0.654011504309285, 0.661726851442538, 0.652952640507817, 
0.66223131135132, 0.672735780456434, 0.651012798113693, 0.641959083108559, 
0.654682700425486, 0.646198995749499, 0.653293136994304, 0.662462977357004, 
0.653365112886085, 0.63594984189763, 0.653213471151809, 0.658788340498453, 
0.64249616660406, 0.652128290073362, 0.665710189009082, 0.6789421725231, 
0.667962578970667, 0.653405657783872, 0.65305033463166, 0.646514208075561, 
0.659269017856659, 0.65713636473136, 0.660368399871969, 0.652272812478364, 
0.634257260874928, 0.643834146035821, 0.652522883395766, 0.650898165933288, 
0.653281456420563, 0.654706711497089, 0.66212862469292, 0.651253698390442, 
0.650787918291395, 0.646143924300683, 0.639052238420794, 0.672421088497776, 
0.652914667676374, 0.655667902814244, 0.653224107106755, 0.658228532248448, 
0.646413820529938, 0.673372438890465, 0.65534148762255, 0.653680461323503, 
0.639311268771543, 0.659043981927451, 0.651690308048546, 0.66266374720475, 
0.679644159652241, 0.668143407956783, 0.651499157178533, 0.657303827259452, 
0.660454821488416, 0.660616188441008, 0.655392256786463, 0.649319384567793, 
0.655856954037639, 0.653567029930518, 0.658503401474809, 0.670643973674112, 
0.661350836250645, 0.659319886474875, 0.642621842406192, 0.651202930200735, 
0.648833431825147, 0.651793076619894, 0.653991311041098, 0.652503672411854, 
0.667265869709691, 0.647871520917745, 0.644809002392831, 0.65954604380983, 
0.654605033104493, 0.640732434210791, 0.670293283665829, 0.669036112100081, 
0.65661142420478, 0.652304581053365, 0.649881033882341, 0.657646993664845, 
0.640082786280758, 0.654912266420108, 0.637457514585644, 0.64563781330222, 
0.660454310359312, 0.668840129938494, 0.653376758545017, 0.659563186817144, 
0.645218248487052, 0.65747212949496, 0.654193288136818, 0.642558493806827, 
0.671107515107445, 0.651546131619219, 0.656091815163101, 0.646556269049106, 
0.645611957804766, 0.670047034083326, 0.654915429544333, 0.65434488803254, 
0.659910247690688, 0.669016202241025, 0.647245913832442, 0.644484594256269, 
0.647415201598299, 0.660982230631371, 0.647365284512784, 0.663625552464693, 
0.659250290582316, 0.631475248529645, 0.668252072069125, 0.646015522129258, 
0.648242656556927, 0.646908869148334, 0.667199902262601, 0.665289100570235, 
0.657878073736677, 0.64277281078203, 0.663260808096232, 0.653961914486168, 
0.652567534737357, 0.656848757876518, 0.669846047712913, 0.657548136615932, 
0.643930216810239, 0.653471712282943, 0.642318857103354, 0.648170331430306, 
0.656287965767726, 0.654231069332601, 0.661043433044427, 0.654371050471022, 
0.644988584382359, 0.665894749449109, 0.654300669842638, 0.643800465359124, 
0.661914625151686, 0.643246056102235, 0.662893325314363, 0.660344514541488, 
0.649757117642341, 0.642348693391924, 0.648949135909702, 0.670123931494163, 
0.632557458281398, 0.649845358443003, 0.638433092664904, 0.666521414445969, 
0.648247135510864, 0.658855546499894, 0.674189006400508, 0.662863706361591, 
0.672458483355012, 0.670904896869036, 0.651029671216779, 0.657218272080078, 
0.646322568143276, 0.660005720087642, 0.647872634247826, 0.657206104855886, 
0.663654680072261, 0.651503147631201, 0.667750885769524, 0.650362643321307, 
0.640101934290199, 0.657431746178953, 0.656644319597743, 0.641331627502827, 
0.662263035662854, 0.673278539549362, 0.662435802582325, 0.652331491699757, 
0.649083897869154, 0.656340759363875, 0.650827550799329, 0.654857975448582, 
0.632439675141133, 0.654438631612817, 0.664349604051683, 0.661903477399773, 
0.654000059999769, 0.658796733063962, 0.642692424907035, 0.652156094631697, 
0.656164838037404, 0.678255349141522, 0.650462266296946, 0.631045584554195, 
0.659302474952475, 0.641634336372818, 0.666127524108965, 0.654634943223214, 
0.663080126263104, 0.640064382312534, 0.673392609949213, 0.640813416921393, 
0.662281695054452, 0.655419370349324, 0.644169627973288, 0.672991125779169, 
0.659749070868696, 0.66509844919511, 0.657807103809595, 0.66479510832016, 
0.651270822845886, 0.660410530274731, 0.660296204210376, 0.675563233353334, 
0.666364742660987, 0.654930787375929, 0.651384703280865, 0.645735224094033, 
0.657871167331995, 0.656367700221434, 0.654342651121688, 0.636270385208919, 
0.656548260686514, 0.654521972704537, 0.648849856495125, 0.656261874777046, 
0.651900959678137, 0.65610579533334, 0.65139601459637, 0.658735296996605, 
0.65802250176186, 0.660766413332526, 0.656061639959127, 0.645981014764965, 
0.657918106243461, 0.660247092689026, 0.658379970301178, 0.646057978256707, 
0.648699505080631, 0.652950377913057, 0.649773843853393, 0.659053717655702, 
0.643912899449248, 0.656194546041015, 0.665178401759333, 0.647461493427402, 
0.652400680608459, 0.6436605752455, 0.645902104792071, 0.659083564571615, 
0.668621962737349, 0.648383269124656, 0.664451125560167, 0.657210401472656, 
0.652898450197896, 0.668532590501802, 0.6610881730476, 0.655792987166065, 
0.644700612308786, 0.670389991590061, 0.665290143847386, 0.654443594605986, 
0.655794539036342, 0.650024167829561, 0.655132341340905, 0.63837850089925, 
0.671310902221851, 0.636857479620849, 0.647099972541229, 0.655104056102374, 
0.656494642031157, 0.653239956491155, 0.675338882676339, 0.664393741937184, 
0.672919697350733, 0.642955282269409, 0.657454842547095, 0.645014388133558, 
0.66881920024502, 0.662033408464709, 0.664624425353263, 0.660846231471821, 
0.65413451868827, 0.662906066497601, 0.657660622827024, 0.681726557030894, 
0.651193340754584, 0.654491418139028, 0.649100727795647, 0.661185546277916, 
0.664763625801936, 0.644161840876475, 0.661913175502093, 0.634916934995543, 
0.637186012155679, 0.641110024350726, 0.666470020178869, 0.653330904005648, 
0.658371232927377, 0.653216223644893, 0.640582381321082, 0.644392243362074, 
0.659195498919602, 0.651895508261819, 0.643785897648222, 0.660720398373086, 
0.662785848297672, 0.655386705502577, 0.625194386088192, 0.660544057449678, 
0.660505249404812, 0.663049377691261, 0.634230385089486, 0.641312891780853, 
0.643750728358714, 0.652393489794929, 0.664722400528103, 0.660426366869919, 
0.656335150116864, 0.670010367741702, 0.649331572581663, 0.646319729679022, 
0.647268549069592, 0.642968327104004, 0.654806769592977, 0.637951233620749, 
0.655072533427485, 0.663712639686325, 0.657149834917908, 0.654587693775624, 
0.673545584421534, 0.660294602317997, 0.664683317059192, 0.64400815258358, 
0.643102770157532, 0.654304321627956, 0.652892730848289, 0.64693118773318, 
0.650577726280421, 0.656347332687896, 0.66293148258202, 0.665021132818435, 
0.646476499662112, 0.665325051595272, 0.662756097513799, 0.664207305810083, 
0.663948182933842, 0.661014831306745, 0.637240370955107, 0.659388366033637, 
0.650223684917733, 0.654295389703749, 0.640427939175445, 0.66398436587217, 
0.657689852968001, 0.65773320234534, 0.66556624734153, 0.680319450605745, 
0.64032808430875, 0.660658235286194, 0.645722262081167, 0.655455542576947, 
0.661810483234283, 0.668333088676583, 0.653542339320596, 0.661906629300231, 
0.651245500217403, 0.654918678510781, 0.662136763551866, 0.666461230825615, 
0.659322161243526, 0.655784396662175, 0.657500364482674, 0.6471081763788, 
0.651903437692087, 0.642387391713793, 0.654917891388876, 0.672570848692678, 
0.640713321981924, 0.666900120199684, 0.662073584396614, 0.641120781710769, 
0.670198256129367, 0.650671283469082, 0.650400388303138, 0.655422669308903, 
0.662119091820217, 0.669254362306076, 0.652622675234057, 0.660165777223434, 
0.643965163730098, 0.666252022333933, 0.639239023147168, 0.660204966562709, 
0.652833338326707, 0.647407901805641, 0.649896476252843, 0.655607652108154, 
0.650346891968662, 0.651093730941138, 0.642599199124665, 0.66657432448747, 
0.667828375093297, 0.647059823047352, 0.66722813230548, 0.639859155845316, 
0.657923189107578, 0.655229009212793, 0.669783698475283, 0.6223503458692, 
0.658108762480301, 0.654266948758582, 0.666824181877355, 0.640397169094276, 
0.660542590632233, 0.672080218779516, 0.664029832833899, 0.663830816717029, 
0.65468994828138, 0.67506812266191, 0.661839202743628, 0.66013127240347, 
0.661996887314633, 0.640749151332262, 0.646365299845262, 0.666408769816731, 
0.661763210759116, 0.651486688596618, 0.631028292669305, 0.660299960936371, 
0.661442773845935, 0.647261042098826, 0.659889209914182, 0.667489364536819, 
0.652860280108043, 0.654795277703055, 0.654941330798399, 0.657520531589317, 
0.641077624256836, 0.645713618169314, 0.659918049037193, 0.661714193895592, 
0.648359791948355, 0.648355206819083, 0.660801473081534, 0.653874003081772, 
0.657899000765196, 0.655402612656536, 0.672368923459035, 0.655060781010222, 
0.648642955755431, 0.669060179821087, 0.635954825900833, 0.664463299951144, 
0.660122365874357, 0.666329780536508, 0.654657166713173, 0.657338715739368, 
0.653797398334417, 0.655142726031913, 0.650491835813733, 0.657758453501759, 
0.655596798818545, 0.654716878426442, 0.660570319958669, 0.665325488518837, 
0.671505503548481, 0.65339102438336, 0.653762708959736, 0.651913558540751, 
0.658240385258845, 0.665204134093876, 0.651937446569412, 0.660087370479141, 
0.651243656588181, 0.645678217720758, 0.664981417155439, 0.641810309560286, 
0.643382309451616, 0.672518959572444, 0.660288513020202, 0.667951821593746, 
0.656044029895011, 0.650937492417568, 0.641634943077431, 0.653832062996512, 
0.654094994295113, 0.654395215901791, 0.671942591367074, 0.665190875845596, 
0.649822426005737, 0.643674152604065, 0.654956877796612, 0.657616370889378, 
0.646274103836254, 0.673797042021289, 0.625598455593972, 0.6545196230139, 
0.651123310394187, 0.65902906223737, 0.640097030204425, 0.655528198153369, 
0.666411000411275, 0.666625627823509, 0.651486995411248, 0.662791310027031, 
0.669131837572778, 0.64687178995922, 0.642678380436441, 0.653594716233833, 
0.653003936703415, 0.661079095380513, 0.653082658542072, 0.667173116027922, 
0.666898656952331, 0.645144744783424, 0.640379750073084, 0.668314428714431, 
0.640605363242016, 0.651158077918892, 0.635476647854389, 0.666380508227953, 
0.632453963019059, 0.647547438936452, 0.654890962369634, 0.645180907244567, 
0.666287114566129, 0.644737876944694, 0.66338053838784, 0.655738624395634, 
0.660172752948118, 0.659735124402591, 0.649569798911942, 0.647816043265222, 
0.655364518281596, 0.631959007047392, 0.658225240813564, 0.645098049272928, 
0.656626857234598, 0.673110988391154, 0.652266164237797, 0.648839123802502, 
0.64349439951252, 0.674570543897671, 0.661799629147679, 0.654480207754607, 
0.658328929651076, 0.666041409001466, 0.656344861244395, 0.67065877270865, 
0.649444895038967, 0.636488836503974, 0.645249870346052, 0.648535455705609, 
0.661542115251256, 0.666012671394937, 0.653208535690599, 0.668488304402123, 
0.661793456183981, 0.662310764062726, 0.655187627950922, 0.658555800796784, 
0.654537335410791, 0.659735410547447, 0.662216810081923, 0.661208358791495, 
0.627999864821518, 0.658717492519705, 0.654186397287396, 0.674952816767795, 
0.664348395336141, 0.65150470154701, 0.65802661051036, 0.66381760279592, 
0.659129203008978, 0.644999977159476, 0.662431631980698, 0.638340456071664, 
0.656762698858792, 0.660607456554204, 0.661071309924123, 0.645927601004199, 
0.63798530681096, 0.654515841099643, 0.665457306387993, 0.665034194432013, 
0.661594563626448, 0.650888102968607, 0.659805208808921, 0.663713448464887, 
0.650284098055792, 0.643082030891281, 0.647779376751153, 0.667949986085389, 
0.651127517828891, 0.657934874164032, 0.666067010784374, 0.654732116101927, 
0.636001090921741, 0.660345648881392, 0.655388596359712, 0.659338320206172, 
0.661492787416342, 0.643951978515821, 0.65417691814904, 0.653316416955705, 
0.6427392517603, 0.660171160781024, 0.665314921027638, 0.656959077509573, 
0.663719706836028, 0.643498916924462, 0.643528872600245, 0.670848728356071, 
0.645667559689105, 0.648298684771491, 0.647630794344221, 0.664381266711708, 
0.654460850450751, 0.653946501548516, 0.656817635967762, 0.66423139040797, 
0.655102729676472, 0.65947117792707, 0.6415355164555, 0.660156778532897, 
0.641213145273815, 0.670751419480905, 0.646567358907602, 0.64762263537065, 
0.640426770907011, 0.651770935713996, 0.642383108539084, 0.651618006143365, 
0.652244733758424, 0.652317986411248, 0.662794200416871, 0.657503021662061, 
0.656537076773493, 0.664423204278937, 0.647879411365323, 0.652949883703776, 
0.655679716057232, 0.66701618129961, 0.645723882498296, 0.663047985549146, 
0.660585470015499, 0.651296075835973, 0.626860156820589, 0.661672060210134, 
0.659110669745915, 0.671496207572044, 0.659774244489956, 0.648529990546168, 
0.655523304655992, 0.654688340102421, 0.642667933197552, 0.650150651009609, 
0.664220032501237, 0.66197956112943, 0.660377632133523, 0.663970648364921, 
0.642459112623199, 0.647942617671664, 0.643736485563833, 0.673170014738198, 
0.658080342686966, 0.650952064757192, 0.65619676553956, 0.650737639070348, 
0.654054181264535, 0.644912603241643, 0.668178232812023, 0.651929045015536, 
0.666769750169978, 0.654164455192632, 0.639869638216101, 0.654275210315971, 
0.634519556888449, 0.658230029418454, 0.651926397598676, 0.650294160660763, 
0.660377746832678, 0.668551180816189, 0.648483088001721, 0.662095563346766, 
0.654466781197103, 0.637727936981208, 0.651840450446439, 0.65407545808143, 
0.654110851065043, 0.66377852840338, 0.654406194724167, 0.653944146299952, 
0.66472978087877, 0.653810780496903, 0.655298239099479, 0.652822538274594, 
0.654418641161339, 0.657005756178108, 0.658612981280051, 0.646703319750449, 
0.656734599285642, 0.659368843328672, 0.62839033655513, 0.653940592291297, 
0.66390452131925, 0.657740141795663, 0.63743059351672, 0.662455281696852, 
0.666142959495919, 0.67140727615382, 0.654144440327552, 0.637351719426214, 
0.650150940409302, 0.647601969972152, 0.662592079105956, 0.662866045923126, 
0.663062448172247, 0.648694054786153, 0.65728641184357, 0.657726624739629, 
0.662875276637974, 0.637329636521735, 0.66776539139364, 0.64244823369129, 
0.659564294011193, 0.645457327312919, 0.636598548611151, 0.669068197774358, 
0.655782262380717, 0.653613754469585, 0.655318979001555, 0.658882520145274, 
0.64693343095267, 0.662430627100939, 0.654229932635413, 0.643380553272925, 
0.656564261865717, 0.673331824136682, 0.649670513705472, 0.653621808549986, 
0.641976755066515, 0.663544781199511, 0.65852292483338, 0.663698351930578, 
0.669357966189132, 0.661624703504757, 0.642370811101566, 0.65334113548686, 
0.667956189610209, 0.670008833128424, 0.655375794403232, 0.667322796778401, 
0.663051938278858, 0.665927512628735, 0.643900295273743, 0.672351079360978, 
0.647095895625713, 0.656906571692006, 0.654059182989427, 0.663652950863357, 
0.644608311121797, 0.659944756006478, 0.648065045113162, 0.681113060115922, 
0.655514004895686, 0.646332547962821, 0.648351376900162, 0.657756411056848, 
0.66653635459935, 0.655497086941399, 0.650319176834497, 0.65496002738645, 
0.657623207699481, 0.660386490753666, 0.647394297245921, 0.662843542725516, 
0.650818328558164, 0.629873075824607, 0.658046922829128, 0.646677564115716, 
0.637543802671774, 0.645585879243686, 0.640870830417145, 0.648455095845944, 
0.65225383656989, 0.659506814845103, 0.651184022540548, 0.665976263231523, 
0.6521267418911, 0.662479753819048, 0.668116397096999, 0.645626144319573, 
0.64941873377217, 0.646100158256367, 0.653280726912403, 0.652580781719227, 
0.650064202349426, 0.662684544641526, 0.646067025239477, 0.644132205738674, 
0.649164673934958, 0.628980269479625, 0.648898890356414, 0.641998324146731, 
0.64038895429716, 0.667461643645598, 0.652660871507678, 0.654509557949413, 
0.661368391671324, 0.641316383947764, 0.65364562406894, 0.658142666403067, 
0.648817530695024, 0.660949499722343, 0.65342604921167, 0.653301840507706, 
0.657401624418708, 0.656625354005757, 0.66874222370152, 0.64476889124175, 
0.660418307984162, 0.659163791419226, 0.651288260993541, 0.663060588635537, 
0.655370846509591, 0.642825205139114, 0.67225384176363, 0.656999880731503, 
0.666354866635578, 0.660685477220032, 0.67183492361279, 0.667878681887261, 
0.668476877042969, 0.652674711374572, 0.655890339224227, 0.631541713444919, 
0.643393468190583, 0.640545268927756, 0.64893628338716, 0.650861459482411, 
0.646016130967278, 0.658058414165577, 0.654191102037224, 0.642979158529417, 
0.670100216373315, 0.656508186445007, 0.668206753881461, 0.659146111391538, 
0.67135722792133, 0.651129513681272, 0.626293622355761, 0.644026196979832, 
0.645922931570515, 0.646027049389944, 0.650096544735347, 0.656191150397128, 
0.639231685294254, 0.654271440160613, 0.683805425793285, 0.651085733894663, 
0.644008752883124, 0.664298930123293, 0.658500163460116, 0.662095785751322, 
0.661779008105759, 0.656247114532875, 0.647654872344633, 0.658332628211072, 
0.651540151066489, 0.650746134216493, 0.654850849109937, 0.646994994697042, 
0.649938653045998, 0.655963413784985, 0.649347553793387, 0.655405135526872, 
0.661337071022062, 0.636906855702472, 0.652029500723354, 0.653927192385252, 
0.670716726553338, 0.653827439507531, 0.645008294492541, 0.661271307179779, 
0.648910488042336, 0.65250955639892, 0.662095701740258, 0.667659678853659, 
0.671738112413665, 0.660629281507189, 0.667190647141668, 0.659866278727985, 
0.663941283924387, 0.650137002367433, 0.671244256401682, 0.659165505372414, 
0.662772001791145, 0.654768572020774, 0.66997942033601, 0.661316259576418, 
0.664780091799966, 0.663154683659631, 0.657039506661872, 0.649631898529076, 
0.663332231538136, 0.679151684175519, 0.675192575445436, 0.660452237916333, 
0.666824834947544, 0.66836142968255, 0.656081222171798, 0.640406232109688, 
0.6522270706094, 0.655722817310647, 0.647155744727499, 0.667075956483023, 
0.654774065922003, 0.665875969401146, 0.648151559179469, 0.670016514266234, 
0.643318976696319, 0.678749685221769, 0.659965946831956, 0.657954854202599, 
0.660174359127179, 0.647825850481914, 0.664975881806444, 0.656640666652716, 
0.657058403105744, 0.660083288496395, 0.642662909157798, 0.665748557078386, 
0.664109608797166, 0.655246900706785, 0.662208863597845, 0.662357238471753, 
0.652894466444387, 0.66757624965903, 0.660900166234771, 0.646683782476995, 
0.657940585754879, 0.667290140561465, 0.651457488453328, 0.651442991918145, 
0.648194678615213, 0.64598548064973, 0.65437221673623, 0.664101588863724, 
0.645432433796292, 0.650391864180085, 0.65585902588197, 0.655473345101415, 
0.669550581837435, 0.646829125741282, 0.658006567753131, 0.659626328631135, 
0.655521093740919, 0.641787363939318, 0.656679155330124, 0.652138870537487, 
0.64863857558518, 0.646914654156129, 0.662484228363504, 0.670645017467297, 
0.661284455330329, 0.665559842704745, 0.651715747789852, 0.671652056171946, 
0.646195309065903, 0.659138782665319, 0.651629331532475, 0.651351058873097, 
0.646407920239008, 0.649996116682616, 0.652689069289813, 0.655864733052058, 
0.659789884281773, 0.655604672576231, 0.661390824901108, 0.650148937333691, 
0.660249048621173, 0.671633145307999, 0.646571230260469, 0.66373234090126, 
0.662277397096277, 0.64787135905756, 0.667019267174616, 0.626832605404194, 
0.650534867857164, 0.642920777196842, 0.657744477337123, 0.674532769084598, 
0.655372950886285, 0.650453317739832, 0.645207417944379, 0.651955943226246, 
0.638722934830162, 0.64831814578418, 0.655434693359179, 0.65145401827316, 
0.642662458180842, 0.657101650080621, 0.649406807992565, 0.654078579883297, 
0.654353227398501, 0.656209476481369, 0.651638955701266, 0.660216151509485, 
0.66165601927737, 0.655539480908791, 0.651741496248816, 0.658994818138129, 
0.647864299569496, 0.665601769200311, 0.656142970596707, 0.660774773240009, 
0.653628996136792, 0.643166267911912, 0.648685921730709, 0.651984888853131, 
0.65122818017377, 0.6547708890104, 0.647859305304423, 0.635926842367818, 
0.659795911446864, 0.667106285869225, 0.653869384634647, 0.67001518634297, 
0.66366578471159, 0.652746759459814, 0.677868615689914, 0.660353052561433, 
0.66311174455937, 0.6512964654111, 0.641175285588579, 0.642476269130231, 
0.663478861705464, 0.656332143235159, 0.671972565390024, 0.670274500544115, 
0.660732541408928, 0.669092212742207, 0.638221621824872, 0.645241566699177, 
0.668012586718012, 0.663513647285574, 0.657527595647488, 0.656738417880859, 
0.644336760189472, 0.642198018787377, 0.64390573265667, 0.648664510371968, 
0.64956216161665, 0.641629457827793, 0.656119271203269, 0.658142685069433, 
0.664782263872755, 0.65237047984042, 0.656525067473721, 0.647302664857404, 
0.649348747764889, 0.643058438046601, 0.672545795495565, 0.654247129459097, 
0.62890042989677, 0.652859877058472, 0.662096863617112, 0.660790984384533, 
0.670447425075999, 0.649193207634865, 0.659442249293892, 0.643072015575861, 
0.671977647810196, 0.645005713917735, 0.654724662094649, 0.658308211107369, 
0.651969626655435, 0.657330084711265, 0.665915158126766, 0.663433682918259, 
0.662574887526402, 0.662807905331447, 0.658756441880736, 0.663732353738345, 
0.641231183597312, 0.650637959881201, 0.673554818646873, 0.649656474513839, 
0.648911570381218, 0.656421791801503, 0.661191467869794, 0.631927207590688, 
0.641982036425934, 0.638147893796977, 0.653203639712226, 0.659838339176894, 
0.670447468701539, 0.666588660697672, 0.645776496642285, 0.667259169943647, 
0.667564819884883, 0.659958736818666, 0.660149213999921, 0.658637610542958, 
0.664896376817852, 0.667946116091932, 0.649572480971574, 0.666962212514977, 
0.650272485766303, 0.658400431807242, 0.650489017413643, 0.655937932725588, 
0.668428064514544, 0.651538442503089, 0.623642428402359, 0.648313766882654, 
0.655647457563368, 0.660831247528438, 0.648099509188401, 0.67372601717293, 
0.656098411845101, 0.675954300332912, 0.635755743566313, 0.648879173634442, 
0.660210849345524, 0.667268009301551, 0.65290082330865, 0.666307158398845, 
0.658018458622225, 0.644217163656382, 0.647226412972447, 0.642015074578059, 
0.665247296947951, 0.652117335222143, 0.659744328376597, 0.668321138204858, 
0.652204037109662, 0.652923834272405, 0.651376275999942, 0.650857671292522, 
0.632047477555109, 0.665378576838627, 0.652585634683168, 0.663322692494404, 
0.66143307999413, 0.660792081789403, 0.655872604459447, 0.657557294431503, 
0.659932147011142, 0.65560298757874, 0.652420682580049, 0.659200149405197, 
0.673395257978233, 0.662249507057708, 0.644002402560142, 0.650067315427037, 
0.650352395045241, 0.639569308142351, 0.656892169855798, 0.654657474107916, 
0.655122328190225, 0.641036510795871, 0.660713748391027, 0.660519030410333, 
0.669296479025112, 0.643021354400969, 0.675960332998275, 0.669442309035507, 
0.663925933125116, 0.65340323082608, 0.64187207337996, 0.662237966709776, 
0.668901205575181, 0.621250143739288, 0.656439678291591, 0.641544526340656, 
0.648339606299751, 0.655609768365505, 0.638402088713102, 0.661119203774006, 
0.662780278749069, 0.645024314078956, 0.648042889750135, 0.650257852373614, 
0.645156084519497, 0.650272312537566, 0.656713984138636, 0.650015995662719, 
0.652592553588203, 0.655347429531655, 0.649664245094443, 0.67247688655339, 
0.657818212830944, 0.659852708598404, 0.648863977289869, 0.676214795782626, 
0.643513835062853, 0.673063635746724, 0.666340226613332, 0.643168201317353, 
0.667281462239325, 0.651319194246438, 0.663450849136773, 0.652315306800554, 
0.655593279060653, 0.662390134301418, 0.66793885370067, 0.652534780775987, 
0.625709860883865, 0.649540386559271, 0.658959124798514, 0.659521142593595, 
0.641148340375403, 0.644907175532512, 0.65298860649231, 0.646967566130944, 
0.665136414160016, 0.656049741296956, 0.6247488201939, 0.631474202375126, 
0.66747217429802, 0.654256510742632, 0.658551601038153, 0.629266978423183, 
0.669973309394379, 0.670539668257237, 0.657147446400691, 0.647268423631333, 
0.65105179287543, 0.658296005107979, 0.663356876829865, 0.656576323035352, 
0.664880191749286, 0.662860444834928, 0.652075891713534, 0.667968747031377, 
0.671085571942176, 0.642485196621104, 0.632982478930939, 0.646295789285819, 
0.659896395140392, 0.667659511930437, 0.636110545843012, 0.656962962992122, 
0.657626656112315, 0.650192533352459, 0.638847879962585, 0.662116386199697, 
0.653673743496758, 0.654581730772731, 0.672853176980881, 0.647110479084352, 
0.652083339052973, 0.670650996287291, 0.649648868833669, 0.650480979924603, 
0.675181155055428, 0.647432400417995, 0.669956505274005, 0.652702885458539, 
0.654598386902367, 0.642965867267007, 0.646675774425238, 0.656123224286394, 
0.656984424852914, 0.6665681180477, 0.648878758609331, 0.664373023326478, 
0.663644688835671, 0.659534744653345, 0.649075842965868, 0.659805330925838, 
0.651833748840144, 0.65737138214972, 0.667891504255546, 0.648272717063903, 
0.630393694277347, 0.646737766893661, 0.643406007098509, 0.651994368863897, 
0.628755163932148, 0.65864963598516, 0.649491115068481, 0.671738525886133, 
0.670085849476038, 0.64717007935415, 0.638625690279887, 0.67184740199667, 
0.660930554592185, 0.636314026414147, 0.657650120941283, 0.649967609938947, 
0.657131021358088, 0.659340045425712, 0.663110782145867, 0.660420162936281, 
0.65116218795551, 0.653277070891468, 0.664687112669099, 0.649072157372079, 
0.665143829103142, 0.643628318049454, 0.663350527277316, 0.640746984378026, 
0.638912029041759, 0.640579296592464, 0.662621433278546, 0.659592182450276, 
0.660144193653464, 0.659092979913776, 0.652678723040053, 0.647053466833722, 
0.648646538422432, 0.64723572355176, 0.653887977812535, 0.664827824950894, 
0.659903479939145, 0.653995435601434, 0.636190301025895, 0.673360072060643, 
0.657875527894857, 0.652809483223005, 0.661617323854097, 0.665121937897971, 
0.651178504775752, 0.649650994274399, 0.659083539060142, 0.658762272777896, 
0.658087996304347, 0.654961845781776, 0.668612678284234, 0.635777760528827, 
0.663085871047885, 0.659647308952657, 0.675807355093832, 0.650638240672032, 
0.647486784575246, 0.647920526793468, 0.659916460804217, 0.653563079186169, 
0.666115494481771, 0.666552302923597, 0.661732298402179, 0.651057193080502, 
0.659507167588215, 0.646582025199833, 0.647735685201013, 0.652613716292431, 
0.654509659932289, 0.667117062040976, 0.642821336815952, 0.658913283681352, 
0.632236071127336, 0.643659521558962, 0.649255339093984, 0.654076449960821, 
0.64198871328935, 0.664913830556858, 0.645256505108094, 0.662847191619182, 
0.652029296452813, 0.668312184799155, 0.655795374107903, 0.659250280452749, 
0.657201762785864, 0.650781380769697, 0.657534238898739, 0.662150398113335, 
0.657443076442418, 0.646834009457514, 0.655273475051239, 0.644960877402982, 
0.676770372736311, 0.654909225447274, 0.658976972415438, 0.636549644183702, 
0.649732360914662, 0.662288546932212, 0.655336812232985, 0.644736627969635, 
0.661031217908905, 0.647161485405572, 0.671441397664821, 0.660392501961759, 
0.655741096756156, 0.65683868724097, 0.638066272727142, 0.648659638430781, 
0.664639333166537, 0.660782196107416, 0.660356129227134, 0.657483113221987, 
0.633134154536689, 0.660113568747005, 0.652522176933548, 0.662209824799307, 
0.662627173783474, 0.655684607605675, 0.657368840819903, 0.667859963406154, 
0.658178389460922, 0.65839342990247, 0.657593833967929, 0.658448383274789, 
0.660102297784792, 0.664131792329402, 0.645965064215887, 0.65025460036566, 
0.647082847999995, 0.66278540489135, 0.628369196057718, 0.656083739096684, 
0.651721462240727, 0.667821569501449, 0.657867302151429, 0.65890192371735, 
0.653990538738551, 0.655071257361573, 0.650769146968749, 0.654059324115056, 
0.662768931264561, 0.661382898283923, 0.660153238771833, 0.633201757251745, 
0.666802837486198, 0.659804366292837, 0.660434960147842, 0.663909464139491, 
0.645250736295956, 0.646417796359482, 0.667639336662133, 0.633490046295088, 
0.637082519907981, 0.659173001553899, 0.65050185076302, 0.664363845957786, 
0.649881268332857, 0.64498611498422, 0.668027560216013, 0.656044720381616, 
0.649310921931812, 0.652962472451936, 0.65235714852392, 0.655050023938088, 
0.650206354139563, 0.655345025451446, 0.64610054117921, 0.646778979088697, 
0.661152030775477, 0.643104446885732, 0.651401563656895, 0.664057351987909, 
0.649585960814011, 0.673847559818551, 0.649198778043468, 0.666664237476977, 
0.662908459304439, 0.66051870803969, 0.656434335535968, 0.643563956959068, 
0.651733777267881, 0.656525703188175, 0.66134783991855, 0.658053238402153, 
0.669185939919431, 0.65066831206274, 0.65923545539685, 0.619484721607815, 
0.666739922468933, 0.642814596880913, 0.66158893600306, 0.646910478418677, 
0.642806122178873, 0.662386739344219, 0.672856907539367, 0.671912137141073, 
0.665441317444076, 0.645108811670488, 0.662313775312994, 0.672675324924857, 
0.656888862658096, 0.655058592700221, 0.655534190176373, 0.640155231922917, 
0.641516625330485, 0.656044305984626, 0.666510954986586, 0.65905849432333, 
0.660309511618257, 0.659280810546589, 0.658557766355314, 0.651701327669689, 
0.639690656523543, 0.659171888744511, 0.652987433749716, 0.654239240029886, 
0.645880933831977, 0.64000841520184, 0.648550009644453, 0.653741186586713, 
0.66416114131599, 0.663814309229307, 0.656605561436002, 0.650568945642563, 
0.646176122062494, 0.653186128619045, 0.638241405671947, 0.652088612645154, 
0.656456039778161, 0.646129437449339, 0.652360458222125, 0.668240519444213, 
0.657330094667281, 0.648867956153572, 0.648143938945058, 0.657788876935241, 
0.635530189832796, 0.665040038115328, 0.662461161630013, 0.666801018402115, 
0.646060944816293, 0.645711425008592, 0.651346099841393, 0.679886309595569, 
0.659863947081569, 0.659246566813626, 0.641316816447716, 0.653243166822086, 
0.662983754614466, 0.655578128610245, 0.660947873063754, 0.66723892402772, 
0.656544269967459, 0.660961711819929, 0.642864633786166, 0.665293441525244, 
0.651567464467595, 0.649099572996424, 0.642831984710902, 0.656150993810419, 
0.653427649506105, 0.657735925280294, 0.654573096031383, 0.640126836348221, 
0.657993834169693, 0.668049055215701, 0.637739155428939, 0.662818470618933, 
0.645486771004745, 0.654971562929818, 0.652981654150682, 0.654484395325036, 
0.65213178778645, 0.659529651288803, 0.652665555758916, 0.666801814728201, 
0.647002554394345, 0.652121967482303, 0.642970098325691, 0.653805053802151, 
0.655802767625869, 0.643635003835276, 0.643451954846765, 0.661028399815556, 
0.667363917512004, 0.647075515640432, 0.67115986603027, 0.645959319099199, 
0.665117348486549, 0.645610264040533, 0.647548143088395, 0.681668747977864, 
0.652091433495988, 0.650571559318038, 0.653966392717522, 0.658666139414901, 
0.661971106833327, 0.661423651529503, 0.656658289372452, 0.659017640247552, 
0.65960749927532, 0.66244172408696, 0.658743697444749, 0.664841994111813, 
0.657828949390217, 0.656025736659489, 0.655551755454202, 0.64694669815635, 
0.654674311703501, 0.626726540002265, 0.642211183950413, 0.65263385899658, 
0.648199729295183, 0.652679190639455, 0.649611361720227, 0.651734605232573, 
0.659225054163434, 0.663531264913401, 0.657540759663756, 0.661072083769013, 
0.617335442676891, 0.663895060598265, 0.668858105512878, 0.668796616945, 
0.648565565615011, 0.661036478249135, 0.65515980029881, 0.656056037795641, 
0.643291544516281, 0.658819078645034, 0.665868889343026, 0.648230341179446, 
0.647548058122105, 0.647685190386877, 0.646856262503524, 0.656968638865484, 
0.673141591291617, 0.665608719068638, 0.64427002446961, 0.653935365497472, 
0.654701283831501, 0.655531853240655, 0.653422598198152, 0.663550860671997, 
0.673176484639408, 0.650439753547061, 0.662262614208449, 0.642798286575486, 
0.656099885385055, 0.662911741846282, 0.653402275489256, 0.6602346136933, 
0.647959342440535, 0.650827906862519, 0.665291198534706, 0.65066322303531, 
0.658828693162728, 0.657456021608795, 0.677191789322984, 0.656765445265655, 
0.650469518075234, 0.646235253131401, 0.655563584349299, 0.649275332735825, 
0.670170506592033, 0.6608953379732, 0.647381466510329, 0.641197639262043, 
0.634629334962895, 0.657199610175567, 0.657350726510411, 0.643374893587895, 
0.673393316449812, 0.645185802164058, 0.677713426363716, 0.648775677491027, 
0.675331245114423, 0.651963880457088, 0.655886572131029, 0.658292649381054, 
0.655300296254977, 0.662106241654916, 0.657416998541495, 0.665193151372801, 
0.653205058095153, 0.657437100061058, 0.648982745116985, 0.67304353837972, 
0.65776330697586, 0.642766771905061, 0.654899824485364, 0.661643983848243, 
0.658134048867946, 0.648026336468412, 0.635939079311442, 0.661656482577563, 
0.639807460383702, 0.652914898265072, 0.654062121134473, 0.659581528705733, 
0.661849053220681, 0.667761650955444, 0.645791432326672, 0.651382374724455, 
0.657012174813807, 0.653401938439765, 0.635816936198011, 0.658377006362347, 
0.65992746169542, 0.659444272752041, 0.665298056436883, 0.652692645414732, 
0.662260646548534, 0.664473850622714, 0.634655468448965, 0.63872930040365, 
0.662919414592933, 0.659265078199024, 0.645931593648177, 0.651642478330777, 
0.638714455639551, 0.651073827832277, 0.674365176410394, 0.665123607266634, 
0.662991852822817, 0.658781776825007, 0.660203683400331, 0.670008377518681, 
0.64738776415301, 0.647218763435526, 0.665069339883431, 0.652251704670178, 
0.66079375426738, 0.657939995944311, 0.644841368248109, 0.63460667560349, 
0.652501374545002, 0.663123181501766, 0.646852181105787, 0.657746784924315, 
0.663548475987546, 0.650826940027208, 0.662370772582195, 0.65497621497601, 
0.664237842833925, 0.649795590575792, 0.646827074745103, 0.665886513768401, 
0.64818149181148, 0.676847824831866, 0.652576957214446, 0.631248784093767, 
0.653569829292468, 0.65766984865322, 0.653195084459337, 0.66506464452164, 
0.670870998593561, 0.652652533142713, 0.651106626160082, 0.667636310188641, 
0.659857359825581, 0.670451861205873, 0.656289743973969, 0.654163625147122, 
0.660982881489142, 0.647192599305791, 0.659142465655299, 0.656441064839247, 
0.660906715385026, 0.669687660422006, 0.63773482960375, 0.649975343052528, 
0.639946770387326, 0.658702147140457, 0.654811105793448, 0.66561197072758, 
0.654333413932912, 0.663857783097392, 0.648012049698294, 0.641590378366764, 
0.637621844582576, 0.66186812743898, 0.655626648501129, 0.637255069328945, 
0.654564728094147, 0.661583952504085, 0.661174707108128, 0.663542684002448, 
0.657416039640778, 0.653782292604248, 0.649784208680517, 0.63633790085711, 
0.632059012030853, 0.646834214121573, 0.622821610287695, 0.638324400277658, 
0.654218832376708, 0.660869171997071, 0.648393174403963, 0.662460814324074, 
0.661296991342688, 0.672349133857589, 0.63973675139651, 0.659626362296288, 
0.643283473504736, 0.665428885511278, 0.66273424131689, 0.667116545732805, 
0.651867002610304, 0.667772761521131, 0.637824021304644, 0.65597607937583, 
0.65834413504922, 0.652704227785229, 0.655765910457319, 0.661638271436732, 
0.644845991616477, 0.647150498492373, 0.655624340628445, 0.662390911745534, 
0.658526393618436, 0.662922682481546, 0.647255767694252, 0.660768620658753, 
0.651841391272693, 0.642771696165398, 0.644795963009735, 0.638823516550267, 
0.663995051313597, 0.667055464086185, 0.641995159002507, 0.648091056050878, 
0.674340647361167, 0.658615988242228, 0.650951508367188, 0.664825177414617, 
0.654328133914368, 0.659790310530643, 0.65724812395586, 0.644695507048837, 
0.648660673704541, 0.668741404969428, 0.645965092262783, 0.649239711361722, 
0.66901171070667, 0.65671417356628, 0.644056401107586, 0.649948691866701, 
0.651820923380051, 0.649606265592043, 0.651049320446573, 0.651320302668147, 
0.662244079052321, 0.663948143781539, 0.642757138166987, 0.668984758943488, 
0.658113980356975, 0.654955186290247, 0.668576827599868, 0.647525099238425, 
0.64016386370478, 0.659869571573554, 0.656092249839674, 0.678865735444362, 
0.650403898840206, 0.656220084148509, 0.656368391013493, 0.636485786934405, 
0.655733928797367, 0.65501595604913, 0.661349841394407, 0.656945122701948, 
0.664116454500385, 0.648319284659915, 0.66940031302869, 0.670263220053693, 
0.63899891946261, 0.642797877966071, 0.641969494509704, 0.632472034457794, 
0.63767553595629, 0.650638085686515, 0.662712233010369, 0.671010182980876, 
0.655583307983147, 0.651704469178209, 0.660098717016807, 0.648114487279762, 
0.659065520238531, 0.650879103114338, 0.630555428647353, 0.666172776910253, 
0.671400518981739, 0.674126413761792, 0.653251674031779, 0.654269512338571, 
0.670131219687383, 0.653444871429131, 0.661397488202944, 0.642429150709645, 
0.659064502770911, 0.65267643990681, 0.658620486547118, 0.65809800494273, 
0.649505117276106, 0.665766057017041, 0.653969617068986, 0.633684050868946, 
0.6537829466246, 0.652014576004479, 0.653988000952129, 0.650238858509333, 
0.65634060951466, 0.654071422546206, 0.667220254613326, 0.666688679726894, 
0.645935880683299, 0.659714745033584, 0.654424332741327, 0.642909498146447, 
0.671900478041272, 0.659015865202194, 0.642651887898649, 0.666570202737056, 
0.672523062189248, 0.651478219144417, 0.665680023143201, 0.640154542150453, 
0.657205494578862, 0.666557344455899, 0.67163407045361, 0.654706625836814, 
0.655825351397003, 0.665255060771364, 0.651159691120964, 0.656197759398405, 
0.665322269296219, 0.649470684640614, 0.660061673603741, 0.658934644158298, 
0.659864729165175, 0.66174737768573, 0.662115566266994, 0.652011867834956, 
0.66224177399066, 0.671927048291651, 0.655693412427439, 0.638369143338993, 
0.672205118471376, 0.636965936038452, 0.659617467792644, 0.650494913690026, 
0.658763321483158, 0.656389340306191, 0.656486949394532, 0.633078244588666, 
0.662191582430935, 0.641694947892853, 0.661395066521243, 0.645361341818952, 
0.64231882637602, 0.659883004938648, 0.640754257805126, 0.6773069528591, 
0.65140409206206, 0.65687356497218, 0.635339200150819, 0.672657548899604, 
0.665313428813075, 0.658084679760598, 0.65699767970391, 0.659527753060501, 
0.672327207263474, 0.659436582610034, 0.657624715211535, 0.648310249831147, 
0.6712694535274, 0.662418615200793, 0.653266693202917, 0.651485130789328, 
0.658242489463297, 0.651757901769671, 0.66139611899278, 0.65681564046314, 
0.673502891803009, 0.657809974417492, 0.653101104660836, 0.644484050521227, 
0.656361703284498, 0.667651702697344, 0.641098197100732, 0.664039159409981, 
0.644545606711523, 0.64554061534787, 0.64496845371492, 0.648475438711794, 
0.657767830856382, 0.653292262912293, 0.658327771358861, 0.651866077833199, 
0.673698092204813, 0.663182562487557, 0.671594737778098, 0.649892599699113, 
0.659678686028826, 0.66305114410556, 0.639003273587352, 0.637126610945299, 
0.652892518692932, 0.674948383818846, 0.656396883807352, 0.654036411569985, 
0.652411502170544, 0.659486882694079, 0.655074525550122, 0.667185678537729, 
0.650784327025761, 0.656620751426875, 0.650816149335165, 0.64629535676062, 
0.654446692860767, 0.615439430848675, 0.663167478463463, 0.673359934818588, 
0.663581840200943, 0.658102119435612, 0.66360867632598, 0.631325614084074, 
0.662043914101971, 0.660232945762221, 0.648724135256456, 0.667925940777496, 
0.650568307935776, 0.654886653699622, 0.659529243403215, 0.658341176890745, 
0.646951758333292, 0.65578177818817, 0.65129644074575, 0.66143847651705, 
0.648467735004834, 0.661554467140169, 0.657648956908361, 0.662577689726432, 
0.656509933576295, 0.651558402389163, 0.663630146662075, 0.6553500078817, 
0.646158186603357, 0.649221379481747, 0.653022414972939, 0.662913833078416, 
0.651354705768623, 0.644013868891415, 0.653792168721479, 0.656518326348907, 
0.653057336971416, 0.661450861366351, 0.654265973322284, 0.652854316143473, 
0.632486517731189, 0.635073065122034, 0.661537897428283, 0.654170213716648, 
0.661046780829445, 0.625175788646547, 0.662690444507556, 0.644088078615713, 
0.659819919526613, 0.664187686079024, 0.655092446070005, 0.657849239962749, 
0.659452076850071, 0.666380930470184, 0.655652079586015, 0.671001693780166, 
0.664240833447647, 0.649013980504235, 0.66354946804324, 0.650749613264045, 
0.656746410583816, 0.654309927663868, 0.665836450201497, 0.618435496815577, 
0.639959706521568, 0.643680716519877, 0.655091174566189, 0.639679297745426, 
0.658316491553196, 0.656831596178957, 0.653317053435585, 0.6558585160776, 
0.649428067763367, 0.64269199495805, 0.650420237598068, 0.650324282801371, 
0.639290287672832, 0.65804876438082, 0.658840045760213, 0.648745582699666, 
0.649820355924497, 0.64657569024096, 0.653615506637393, 0.668653850904896, 
0.655906711301631, 0.649291580571978, 0.655800645406834, 0.647006785046853, 
0.661981810691277, 0.653649159714351, 0.653344421447149, 0.645934647278046, 
0.648363023723898, 0.653761647907252, 0.661045575788563, 0.666213649019714, 
0.651075887919596, 0.655336915515832, 0.66200105018715, 0.642962276952599, 
0.671401275807809, 0.666428786493903, 0.6551534644623, 0.653804142844053, 
0.661930673813363, 0.649769982113684, 0.652184466963982, 0.638536638015969, 
0.660014298538295, 0.64567930706782, 0.649476680279692, 0.640020229204369, 
0.651044997652169, 0.664321130138177, 0.651820239702803, 0.646660047589984, 
0.664588638723629, 0.655715996176011, 0.655304924724305, 0.667782775259188, 
0.660603233062352, 0.653284599660701, 0.659719086600391, 0.659787902413529, 
0.658536107683003, 0.666062436464561, 0.673235113139311, 0.651995824074754, 
0.671269923490082, 0.631425613603876, 0.659282937736793, 0.649870043854314, 
0.650305662095191, 0.658583379787063, 0.654380680948252, 0.651536546248023, 
0.662219275393184, 0.653984943337669, 0.658839784578281, 0.668475473337727, 
0.666866267804037, 0.650676804918872, 0.660997035291051, 0.652710308567375, 
0.649182104368967, 0.666389104806039, 0.640587952775021, 0.65154588647176, 
0.659253060966327, 0.643761184678179, 0.649520241956908, 0.66269738234259, 
0.66531613531066, 0.657703549684417, 0.675313078299444, 0.643334448938063, 
0.654456044535126, 0.661283349720644, 0.664888487007503, 0.642353916295093, 
0.672009933714054, 0.649957940909112, 0.672621138842544, 0.645784280218424, 
0.651634275759898, 0.650531337975648, 0.66354036500028, 0.647749143808606, 
0.662673831752714, 0.621993949999247, 0.657215989886932, 0.630922056237758, 
0.661425164050746, 0.657291101801045, 0.652255588565686, 0.659408145545384, 
0.646964922125549, 0.646153821494888, 0.646272313094564, 0.661703582669783, 
0.656482693295821, 0.65785742474276, 0.656541219186856, 0.674853969688558, 
0.629357337964205, 0.646435294143899, 0.659537513524625, 0.640126590851739, 
0.649272067553896, 0.652750846704406, 0.658315097733145, 0.660429544434494, 
0.658520771441976, 0.668915832656792, 0.65648902904858, 0.656470892783689, 
0.659971588668271, 0.651341537010476, 0.635697715520326, 0.641463959543636, 
0.650801244307158, 0.653942412917822, 0.669969065863275, 0.643624920193384, 
0.654023811283166, 0.647469482843273, 0.663954699369441, 0.666134959993884, 
0.645196716388554, 0.649133625207703, 0.663988294345972, 0.647482763344539, 
0.665550360633991, 0.648127295286058, 0.628609317331572, 0.649007251561093, 
0.632952253832475, 0.64415373725878, 0.648689574998963, 0.65589844223009, 
0.656418424001107, 0.649976484082775, 0.66353539039609, 0.65096702845416, 
0.648446187621515, 0.676756639176008, 0.653490191727791, 0.64950310882588, 
0.661417757594453, 0.654166121965048, 0.652947193674447, 0.673904003985367, 
0.642676428628868, 0.646150635454444, 0.65021844306528, 0.651521611956193, 
0.655246051744397, 0.646334674773466, 0.644233248350483, 0.641413752616015, 
0.651893817962564, 0.642749495159083, 0.657523918878232, 0.629604564633522, 
0.650331182223763, 0.643768421365023, 0.642244128457736, 0.65120548851313, 
0.668495729683585, 0.66050326133369, 0.651920411358349, 0.624681342112403, 
0.637160042884033, 0.663716788957625, 0.658247220268945, 0.657203519669182, 
0.661234946464881, 0.660646478844791, 0.662950975661809, 0.650231731441175, 
0.654817938769142, 0.650107062202206, 0.651148081995747, 0.639932733868757, 
0.658082055109073, 0.660392116549187, 0.650654012588572, 0.643795110529523, 
0.648018646680141, 0.629185695686591, 0.668556566345454, 0.642929477421439, 
0.645530296281755, 0.639344344010845, 0.662706626473486, 0.644289262139085, 
0.657007056908209, 0.652933644832333, 0.658512926182129, 0.648104592352224, 
0.678479136093097, 0.655398130969385, 0.667754861220516, 0.65483880202732, 
0.657109708178868, 0.662460675632891, 0.655699684764684, 0.665798507776569, 
0.653986801106058, 0.644402453963434, 0.654047928316718, 0.660536067319734, 
0.645948142238159, 0.663335102644753, 0.653182445655305, 0.650598796287974, 
0.653962174914641, 0.673797872113099, 0.658079311492461, 0.657242168922124, 
0.665635822114897, 0.648402666158474, 0.651709621215944, 0.644960662000245, 
0.655645342276608, 0.652262369548928, 0.667504845785798, 0.662321270288146, 
0.666782582804671, 0.652179729526564, 0.646851658665875, 0.669574127719301, 
0.648458948615536, 0.663691840817228, 0.6631578110267, 0.644410963807555, 
0.659612748756963, 0.642190986952841, 0.663636051137407, 0.643370242651444, 
0.647195127704012, 0.656396175986862, 0.649915025654731, 0.656684158861914, 
0.669483471450509, 0.650737889019374, 0.657984343412118, 0.650231983833324, 
0.665437217071306, 0.660698693674935, 0.653447232381168, 0.660305846101125, 
0.650412684431824, 0.647209408277925, 0.640482121269057, 0.656115466893708, 
0.658994805360662, 0.656742223736335, 0.653185413616319, 0.65669352421452, 
0.662143691483282, 0.661830961305899, 0.654165000945133, 0.656396700115986, 
0.642010619898748, 0.65125211793101, 0.659370812360108, 0.651305481264706, 
0.662962450200537, 0.655456021446449, 0.661202282025916, 0.649921692697857, 
0.64880637300735, 0.646102379206395, 0.66024964773167, 0.659307100111071, 
0.661597260124928, 0.666025037662158, 0.657467152735405, 0.639977935538649, 
0.638256385405869, 0.6491291076552, 0.639382038789394, 0.653128082813122, 
0.660518974400354, 0.668097249001298, 0.669402623735344, 0.662057776880224, 
0.658744617254897, 0.667390161541315, 0.66841572008294, 0.664493894006845, 
0.662008486552247, 0.659065136819343, 0.649932978731153, 0.652890488339743, 
0.647655661334343, 0.656325938416959, 0.651996249282824, 0.638025203252928, 
0.66315267332978, 0.646584149666083, 0.645139263758187, 0.655524092675938, 
0.657700538693321, 0.651715507323099, 0.659464284380505, 0.65681132537928, 
0.639601138135737, 0.671655607469206, 0.633292535707635, 0.654228738334741, 
0.66168941816351, 0.654217118489261, 0.651722090459168, 0.647430561650708, 
0.632903228503308, 0.648395257387709, 0.66855536972425, 0.648497348417127, 
0.656298674012054, 0.652277115383011, 0.643505260857384, 0.660286828699696, 
0.662388582673913, 0.660920036742121, 0.666262222110455, 0.652198430695255, 
0.651520020981088, 0.645311101324433, 0.645950415433558, 0.643484271656913, 
0.64353948810785, 0.65582246863899, 0.635901546471792, 0.652359422397717, 
0.641325570581375, 0.646740948767452, 0.642467951354944, 0.648807886876096, 
0.671535318896447, 0.656445117517076, 0.660982732554729, 0.664596000565875, 
0.661986501228977, 0.640094006372537, 0.643989815784002, 0.645175377569531, 
0.663617642157773, 0.64872161536173, 0.666106604471286, 0.659940960025941, 
0.640659826748498, 0.659855450253066, 0.66329029724556, 0.65278938537574, 
0.633280669424462, 0.652674992117759, 0.654723530049382, 0.651946736772248, 
0.641036232036828, 0.665634032088188, 0.668451503734092, 0.650651775258436, 
0.674400158915573, 0.656894243152819, 0.650179993910934, 0.656265286683965, 
0.666666101549825, 0.660187426900787, 0.657137182315224, 0.658767963368203, 
0.656737968888277, 0.661503511339332, 0.629644383523876, 0.660899679140818, 
0.65254795243717, 0.641558870991656, 0.648646833711848, 0.65120292372829, 
0.669918343665729, 0.651313111855565, 0.646351273416378, 0.646866845173118, 
0.658660840492096, 0.666905846541036, 0.643258175554831, 0.649622511450756, 
0.662415693366556, 0.674433318089651, 0.644047944817989, 0.649987259594966, 
0.656526663931753, 0.669795660216976, 0.645101136475385, 0.651925633454604, 
0.646031500968693, 0.656511575486048, 0.6804100177482, 0.668171963885054, 
0.650998734691013, 0.646646132208427, 0.67079316709765, 0.661393039194256, 
0.65937405405997, 0.63932261866104, 0.668575497329066, 0.666977823122184, 
0.650230704318843, 0.646404151170658, 0.65141894844847, 0.670879044299536, 
0.658263073862995, 0.651742464611926, 0.638606324455712, 0.640871257884841, 
0.658039287028475, 0.672584458469786, 0.658928033904683, 0.64159536904215, 
0.65770463641143, 0.645369736829728, 0.662114140984018, 0.649198357156558, 
0.653928884691896, 0.642731792042352, 0.663101335269775, 0.668410310254165, 
0.672800839214428, 0.671040673386325, 0.655964726534426, 0.65108333768334, 
0.651165100880742, 0.664341195600479, 0.662985311463333, 0.66087801357683, 
0.645462513598025, 0.664845707706911, 0.654063585087713, 0.654581461875281, 
0.658754180363174, 0.651813096627787, 0.660899303108216, 0.656563909374591, 
0.662368126208402, 0.659910691727608, 0.670758817482165, 0.670105888982655, 
0.656788007513926, 0.651691928979297, 0.663636530848693, 0.662845762558385, 
0.649082286450767, 0.661393384167356, 0.670019810578328, 0.644447386280588, 
0.653693688310047, 0.650098903825733, 0.662710556124518, 0.657078299806994, 
0.645784381515765, 0.656821045322364, 0.634037609583437, 0.664198790217644, 
0.656185713937009, 0.646755212283616, 0.659494377372802, 0.646609032916456, 
0.660116190252762, 0.651748612541077, 0.674492766607202, 0.648156572579502, 
0.651956392629872, 0.649951764791872, 0.660232439487065, 0.655779043311386, 
0.66617500141341, 0.633611900017228, 0.640501231118169, 0.654013264186394, 
0.667615773406841, 0.656890475862502, 0.655552340496407, 0.662119749605293, 
0.662323675111665, 0.649763669235471, 0.662052643440647, 0.66072039344326, 
0.659356388996145, 0.638229399898187, 0.64800687947524, 0.665249483173945, 
0.658265976726097, 0.655627528205333, 0.667824362080883, 0.658799564051036, 
0.663784681717061, 0.650454618740611, 0.659435016676926, 0.654815033573891, 
0.659531004085828, 0.648238376561794, 0.669656658557625, 0.670036741086165, 
0.656141204513111, 0.655048446866167, 0.656689694277463, 0.657232473291852, 
0.647817624143817, 0.665570596695411, 0.652037503147145, 0.642670363315439, 
0.63893009967619, 0.653752065815817, 0.637136093362578, 0.646423207186365, 
0.649796601152651, 0.666614439862077, 0.660240914424149, 0.65278182664461, 
0.648043389414132, 0.658239984070692, 0.649757741410799, 0.653569631767787, 
0.658775130655801, 0.666843704936831, 0.66561852631297, 0.658004838995561, 
0.638440204278761, 0.65851349106415, 0.653604015762526, 0.661251637892382, 
0.66284739640408, 0.647717399414314, 0.665342314586563, 0.647321318077805, 
0.64561479018433, 0.645502055612101, 0.665972916520605, 0.64157666735858, 
0.66846923177521, 0.65825347524213, 0.649512537375602, 0.676388565940617, 
0.662727244743949, 0.647416716472051, 0.667767994555575, 0.61722246173141, 
0.652391155386592, 0.651209726844641, 0.662234450342761, 0.657993389092446, 
0.671358659788101, 0.663335316230486, 0.6402356901974, 0.670594876987911, 
0.650203864786523, 0.654306173052662, 0.652135223940296, 0.656947524974649, 
0.656449126242977, 0.665102560355175, 0.635295558032048, 0.643795680113381, 
0.641294904844204, 0.622178988067428, 0.657467583561193, 0.659901171627656, 
0.65609326030436, 0.658707593547397, 0.643985456518386, 0.638213253454604, 
0.65356904670084, 0.660275993749065, 0.644355230262853, 0.64443954284418, 
0.654082336159622, 0.672017159634709, 0.631626594421614, 0.648770624758791, 
0.650878535862659, 0.644687357112049, 0.668021619734642, 0.655602254066139, 
0.660250756923004, 0.667027819329601, 0.655019841279571, 0.656762626308937, 
0.656534135172988, 0.667268336707779, 0.654357502082889, 0.650710588869538, 
0.641705142693211, 0.665688606942426, 0.657753622931377, 0.666881550413603, 
0.667507427954583, 0.653797276051569, 0.653709509181961, 0.671951776169752, 
0.65812280082434, 0.629887296995702, 0.635862939340654, 0.662420003459479, 
0.657001978122195, 0.650646847660092, 0.656636602757928, 0.643497927040314, 
0.663190500076223, 0.65231026033105, 0.652828443486103, 0.649309486693726, 
0.667822934729157, 0.651421472051677, 0.652887091306939, 0.647482333431743, 
0.659478696107907, 0.651132737762853, 0.662529424618422, 0.653952090776478, 
0.638956715059126, 0.638223084454391, 0.657264299630385, 0.643619291893752, 
0.648740790787744, 0.657857107449876, 0.632652045950264, 0.663292308762693, 
0.645282892892433, 0.646234609425278, 0.671319955377377, 0.646953034920474, 
0.641452278867831, 0.651177161602711, 0.665484298641275, 0.652112601898668, 
0.668891532038202, 0.661909380697527, 0.665551437214419, 0.660023354406701, 
0.644002295595233, 0.660540242976165, 0.653815085475698, 0.643660081628438, 
0.662229681256636, 0.656864575153993, 0.660983130738979, 0.664601631395122, 
0.661363062800091, 0.670653898138529, 0.643419455634778, 0.651546863836129, 
0.66239559692102, 0.653997406357857, 0.656019374924699, 0.660529248716119, 
0.65401287729932, 0.637218342582321, 0.654163758786837, 0.651741378697007, 
0.645964495686473, 0.663978259759574, 0.648305260008719, 0.653951680286072, 
0.645812353339422, 0.642714873523793, 0.659404895611003, 0.652702530225628, 
0.646958244276476, 0.657769536522977, 0.653623883486597, 0.646150768230934, 
0.650129687021151, 0.655169727968716, 0.657827823854786, 0.645433835886922, 
0.615489396187583, 0.650339423530675, 0.633083837237895, 0.663886016613952, 
0.641053618840937, 0.64154369953959, 0.66826747846447, 0.659764652430459, 
0.673532068349617, 0.644640790537653, 0.657144816487483, 0.666606266309139, 
0.631625019630076, 0.649049254516489, 0.638490507456073, 0.652501497028728, 
0.653096276663644, 0.653773355836579, 0.662601203580119, 0.655858168826154, 
0.647555789898006, 0.660634701217068, 0.628989488025801, 0.671551381561555, 
0.638957119477285, 0.671015049671564, 0.663299255494909, 0.661850446457921, 
0.646690658653431, 0.659428471255325, 0.643043290401983, 0.670972333731755, 
0.663755740728859, 0.654248075197243, 0.677912144668336, 0.652214026009493, 
0.665448972229905, 0.653005032172636, 0.662564247901845, 0.65099825683395, 
0.657510554069239, 0.649641821866685, 0.653022649663455, 0.640216180009549, 
0.639984069035219, 0.665364397242823, 0.643790188303946, 0.663078843220987, 
0.644841474697252, 0.666428369179425, 0.653613800148008, 0.660276744821004, 
0.669359580695002, 0.663256129309289, 0.656948346040921, 0.647088814929138, 
0.650270257658353, 0.662901311084508, 0.660420690683251, 0.656668649447442, 
0.645569703722065, 0.64463630741193, 0.635111983906035, 0.638179413436499, 
0.673771571355223, 0.660210171212974, 0.658728564907258, 0.67518204346656, 
0.664573976600361, 0.662774252377956, 0.657451581483335, 0.652657826419756, 
0.655974914814364, 0.660459816405764, 0.650561615301013, 0.655347948264494, 
0.66421889115757, 0.652710762102849, 0.661348261423329, 0.651918497589305, 
0.671043299570242, 0.655348136349613, 0.660173947520209, 0.636094224375351, 
0.662852333481247, 0.643674490476082, 0.665959420861682, 0.645091681495055, 
0.657526460539194, 0.650897868216394, 0.636133229064818, 0.65501892695017, 
0.655004163848665, 0.65484245793366, 0.648812554909797, 0.650428843242558, 
0.653365687606042, 0.648046183500629, 0.643787985364052, 0.660454145371198, 
0.664561619446868, 0.665128997235291, 0.648056948299067, 0.655001771852845, 
0.6553031312035, 0.66435649506698, 0.644924721794712, 0.653917402507377, 
0.658101918738608, 0.674666158593211, 0.661170480291593, 0.665876319806191, 
0.650952190402761, 0.652770893576995, 0.658505615651377, 0.659348788060583, 
0.652533789552361, 0.655458251663124, 0.652163789177121, 0.649134557706463, 
0.675166205769814, 0.658443979790021, 0.66126383132476, 0.64673753706311, 
0.648515842591496, 0.651207400348931, 0.666756993531555, 0.650580931434335, 
0.663058426126802, 0.663306506365781, 0.666396907863995, 0.657820785238672, 
0.655051649558414, 0.66030881608139, 0.670743748076675, 0.649358291738127, 
0.657194520393213, 0.652995940624479, 0.642900068753175, 0.643422585677566, 
0.667229429579885, 0.665482120902783, 0.651036671802054, 0.667878503252426, 
0.655156461118232, 0.669224651392114, 0.654539258418143, 0.642682874332865, 
0.651522142099558, 0.660879579222894, 0.667049721306132, 0.640501332512602, 
0.647616144414884, 0.661301753224284, 0.641518719553443, 0.669500989000707, 
0.664659230386851, 0.654982965328863, 0.649512872879613, 0.646707552973328, 
0.652959949536705, 0.658661852913872, 0.663377081541521, 0.654569681316634, 
0.656791521348731, 0.6585365959596, 0.669475564618391, 0.641511535994506, 
0.663280645382632, 0.664900902831428, 0.656241996305757, 0.654702178942691, 
0.648666340552212, 0.658086819019089, 0.66291139876265, 0.675610450334388, 
0.6638085927298, 0.657532683590208, 0.664290847946298, 0.643218343405949, 
0.665122622676819, 0.670897519748484, 0.663326853968983, 0.629452890089231, 
0.6598978921888, 0.656568382797523, 0.639104968352449, 0.665210189433846, 
0.654972037150458, 0.662969911801044, 0.666553124214757, 0.656900902131787, 
0.634647110556447, 0.640600072098427, 0.666891589043511, 0.659629504648447, 
0.637907007146019, 0.653271688837199, 0.665164529165895, 0.655196729798495, 
0.653346108523753, 0.662813202998303, 0.658604872377611, 0.664224909133858, 
0.667641221114063, 0.660086328836354, 0.646333981290581, 0.660789663690132, 
0.635922638595311, 0.659858742049738, 0.656665944454211, 0.653846902759474, 
0.64734749102354, 0.651331940139026, 0.664645349602451, 0.665145174636849, 
0.616047061343748, 0.667635166490884, 0.670412533668451, 0.647295573857563, 
0.630606595235081, 0.653962461863671, 0.669432182100934, 0.656942039685563, 
0.648537167973219, 0.642557648783035, 0.659176148730233, 0.66361681896067, 
0.654014275225659, 0.657155460973468, 0.649284035550543, 0.665318630786605, 
0.66971517117885, 0.663208138268842, 0.629310546420009, 0.64945534307984, 
0.664379131647708, 0.659772008136556, 0.63858986800601, 0.665805582475083, 
0.644586183509681, 0.66902044771869, 0.647267922405319, 0.634640270865679, 
0.664261146754911, 0.665871505242154, 0.658911163350838, 0.661669138829959, 
0.658493570865546, 0.648137779142838, 0.645040793433312, 0.668130291044308, 
0.648234554732752, 0.677250502088623, 0.644894519336339, 0.670695642283244, 
0.643178270819719, 0.661376929464006, 0.648834567931382, 0.656313543978662, 
0.638464485571101, 0.652217053979014, 0.649418181610105, 0.659432459278928, 
0.667871458625542, 0.64867450178979, 0.664728423775921, 0.651414191591332, 
0.659943392049426, 0.652000914515781, 0.656108635356223, 0.651980935708763, 
0.652960444726452, 0.642899040940685, 0.63993707219496, 0.654418246268103, 
0.654961653552688, 0.648727321606822, 0.6434754951218, 0.650373647532248, 
0.654431525651564, 0.648070516496144, 0.662796206811099, 0.637197734075358, 
0.645727582077406, 0.650279184199642, 0.65800416875116, 0.653528870392254, 
0.640091923154963, 0.633641485858549, 0.655131751164835, 0.647177995767555, 
0.653593022301391, 0.662698862473612, 0.664881602862564, 0.659294188517796, 
0.66256254730306, 0.645907397265322, 0.670804450856248, 0.646944396218625, 
0.646189202444592, 0.655332097219086, 0.668099009631183, 0.668831739030758, 
0.64664134448896, 0.641830902324202, 0.645031154822348, 0.660824298455767, 
0.643087986542388, 0.657395619344546, 0.663229547483644, 0.65216248925295, 
0.651237987028181, 0.654136700471266, 0.669552444439896, 0.640491035985815, 
0.65684519979449, 0.651265442780712, 0.651773990447638, 0.65152676935333, 
0.664288787143098, 0.653827338732037, 0.665004295330166, 0.658825527453849, 
0.664444300330417, 0.651665932514183, 0.663002445732906, 0.662807470844295, 
0.645629014056416, 0.654518454011344, 0.652027582576132, 0.659105257634627, 
0.663856458239562, 0.637471232900008, 0.651582444843554, 0.655566011643869, 
0.665887737998745, 0.647955594108669, 0.652170123945306, 0.664272460722237, 
0.66370213581378, 0.641270008921748, 0.676478094223779, 0.640446412856083, 
0.648424295568412, 0.652471235642003, 0.659569663548215, 0.637682541133836, 
0.660335590998652, 0.642917342675938, 0.665189567298562, 0.660266475157021, 
0.655316650854325, 0.661095638551696, 0.664725808799411, 0.662481988866202, 
0.661996476319134, 0.65223401141979, 0.666451808419488, 0.645649633228298, 
0.648598287795222, 0.662203306782611, 0.654368000366005, 0.66467846807786, 
0.648951709867374, 0.650256632600825, 0.629142132563227, 0.66174497805766, 
0.65830788963882, 0.650800271167412, 0.657464452215309, 0.657587673130227, 
0.663194032791269, 0.656592987189548, 0.662260337073818, 0.652196772068173, 
0.649173494902115, 0.652584914785469, 0.645046195970012, 0.666936800540159, 
0.654555885789853, 0.65294058049802, 0.664793775234633, 0.636986208574725, 
0.656974462957886, 0.659472326861898, 0.641612832761737, 0.662378080915376, 
0.645017152471043, 0.662882543666025, 0.647405643781909, 0.662003837460092, 
0.639005201071017, 0.650524484561084, 0.649310230755998, 0.668098029538382, 
0.657652552992749, 0.656165224668537, 0.64664515897999, 0.651175209737622, 
0.667052591571246, 0.648297869887115, 0.651210046119106, 0.646770642926292, 
0.663380450849255, 0.67489109091605, 0.645491071604137, 0.662241687851951, 
0.647447172922401, 0.655846045467098, 0.649914621127475, 0.670519982476172, 
0.649671530703925, 0.658352919784308, 0.673861772417284, 0.648134471764784, 
0.645924985307864, 0.665931302325303, 0.647331521652271, 0.654584820436366, 
0.674390557379644, 0.65951721248715, 0.653672576504977, 0.653078042862811, 
0.656685073269695, 0.646911648395721, 0.663259762597498, 0.650752179754753, 
0.654725881155438, 0.661745435686353, 0.650538834914664, 0.636763596680906, 
0.653265743426387, 0.639600116377691, 0.656068456346338, 0.639105332610178, 
0.648882582824257, 0.661773285067164, 0.664146939930876, 0.661737251513361, 
0.663272803345292, 0.656631388691163, 0.644704060187787, 0.651070354245457, 
0.647355939918587, 0.662489792962086, 0.656573342659972, 0.641934392581397, 
0.660234234957787, 0.642736057761681, 0.665162092049827, 0.654026713777435, 
0.659977919103459, 0.671936397128358, 0.656556705239529, 0.648084356025113, 
0.640542610778032, 0.646994222596743, 0.653693065106204, 0.661865424832575, 
0.662075797442473, 0.645994261543233, 0.649599412533454, 0.659042338401136, 
0.655023309087427, 0.64753653688847, 0.656798780473657, 0.668643581445666, 
0.650990383292054, 0.656206845232101, 0.664927536014969, 0.658638695125697, 
0.665928379283849, 0.635626133181415, 0.65905138677379, 0.662930738344295, 
0.658810014708409, 0.6588319653271, 0.639547810289621, 0.660494150845577, 
0.658462087721572, 0.631388136633477, 0.64190153830351, 0.650840940614721, 
0.658667999306289, 0.665045599559979, 0.654925988485921, 0.642271636319913, 
0.675555425114257, 0.672228541218173, 0.655200401461049, 0.660339775912311, 
0.658647506931064, 0.653111946158203, 0.652754987159494, 0.660283697051901, 
0.64744445564288, 0.658299267637709, 0.660186409978911, 0.650861294204596, 
0.654205321912947, 0.646381851103708, 0.666110349120376, 0.645719930205083, 
0.660746489948823, 0.65816738789607, 0.654072015529667, 0.656646611717867, 
0.650127457504247, 0.636280395007603, 0.642152263444659, 0.655584827257999, 
0.655913880504699, 0.656999287028434, 0.658575142131246, 0.643878848378696, 
0.658152290833744, 0.66082436258385, 0.669948572069125, 0.660696202479729, 
0.649606858624938, 0.653332045631693, 0.646176688118823, 0.667602671046294, 
0.663319933314274, 0.649623321162631, 0.663677947673597, 0.652209853224268, 
0.660022965609789, 0.658681339124101, 0.66305135799442, 0.643948842494979, 
0.646118828749554, 0.654757502523536, 0.661429918501263, 0.646719415419392, 
0.665036067255119, 0.670270270076902, 0.647620477350843, 0.649492625402133, 
0.666138945237528, 0.654208125528424, 0.657787445935809, 0.648461785322366, 
0.647926988782581, 0.660273147011762, 0.646436978635872, 0.654043154844557, 
0.667700955750709, 0.663226522885085, 0.656705698037139, 0.667251320250928, 
0.664090521367439, 0.640238432981487, 0.657138015301901, 0.653207209497734, 
0.661000683729735, 0.659567844936647, 0.660178549507596, 0.657034431769672, 
0.671799025840157, 0.662776133428983, 0.655208122774667, 0.653836100014649, 
0.662430739834527, 0.657582994492426, 0.64410833392215, 0.665708110580891, 
0.651512037425248, 0.655502731524372, 0.641695270222737, 0.648874544602334, 
0.651522324929248, 0.651439457496926, 0.652526364178472, 0.664631732256623, 
0.634204824496121, 0.654031084726636, 0.647640793288598, 0.664361528331313, 
0.644076019778969, 0.662913284402591, 0.652739765803783, 0.642692928609707, 
0.658742323498809, 0.657078590840238, 0.643105742618753, 0.645206755450184, 
0.647035390775134, 0.665594622205699, 0.654387704111364, 0.661140854971947, 
0.658310597816078, 0.655078608091915, 0.644106510110778, 0.653793459662816, 
0.669821234957579, 0.645157740180241, 0.650938379343777, 0.649115000867484, 
0.667184247050897, 0.648525557762017, 0.644466160202415, 0.66146501560435, 
0.63229850686369, 0.668035181373638, 0.635105418224453, 0.646983778082587, 
0.650803090661714, 0.663399700020866, 0.673336485197307, 0.659328144198962, 
0.651183245235431, 0.646574230190176, 0.653481375313414, 0.651245185191358, 
0.636847689303857, 0.640337924116368, 0.653838847915954, 0.638039807293695, 
0.634820065215047, 0.6635898463057, 0.668336227829559, 0.673690003978731, 
0.670915390975469, 0.663750715308231, 0.659272417817112, 0.632558449274391, 
0.643946793278948, 0.670946096258927, 0.646307058850957, 0.657058855655357, 
0.658398054854755, 0.652172729463105, 0.655034995993251, 0.653348969883452, 
0.659341036666852, 0.633351815107105, 0.648198015328212, 0.641625719919652, 
0.65003742810151, 0.657076431126668, 0.648832257694679, 0.65587227279754, 
0.644855374533464, 0.650067837439398, 0.651753050797901, 0.651843831237834, 
0.668292222390018, 0.660028315973063, 0.646715797107178, 0.663894059554405, 
0.649818866022959, 0.666104142690221, 0.644856739558104, 0.638075844069624, 
0.662126685071375, 0.647885291946357, 0.663330763447174, 0.65628281673288, 
0.664572534799141, 0.662669380030133, 0.659788802861817, 0.653612441495803, 
0.657786156550261, 0.659964947059188, 0.650521102355925, 0.64951158123928, 
0.658051466873344, 0.670064440457072, 0.67338295376671, 0.651057190502489, 
0.650512025871523, 0.641988196957994, 0.654654138679714, 0.653520394320808, 
0.659754226340526, 0.652669523049906, 0.647539566961117, 0.65570470457079, 
0.658992270815796, 0.645880349160487, 0.643017396310081, 0.656059201244656, 
0.645375800124201, 0.660448400098963, 0.647096042584659, 0.652989341578463, 
0.65627963541011, 0.659418823796319, 0.664245489869531, 0.67673008669146, 
0.646901457665137, 0.637797439190114, 0.644674826184985, 0.653260684476252, 
0.655097988934167, 0.645611231887732, 0.661127408176271, 0.666032328500176, 
0.667826270054279, 0.662528816603292, 0.658803335167168, 0.639206728555908, 
0.659522974546838, 0.666521689359739, 0.659305571842842, 0.656633068451873, 
0.654407049545967, 0.645807941044042, 0.662410969218533, 0.655189926147503, 
0.665137664485814, 0.661457779286945, 0.663642945017242, 0.649940942086567, 
0.663569868674711, 0.658164580997285, 0.659675038840847, 0.649605433524349, 
0.653564083069094, 0.646325135767508, 0.657791883334434, 0.65209703324098, 
0.653745658463386, 0.66329124475488, 0.649902863544109, 0.654567158319098, 
0.656700939339585, 0.658078674973685, 0.650604186875955, 0.653429026757615, 
0.662383463310443, 0.661452226784493, 0.653730758583837, 0.644101732796344, 
0.670832624485959, 0.656543094956548, 0.671947866564558, 0.667195809876409, 
0.645112317330704, 0.655415206084455, 0.667412148568346, 0.644548689211419, 
0.649656242727088, 0.657719365011818, 0.669463866418305, 0.649201113442714, 
0.637088043587412, 0.659209391583993, 0.659540229383132, 0.657635998184253, 
0.660218784421222, 0.656769595160139, 0.653162873922194, 0.666116866264032, 
0.650696473782861, 0.640346519954989, 0.669527541919274, 0.660591836701242, 
0.660116519681741, 0.665383223424181, 0.627403719739726, 0.628611193873817, 
0.66078854764586, 0.650985577272462, 0.666296823462323, 0.666452821588337, 
0.655776526084707, 0.661239517218435, 0.670620501198286, 0.657839533465459, 
0.653481929177901, 0.646098895443407, 0.650363361783911, 0.67264285230998, 
0.657636597994953, 0.655035421373023, 0.636640848038385, 0.647861405818592, 
0.658141665086044, 0.66312788467549, 0.651312457399304, 0.66001536325358, 
0.656613619382576, 0.65634091388198, 0.649145688849365, 0.6648988422137, 
0.647290682748409, 0.66991282136847, 0.64845025654692, 0.655194324170999, 
0.672918760741999, 0.649785728545736, 0.65619906002664, 0.661720653279807, 
0.657090620448939, 0.656105628702901, 0.670263687379611, 0.641520343116185, 
0.652653061496933, 0.654266995431067, 0.662875778763976, 0.649478587673381, 
0.66116958361554, 0.662306694091521, 0.647343914143151, 0.675858963238628, 
0.650420899871773, 0.652785070905297, 0.653681824847981, 0.647378332925231, 
0.667626802072015, 0.648076678451941, 0.640510183790132, 0.674268771662771, 
0.680475949990098, 0.656909751112757, 0.650355902834042, 0.665599701339028, 
0.659543522837059, 0.647445573294439, 0.643836244087704, 0.64714088297571, 
0.65422281109546, 0.667813145978309, 0.67129819962727, 0.662246323168159, 
0.647852199064551, 0.668410879321822, 0.653812411134838, 0.65216918642583, 
0.64452053083614, 0.659417305173537, 0.648360378651388, 0.641313585264521, 
0.663971453392192, 0.663216132217674, 0.641397780395769, 0.640782896493321, 
0.65336612187396, 0.662924215468962, 0.664201502197934, 0.673180496720053, 
0.63841520583095, 0.64459863480044, 0.652201549908893, 0.664741493618702, 
0.65856850047982, 0.657705960494954, 0.63042506217458, 0.643104725989524, 
0.658742220263438, 0.658620738521677, 0.642729607447599, 0.656414611834942, 
0.666926245102346, 0.654863988928818, 0.628767915328001, 0.649621989895468, 
0.670410840663653, 0.638908204805405), cat = structure(c(0.682616911683258, 
0.655026076681371, 0.00981313597530836, 2.81162261190626, 4e-04
), .Names = c("obs", "mu", "sd", "SES", "p.val"))), .Names = c("sim", 
"cat"))
