structure(list(sim = c(0.683764566238713, 0.677801114274552, 
0.676508406812345, 0.674069990033842, 0.686531914032103, 0.65960720440653, 
0.683680462531308, 0.668679562595448, 0.668606213397395, 0.677362832357615, 
0.665291671151099, 0.680032589831798, 0.669444569812758, 0.670486876979951, 
0.681070124482623, 0.679052714109533, 0.659371770447908, 0.671029745015152, 
0.666533204245143, 0.677182567971434, 0.67389509435299, 0.673398035533159, 
0.683038438160581, 0.669837102060749, 0.684296428795788, 0.665531954866314, 
0.672944029032247, 0.675400128992609, 0.661825522906074, 0.673816460142297, 
0.673697326053018, 0.67252100906405, 0.681034719243915, 0.6688111045167, 
0.673485554191103, 0.674253010698485, 0.677552059577198, 0.6721022034339, 
0.658825336883703, 0.67008813527927, 0.65705096365501, 0.675608287761205, 
0.689109324713301, 0.665337811992227, 0.673519971889002, 0.685096052295527, 
0.670993943594454, 0.672498548321629, 0.677022881164462, 0.676490543325574, 
0.674788862260696, 0.669566509855999, 0.66866635969269, 0.670208414807646, 
0.674392861316546, 0.680630249652406, 0.672727762813403, 0.684497732903232, 
0.669983706828682, 0.685448629853019, 0.671908434940423, 0.668034526022268, 
0.655774739110332, 0.668011446987965, 0.669220162813076, 0.671465591140973, 
0.675281975148397, 0.666974840086146, 0.69173196685497, 0.666274531444972, 
0.690736241741117, 0.673566938686988, 0.683421344246849, 0.676542680918097, 
0.67557126028223, 0.678492619367538, 0.676138185144077, 0.665541959023873, 
0.671502139116962, 0.670756028665297, 0.677225598297638, 0.656323376967698, 
0.675809733657059, 0.648290128614611, 0.671026846314637, 0.664355616260007, 
0.66295956617004, 0.676886144139414, 0.688174880054495, 0.677040115622368, 
0.668518602307683, 0.677071701678787, 0.663863888495251, 0.677381918428158, 
0.670241659482901, 0.673706337175623, 0.661613033366265, 0.673230674098016, 
0.678976158564162, 0.669052277112132, 0.674519901431071, 0.674665541940137, 
0.669638035329046, 0.66090765884879, 0.679975928813335, 0.667732760680582, 
0.676826833780246, 0.673605193004077, 0.669621474261042, 0.67857160084743, 
0.688990035657252, 0.671146344442613, 0.670389403542401, 0.683839391065684, 
0.681290911799424, 0.67755805630501, 0.671767876501827, 0.675035810886526, 
0.669015808457054, 0.687293446944844, 0.686296609455325, 0.67601011545382, 
0.675254867894826, 0.674254144975019, 0.677725818644827, 0.686831375269275, 
0.682177582895528, 0.670840728747353, 0.692226971409444, 0.681731354174669, 
0.675608009033624, 0.666099336230543, 0.674669379389404, 0.676425638455715, 
0.658956641983073, 0.662144146773743, 0.678572599637513, 0.668570825569199, 
0.664726420207538, 0.676030946635888, 0.667355044459106, 0.659450681553776, 
0.674443293501272, 0.67106483328431, 0.674597203201126, 0.680352482653572, 
0.672775259501706, 0.677405551749678, 0.675052140458614, 0.672107835835243, 
0.653659034441727, 0.678535390160599, 0.67706740756616, 0.67343239380932, 
0.685140250373788, 0.676552560088104, 0.672011650015926, 0.68026239956583, 
0.675380094073348, 0.666349779290361, 0.682347939304893, 0.68203350421811, 
0.67630667556144, 0.672626750813797, 0.67360755234426, 0.680179663508139, 
0.678752318995404, 0.669838320339735, 0.676036780640272, 0.674261602606804, 
0.67571123405926, 0.664292079713914, 0.678949000460088, 0.675779957743402, 
0.673701916332787, 0.660955464138839, 0.678039883105929, 0.674550564137539, 
0.692666340608137, 0.666615203905777, 0.669120177625909, 0.682265140620583, 
0.669120369352969, 0.672024247079578, 0.67509532502567, 0.677055599347275, 
0.654120791435781, 0.680956217817954, 0.673239212475455, 0.687360412546298, 
0.670580580300406, 0.67078670765412, 0.673437486850976, 0.679262501973904, 
0.688690269848544, 0.675607297757607, 0.67582319366587, 0.675921967909016, 
0.681215461473088, 0.667529247980432, 0.681994042584029, 0.696119747384481, 
0.662516076393609, 0.684064477913452, 0.67447776518235, 0.676850859213605, 
0.678337985677633, 0.667672829226618, 0.669966128036022, 0.673613954524981, 
0.669882683519197, 0.663561063228247, 0.685509109953212, 0.664033745490173, 
0.686689626825486, 0.673135536902993, 0.674125656271267, 0.665637992922706, 
0.662670028297025, 0.671025145558451, 0.674823224911726, 0.680820829227123, 
0.677408506953573, 0.679722329083464, 0.685002712486834, 0.666994510123646, 
0.674913657141661, 0.677114365074938, 0.671913156854829, 0.683410317657118, 
0.669130144915479, 0.678975443529107, 0.672156368964775, 0.678036224927088, 
0.68230707851754, 0.669394064621106, 0.673033936932106, 0.679532037812536, 
0.674066416635731, 0.675686310031955, 0.674496422779034, 0.678252015836092, 
0.690437393685247, 0.662691300778019, 0.670592086075935, 0.67638757816407, 
0.66914051634845, 0.662850584231816, 0.670235920458652, 0.663748629340703, 
0.689212165522563, 0.684030927728151, 0.682346640675532, 0.681158555997387, 
0.682823121722265, 0.65814954164044, 0.662427217843366, 0.679317399799511, 
0.677992628707067, 0.671833491174758, 0.680672105608223, 0.677057803766129, 
0.681135610945255, 0.682831953822327, 0.679416885382352, 0.673179143211587, 
0.672562448089908, 0.680803883050516, 0.671499138091533, 0.669146862849428, 
0.677490730875329, 0.681747893083335, 0.667293791601818, 0.682935228748716, 
0.66719495053918, 0.665214292378484, 0.667877469358517, 0.676535056316033, 
0.674384662576806, 0.676642987885401, 0.664915682747744, 0.685080013284401, 
0.661229966817224, 0.662072263453475, 0.661910888384341, 0.672151034997094, 
0.680289535439239, 0.685911231943481, 0.67931945149344, 0.696203342880816, 
0.672021066108874, 0.66731773080397, 0.679854041738616, 0.679336083833262, 
0.670969805313791, 0.685027371178186, 0.67526329865182, 0.682784380929186, 
0.683343242350423, 0.67699212602037, 0.678476546458293, 0.681815742652459, 
0.663932117584123, 0.674978661324246, 0.667125415023053, 0.689853414145538, 
0.679671509567674, 0.671054531098274, 0.674670351558541, 0.678349202382107, 
0.6732437976152, 0.660355393084666, 0.672364000823094, 0.661216914856041, 
0.684417423470779, 0.682217908273217, 0.680209800326845, 0.680047715457938, 
0.678354444880689, 0.675534469462753, 0.676496338277061, 0.675113572823554, 
0.674678759778478, 0.684042188735301, 0.694268320054571, 0.681687760994076, 
0.681397918485937, 0.674548024145575, 0.683857805377655, 0.687935204852805, 
0.673695090058715, 0.672727211902011, 0.678623233989867, 0.674539250915406, 
0.673900273823605, 0.670052685035452, 0.683636733681289, 0.6880474529576, 
0.677808491523271, 0.680485465223295, 0.676898997436462, 0.664050784209806, 
0.65889392774936, 0.664272817353774, 0.677359021734793, 0.669308967695901, 
0.678007221171134, 0.667638807776001, 0.688546825206358, 0.674322902326539, 
0.675684711026898, 0.66799184456278, 0.680083388027618, 0.665839734725203, 
0.675232029755313, 0.673112209442206, 0.65557854288911, 0.689977137830921, 
0.675003603845076, 0.670640942658476, 0.668912884453325, 0.664831733375031, 
0.674521793326737, 0.668573256439717, 0.666255708478408, 0.683809468992183, 
0.670866913633339, 0.688303986398108, 0.690527860657676, 0.683067788341887, 
0.672830297054783, 0.688703780059451, 0.689954082250403, 0.675136352043641, 
0.68090738161732, 0.683621267861107, 0.669248349987646, 0.656443123245192, 
0.675303684572121, 0.682929889136722, 0.686051393613052, 0.661541768612724, 
0.678929557736168, 0.686489764194182, 0.672665453288385, 0.67438667744537, 
0.680827703177506, 0.671424269502291, 0.660009560269638, 0.671420913196031, 
0.676536889209533, 0.66474641427392, 0.674977788295096, 0.677851142871655, 
0.670543417542177, 0.670131551080502, 0.691314858889423, 0.655612358559185, 
0.677634481850913, 0.670033255738751, 0.675010052666877, 0.677825402118956, 
0.674444128438242, 0.662760287351133, 0.661414626901707, 0.671307504889452, 
0.672082251598718, 0.667929656824566, 0.686196059006183, 0.675631951916867, 
0.684146628913275, 0.669707298901639, 0.674473549859802, 0.661085835457988, 
0.673326293207416, 0.67181365793402, 0.675607981931611, 0.67757409510147, 
0.685302269743521, 0.662503285863561, 0.67076939655231, 0.671963305759415, 
0.682659067001687, 0.670621050174576, 0.685522598732751, 0.6701774732939, 
0.685840498695943, 0.671214365055537, 0.680608436674333, 0.670268256306465, 
0.678188507403589, 0.669171351634973, 0.666536544963575, 0.670169894288416, 
0.676631559611262, 0.673574106392423, 0.665547494332208, 0.678059243734697, 
0.684165419944322, 0.673563794841813, 0.671479859076247, 0.654060070261954, 
0.670314073475935, 0.684243127128911, 0.657824753777063, 0.678588717099868, 
0.675788497832651, 0.672239868860138, 0.670559721200696, 0.672514357658789, 
0.684745163493127, 0.660406807514374, 0.666626729874565, 0.67227990390861, 
0.673084818439811, 0.674215165161655, 0.685247436468531, 0.659548910136552, 
0.669822264458371, 0.674524612861709, 0.677368557367234, 0.666885696890458, 
0.687562402189065, 0.669077839574992, 0.680641791725362, 0.673141575296469, 
0.67146051319204, 0.678274151417392, 0.681744288947625, 0.678450614604884, 
0.67836980738759, 0.673170261366556, 0.674293859438213, 0.679897146973256, 
0.657306410992171, 0.676270985562992, 0.666836067788964, 0.677807106578952, 
0.679610418685855, 0.688071895294363, 0.661190439630846, 0.682018370134691, 
0.665435736229475, 0.670359104942088, 0.680088871110684, 0.666854989072972, 
0.665396948542439, 0.685057885374952, 0.665152729823862, 0.678690016274213, 
0.678075714352143, 0.669095664523879, 0.677686452558682, 0.657918941240447, 
0.674924248444957, 0.67082298527736, 0.677977131547026, 0.673018846108587, 
0.658604856449037, 0.669981389687393, 0.665589465586616, 0.696787924206132, 
0.678622968407498, 0.671164517262253, 0.66461632011103, 0.671064366790516, 
0.672999750800176, 0.684501697931004, 0.668803296225028, 0.669256533722125, 
0.684321884193452, 0.669476955958429, 0.672193219167612, 0.676298194098731, 
0.673468958262767, 0.679355311515932, 0.673045896585295, 0.647041482927755, 
0.680613126650531, 0.672330244785877, 0.670898652634521, 0.670256286298426, 
0.675383634611402, 0.683761730285883, 0.693972471368441, 0.682377327547363, 
0.677231715377501, 0.66748124149338, 0.678587000190304, 0.679966579231351, 
0.675251219721652, 0.665779104836279, 0.680738577907829, 0.683232293966323, 
0.681425470535126, 0.675442420220322, 0.675583336530666, 0.675905333315448, 
0.67827842321758, 0.687512043626866, 0.67799220457414, 0.683075893613752, 
0.671514686925939, 0.663078895759025, 0.668031268202886, 0.68112523535863, 
0.67517927600116, 0.680203898967816, 0.672942959452401, 0.675059562641703, 
0.672404125441105, 0.678133579979405, 0.667336694660339, 0.672822801131525, 
0.670319682992781, 0.666155610212288, 0.681975530336794, 0.685444872896147, 
0.67773275058757, 0.68181464362484, 0.655392204536448, 0.680705837459622, 
0.678645377641888, 0.675076610116041, 0.658574604197385, 0.671503562574571, 
0.666035165722869, 0.663892000104405, 0.680420128705845, 0.678352366346988, 
0.668886966087545, 0.677271457822606, 0.671717814259799, 0.678880844233488, 
0.679881276350368, 0.676609446630529, 0.677973819526666, 0.672682055150033, 
0.677994475850704, 0.680822504368557, 0.66505654295216, 0.657197923970313, 
0.676108288684917, 0.669234850515327, 0.679656374361637, 0.684982891968273, 
0.681845048103183, 0.675441286013855, 0.664493733798345, 0.676735236016488, 
0.665381383285563, 0.673274455005215, 0.669474059282532, 0.66640208695716, 
0.667284067004418, 0.678806329479384, 0.679924321154177, 0.669044115741627, 
0.681531348294797, 0.685033917457156, 0.678312365055161, 0.681365980765956, 
0.677264894962485, 0.660698242181902, 0.677026761095109, 0.677252088648003, 
0.681500018983836, 0.686724658654835, 0.675549682220324, 0.663347559535326, 
0.662175643778324, 0.676737510209445, 0.660207188626313, 0.680267790071676, 
0.679661289544328, 0.690654149230898, 0.667601478111771, 0.682899373609173, 
0.68274306787327, 0.66321353417843, 0.670039167055945, 0.667196945081549, 
0.674073400125946, 0.679740110372438, 0.670293588477109, 0.664589336343308, 
0.681656638316065, 0.680116072069368, 0.668722958742511, 0.690850952105342, 
0.67831400991469, 0.677458850212104, 0.677526063359597, 0.658687165203771, 
0.672752702382274, 0.683440870522014, 0.681460841477293, 0.676811218867719, 
0.684693779739426, 0.676742895291708, 0.664546692417585, 0.67192229572046, 
0.670116243391269, 0.674685637615403, 0.673664196736377, 0.680611039516327, 
0.678148765562608, 0.675779609215528, 0.660829856840085, 0.666763537963494, 
0.661158129271362, 0.676454057065582, 0.682715960012794, 0.671734959047652, 
0.673378773282157, 0.664229872756038, 0.687437143163955, 0.672898571940687, 
0.664855148889487, 0.681468964236205, 0.683080997417415, 0.678816088733678, 
0.683336625926371, 0.673731769142346, 0.681597753917196, 0.683224500455717, 
0.666461167839767, 0.670333802306523, 0.68365858665096, 0.674558797956454, 
0.6806780424059, 0.666921983523361, 0.690422455252246, 0.670630279188915, 
0.674280047172279, 0.67781220837513, 0.678820447651978, 0.665715173744148, 
0.660243979559629, 0.669349823530291, 0.671064490556121, 0.661474754025651, 
0.670025638096754, 0.673291619126036, 0.681690683628235, 0.665099125137625, 
0.674923806497926, 0.676574641431108, 0.670976276609372, 0.673763114480477, 
0.667241390563338, 0.690061212377287, 0.654259423189272, 0.677431384351835, 
0.67625146337838, 0.686197822921388, 0.676318849487932, 0.676966155842493, 
0.681104619623178, 0.669141526547275, 0.676661221719318, 0.677990987959577, 
0.676208034896104, 0.671028700993139, 0.679339939231468, 0.676180471765142, 
0.671956820267074, 0.674966051977057, 0.663164307315924, 0.675296737060684, 
0.665925392689806, 0.675996327910585, 0.678966937532172, 0.665859131741069, 
0.684361286703773, 0.669018730973634, 0.668228817748813, 0.679330522882928, 
0.681850631065494, 0.678694571178141, 0.674502201107463, 0.678813408782609, 
0.652572224974658, 0.678289718041605, 0.676725908767096, 0.677872058644628, 
0.679348905985381, 0.669029116710763, 0.665064822801158, 0.683852023498316, 
0.6733475307531, 0.671327830606079, 0.67017519384832, 0.667608420102592, 
0.670079143201425, 0.667450459896961, 0.674802462709944, 0.671596284438429, 
0.670082023449738, 0.676430377125889, 0.688085539885287, 0.677430579328627, 
0.657120145408794, 0.666067912348776, 0.671819212440228, 0.667694772259056, 
0.689136522277754, 0.670156743075176, 0.682324116347883, 0.68157801278346, 
0.670669436884625, 0.682195876334553, 0.672595711185101, 0.667895403739418, 
0.681394726559995, 0.681535166200981, 0.670470997740405, 0.674745533680284, 
0.675162278061815, 0.678625188600747, 0.673140665882378, 0.681268879898263, 
0.677266401885742, 0.669444479551783, 0.676420199689654, 0.646358636156607, 
0.668063477881348, 0.686606210401786, 0.685530113288619, 0.686597753401407, 
0.664194810138341, 0.681662081072131, 0.674388101404323, 0.675551606869989, 
0.678600615746531, 0.687334226808155, 0.662755855735251, 0.674865857479278, 
0.66483576445674, 0.674373460093032, 0.685030936083454, 0.667398355344208, 
0.665833392681062, 0.668566104466899, 0.673266191298949, 0.6614502744547, 
0.667934570090405, 0.663313153297948, 0.681021177357122, 0.685755208110824, 
0.679731464279105, 0.680900514379181, 0.671149371425243, 0.675915080325867, 
0.65543754885572, 0.68385310164754, 0.662216072046001, 0.672513006204318, 
0.673773527161603, 0.677808318656474, 0.67466078168196, 0.678185460509144, 
0.675905359946381, 0.676633597804955, 0.671605159213128, 0.689222228995445, 
0.671749158515329, 0.676819540966613, 0.684734987551344, 0.671969723230751, 
0.669928475757972, 0.664152508094271, 0.684714746829633, 0.663549187187447, 
0.666288837991283, 0.656607185760564, 0.669056112441643, 0.6856520280265, 
0.681269624389422, 0.680820717423701, 0.678693833718286, 0.6662489420539, 
0.672459788243456, 0.669218116575482, 0.670871018324924, 0.661252614207216, 
0.672399846457326, 0.671129863241175, 0.662142009822782, 0.661571466977604, 
0.679502465293969, 0.668117675814847, 0.677564107957464, 0.677260602204864, 
0.670812193936004, 0.680086476029293, 0.677139893273906, 0.667125386906386, 
0.686770738103994, 0.67570517708668, 0.679545897949415, 0.68066805292584, 
0.662136152659557, 0.679624240234726, 0.672539772089786, 0.681128514684374, 
0.677037909723296, 0.682507397707828, 0.683053798448937, 0.677626584145385, 
0.673541889642481, 0.672141177348866, 0.685640404640735, 0.674326511219342, 
0.673600906547006, 0.680544736801352, 0.671924303627454, 0.67829835486415, 
0.680635538213446, 0.671448001810847, 0.676096841501702, 0.663986848074916, 
0.678974806697513, 0.684028497342534, 0.680385142789536, 0.681287921000769, 
0.676726107295036, 0.674918937003436, 0.682262834244569, 0.651765147752164, 
0.68312439895213, 0.678451335141597, 0.67286508546085, 0.66537936364437, 
0.662964036779903, 0.670852819618718, 0.676678202967132, 0.659903870136598, 
0.666802473262109, 0.684789426531745, 0.679269822938443, 0.668804521092033, 
0.680673153362483, 0.671963184767272, 0.684634824917038, 0.680352198415389, 
0.67300359972075, 0.669356961586828, 0.677697055417632, 0.671083506647339, 
0.6729287096711, 0.683484295337274, 0.676531389210698, 0.680311579257034, 
0.683034000382292, 0.663642729764316, 0.687300163006472, 0.66734970664126, 
0.681696328093753, 0.678405531002003, 0.66892574343234, 0.681609847941454, 
0.687214999182701, 0.677838980000196, 0.693376450695393, 0.672040173787599, 
0.666945095186248, 0.675430833050334, 0.679898845958974, 0.677414411587791, 
0.67595902447355, 0.670949379691375, 0.685141376413676, 0.679892554527723, 
0.687059819501731, 0.676342114908137, 0.65829497751207, 0.667847759919736, 
0.679160310491856, 0.663186762613645, 0.676529223551812, 0.671385552165567, 
0.6803395748297, 0.668360393321093, 0.66924626524608, 0.676937286326404, 
0.665815288172619, 0.684166741632927, 0.673281002622797, 0.674705487513087, 
0.672479326907318, 0.675444655793273, 0.677579636485901, 0.663318106672721, 
0.659037415771407, 0.662618860224424, 0.681095439793212, 0.690210320169195, 
0.667977699530195, 0.669751219434808, 0.676682839144806, 0.653611732330236, 
0.683466514567924, 0.666008005665792, 0.677594125368826, 0.68127573662207, 
0.677370336928073, 0.664364202672767, 0.656521673849294, 0.674166347492805, 
0.672551497628568, 0.675130984258615, 0.670575970574438, 0.68238223712393, 
0.672899450477145, 0.684066146188358, 0.680131007460128, 0.676849612703566, 
0.678157240430468, 0.665741498558314, 0.673623893627026, 0.665286210332678, 
0.679682849882739, 0.677360159845266, 0.662201344484353, 0.682191029375384, 
0.688504077391013, 0.682008544645449, 0.666005086997396, 0.668250219672128, 
0.667131228831332, 0.677255360758631, 0.668853394550356, 0.687329518902262, 
0.677090327112574, 0.676168942773055, 0.674374001739208, 0.654471366090303, 
0.677315567793181, 0.68213069635424, 0.672728272498102, 0.670746606009326, 
0.673453825957337, 0.682888012107159, 0.668109946016045, 0.666425602716609, 
0.68496985340706, 0.684350340341018, 0.663678808442049, 0.679977066423481, 
0.682579925861247, 0.676750082029966, 0.664678524199612, 0.677934161003543, 
0.667403970922332, 0.67281558735809, 0.681212920418331, 0.665768514503232, 
0.657700393216837, 0.681326736563313, 0.686333244059788, 0.674108824295314, 
0.682166219242718, 0.685992164387562, 0.670498123894728, 0.677792320636881, 
0.674852660602363, 0.672018958303028, 0.671766664880635, 0.673620761014595, 
0.68409062156989, 0.661080750724121, 0.668341091435351, 0.676925758893339, 
0.676535597406303, 0.670510907297698, 0.673247530733383, 0.686808400910837, 
0.665319657519884, 0.679057675397629, 0.681972897580479, 0.675200531150664, 
0.665081038479962, 0.68021792728734, 0.661958127815258, 0.669229466146903, 
0.662172819783513, 0.686956530455472, 0.666172568518886, 0.694313563239646, 
0.66546432318595, 0.668127522630688, 0.663915737583727, 0.681423097155804, 
0.681758540686557, 0.682994776006448, 0.665465329845066, 0.671055826923687, 
0.665009376072201, 0.68849141049971, 0.673861105501753, 0.685561216330315, 
0.668649053794368, 0.6591437985345, 0.657573259983203, 0.675239962088634, 
0.671622571178281, 0.669286413535403, 0.677902536166947, 0.675269860679802, 
0.680104231636984, 0.671617342287991, 0.682384609768882, 0.669430457391265, 
0.683762998448882, 0.686629124793932, 0.672893476532668, 0.674171726901127, 
0.671553125901958, 0.673689707417632, 0.672957966953156, 0.685388670964092, 
0.668413215741226, 0.679956968907196, 0.668917112141217, 0.679634561773683, 
0.68036853207649, 0.65677938756672, 0.670360806197804, 0.680097362314171, 
0.669833008393552, 0.688893561728682, 0.680937981237504, 0.673931373410537, 
0.677634084589497, 0.656209543610685, 0.683313711368259, 0.675909675043848, 
0.662461625610121, 0.680030822571168, 0.684543426936045, 0.66814288102956, 
0.675618247354198, 0.670284793290489, 0.682946576511102, 0.67691411509338, 
0.662130575859399, 0.679407353570157, 0.671886551708565, 0.678277025839164, 
0.66173400888449, 0.668233616065701, 0.658857712678212, 0.68181314740051, 
0.673775914184278, 0.672741806708459, 0.675090641358267, 0.680492444399884, 
0.681660910671539, 0.670976074152781, 0.673466500658581, 0.680068627698346, 
0.677382144721552, 0.673036530202746, 0.680241575910887, 0.660918652517467, 
0.674355699234501, 0.674755679479134, 0.669450810278242, 0.675429578438536, 
0.68784247830461, 0.66967370194719, 0.663491633344102, 0.675607186645151, 
0.678221619578796, 0.665187901334882, 0.675091099372145, 0.674310313359454, 
0.679796008956632, 0.68833023366381, 0.688512677035791, 0.681657125147926, 
0.677503363357736, 0.679097323466658, 0.676391974366265, 0.677595141109614, 
0.672667089952639, 0.669894625631725, 0.679123570334559, 0.666962014124495, 
0.667266471099556, 0.678196090060653, 0.666911043239695, 0.682284041593695, 
0.677284071320768, 0.680031644140034, 0.668941149407166, 0.675470420868997, 
0.674157926451907, 0.668764959353019, 0.661392211248581, 0.664022465798203, 
0.670405415489023, 0.671546252568682, 0.681874151955141, 0.668474430741796, 
0.665349243237742, 0.68766449404859, 0.662944714944631, 0.684195484028601, 
0.669708249073577, 0.683552408824639, 0.675492927976781, 0.681070857237492, 
0.666075018218739, 0.665898885822634, 0.673069942028913, 0.689151678660388, 
0.685758673453871, 0.676552095009982, 0.671592243615493, 0.676675658169754, 
0.669805607665003, 0.669148146385752, 0.677512246587299, 0.681298887800686, 
0.670499952753329, 0.677021388565402, 0.675861215377232, 0.68390338086999, 
0.682669042583351, 0.68010540146081, 0.674457047606424, 0.66063550105334, 
0.669532437276424, 0.664385274321179, 0.674293296189956, 0.669395286690906, 
0.676997781532119, 0.678236259816337, 0.68115653728003, 0.661894533168457, 
0.66728555526402, 0.683374996518435, 0.67958271829725, 0.67162105527424, 
0.688513193412035, 0.674511799098201, 0.671514451312378, 0.687929309327622, 
0.677549955889016, 0.672704589628769, 0.685764622952052, 0.679281595232011, 
0.666012662768962, 0.680799604339632, 0.688924020198136, 0.666942714178036, 
0.660700336652074, 0.668273710146975, 0.672017563551428, 0.658537196277529, 
0.675393161198585, 0.676190083862986, 0.676246975272336, 0.668312625200553, 
0.689623627122952, 0.678106204789585, 0.671730847921825, 0.679046028674834, 
0.67646763503092, 0.681339168483633, 0.673039304182484, 0.68473185468821, 
0.661461325358526, 0.675563328750486, 0.679640287248759, 0.660414164109726, 
0.688294904493469, 0.667573150507924, 0.664161026655821, 0.669452540511765, 
0.671111292523169, 0.676640829390734, 0.682135917225561, 0.66697669757015, 
0.661650362003317, 0.673646403930849, 0.683564944389021, 0.668449802736041, 
0.683483016301262, 0.67301809844833, 0.679586292551586, 0.65868734904208, 
0.673331396924662, 0.665260233297329, 0.671668935117973, 0.667772678393561, 
0.664667156996148, 0.6707974795231, 0.679895070165945, 0.667421162644589, 
0.6867759448588, 0.672087166708618, 0.683493169639856, 0.678259583572597, 
0.675229088471499, 0.655202485621234, 0.670626554172264, 0.680064959159245, 
0.671863401385019, 0.686211628484389, 0.681572002753582, 0.662040113944935, 
0.676236188601496, 0.681654482494791, 0.684162398868034, 0.676579506778373, 
0.670381312884925, 0.672983941589801, 0.68494988111072, 0.664361836939659, 
0.677968393026184, 0.675799536559224, 0.68143403181655, 0.678151954585454, 
0.679097730597028, 0.676916139914842, 0.6728889053076, 0.671985927639963, 
0.675634946760853, 0.674629542075052, 0.676926280160782, 0.688054537055063, 
0.65401577131435, 0.678487064721116, 0.674144322262017, 0.677887891735671, 
0.678639546502011, 0.665740849712638, 0.686812811916984, 0.675945446634256, 
0.675244376654849, 0.678250186922189, 0.662932008291758, 0.665012809923805, 
0.665068501650146, 0.671513587882914, 0.673768719644837, 0.670657703405722, 
0.691006334733592, 0.68343173567367, 0.675948487836416, 0.686569653014848, 
0.67760494275487, 0.659373612278855, 0.668141908576591, 0.677605994093462, 
0.676646934326094, 0.675642864326468, 0.678460968578555, 0.670272833828522, 
0.685178061544647, 0.663895169255385, 0.68326153062261, 0.678299781783378, 
0.646593721065908, 0.670778877636767, 0.665367845551218, 0.671490545394985, 
0.682867825150901, 0.664571745826208, 0.659089618569076, 0.671844080585896, 
0.686346386776801, 0.681462489560386, 0.661291013443365, 0.669673297125529, 
0.675928398871662, 0.671536953705293, 0.672161505071745, 0.677529363788657, 
0.658051334498212, 0.685936033398773, 0.68448373645783, 0.668700343191203, 
0.671811439356626, 0.675524207919622, 0.675644410841601, 0.684884360386653, 
0.670964344529656, 0.65834455229322, 0.671047735443877, 0.684117799001432, 
0.664621081346283, 0.665427548817517, 0.672965563331897, 0.674799984551706, 
0.666917684915032, 0.669348570791142, 0.665044064811057, 0.676955348486211, 
0.666812357767597, 0.684240308426528, 0.681829591670706, 0.678528031469409, 
0.685381010556333, 0.670112728020693, 0.666144533045658, 0.672942114439809, 
0.681183818030637, 0.678016882111297, 0.668870171243818, 0.661971451726434, 
0.68993924980167, 0.672565185425091, 0.677944531406116, 0.668945064928062, 
0.685025659492282, 0.659272774756265, 0.678351297435492, 0.66876078495212, 
0.669581896935404, 0.673363028876528, 0.673540204956892, 0.667158388145984, 
0.658894741656761, 0.668064413463726, 0.670219137362654, 0.667565895838072, 
0.660595982732578, 0.672590610225384, 0.665840536047395, 0.68305943241367, 
0.662809846123657, 0.678695932253703, 0.672844280847416, 0.672908586239773, 
0.674197218999593, 0.656470984484773, 0.675234601266983, 0.680077707855992, 
0.67272361513236, 0.662149959084153, 0.682901070169005, 0.684018446852763, 
0.687065503507581, 0.67789252227717, 0.666926938134662, 0.686872620622777, 
0.676962134707034, 0.668617226589686, 0.684992299100112, 0.673206927884557, 
0.671294253205212, 0.670907267022755, 0.682460489952349, 0.669186140256868, 
0.674163944011384, 0.673495698093742, 0.673439036665731, 0.664502272356814, 
0.679079148101528, 0.669587749609614, 0.677857371454745, 0.667217230822419, 
0.664093154403711, 0.672262036520343, 0.685614671178068, 0.667634575048266, 
0.679417736567526, 0.667662040078591, 0.680006292271358, 0.674169966103865, 
0.669236306858079, 0.677973696738429, 0.682669333388284, 0.686279195591588, 
0.681336846874477, 0.673672894515944, 0.665928735726969, 0.675513500619988, 
0.670354160621248, 0.677195793161494, 0.669756310752699, 0.669749912339684, 
0.669036182216473, 0.67180533318691, 0.670440690061162, 0.666010037652136, 
0.669444545599915, 0.678222034812189, 0.677552818071525, 0.666830844657467, 
0.666799118589174, 0.65902243639592, 0.665184991023678, 0.684173279716283, 
0.672416071780919, 0.693880403780539, 0.672202749878217, 0.673639444298054, 
0.672721078723197, 0.670146544022491, 0.677331160332573, 0.677128208100443, 
0.679313032391611, 0.680013231931114, 0.676900182708682, 0.674901338933608, 
0.661847907438255, 0.669928906757501, 0.691851422454543, 0.664586067443017, 
0.683069064241181, 0.683074648605971, 0.672295501562809, 0.665264727872718, 
0.655921481037294, 0.673615210672231, 0.678440469403063, 0.679678209228974, 
0.667583529829904, 0.685394817947971, 0.670379979580919, 0.666069704702451, 
0.669420370599411, 0.667228321424971, 0.676355025526846, 0.652846973403955, 
0.676464407022566, 0.676598540730149, 0.673615915272681, 0.675882668719349, 
0.67450173093044, 0.665326997107914, 0.688801467716782, 0.666503320804184, 
0.660516105419897, 0.67006244625272, 0.652651591477904, 0.678716855180369, 
0.683225947153138, 0.663808790249445, 0.6829038644444, 0.663037715332974, 
0.676113760733415, 0.677640537415168, 0.6682138470937, 0.666892518690037, 
0.680908230934571, 0.687034444709705, 0.684585368853009, 0.674189262153216, 
0.674689725557427, 0.668007894497922, 0.676714235965281, 0.665287068691173, 
0.66676619868168, 0.669547575502559, 0.662044929764522, 0.675058728479647, 
0.682310141455848, 0.657361161990454, 0.673571905781239, 0.681445447137862, 
0.66889857731561, 0.668952913756228, 0.685569930741628, 0.673959615959018, 
0.67664121155873, 0.677256371602854, 0.659831126320969, 0.672199551864633, 
0.677887861800506, 0.680406178226276, 0.679499164674236, 0.672283175630665, 
0.669345548568893, 0.679598608871694, 0.683838229963896, 0.683457594613143, 
0.675670149092412, 0.658451934439638, 0.68448990699337, 0.672113166854287, 
0.680481730405099, 0.66703997903612, 0.666778680290031, 0.673644800364165, 
0.677534195297412, 0.67746093375924, 0.678969868681886, 0.675189057249454, 
0.657883622729077, 0.671304284416293, 0.672427381884695, 0.68272231343866, 
0.654602598398941, 0.666646079126708, 0.665420961767012, 0.673911015971961, 
0.66852503961382, 0.679105387859082, 0.677836702904234, 0.670739929732186, 
0.672064018237002, 0.671819768939659, 0.67130762250003, 0.670904136906336, 
0.675921486984374, 0.665005288830954, 0.687181227689476, 0.677416414466535, 
0.678222574241233, 0.669626004497686, 0.659580193567897, 0.668630319278703, 
0.672971128103194, 0.676987417342546, 0.656568697815714, 0.679721506594164, 
0.680919214926244, 0.679008927592742, 0.675272296098867, 0.673655557087768, 
0.687836656799891, 0.682670694068764, 0.68352078015887, 0.674149497151908, 
0.665132381576347, 0.681887183539016, 0.685886804345561, 0.675970043420838, 
0.673012561412712, 0.668580857501904, 0.675216323614999, 0.666246256272998, 
0.674868338317796, 0.683831043433074, 0.67915036758909, 0.686010893141676, 
0.686680159494165, 0.677348794774478, 0.680882465633809, 0.665936729792495, 
0.680019539778796, 0.680038911942474, 0.674466489605551, 0.679653092915934, 
0.667574802699945, 0.670257489076511, 0.666959582951729, 0.677487986439262, 
0.688963689342691, 0.690709650363406, 0.668360405193707, 0.67431770126479, 
0.686534659630011, 0.68546790361017, 0.651801951508637, 0.668642178389198, 
0.657177724448302, 0.688407002113984, 0.664923787985892, 0.667317284182836, 
0.677098387108831, 0.671957918343895, 0.672167849528151, 0.663804844772994, 
0.658992615446497, 0.67981236142962, 0.673852027944256, 0.680897705743775, 
0.675776511102736, 0.667951905096576, 0.672704680175456, 0.672374970842359, 
0.685770599678331, 0.678322731921894, 0.673727447153952, 0.661491239120235, 
0.661712891397682, 0.667909442182133, 0.672098649268161, 0.685613499647994, 
0.665141870037241, 0.677215878688162, 0.683113402614846, 0.665585945032405, 
0.665766534450755, 0.681139646725545, 0.680691321572115, 0.680913890348845, 
0.670235509688154, 0.669548090095989, 0.665718845844871, 0.663300854313629, 
0.676170344846519, 0.682360751296862, 0.674944553445667, 0.672764272935516, 
0.658241544468323, 0.662667715671228, 0.671748065183035, 0.685272798536459, 
0.661914684167242, 0.676156967823774, 0.672074947650947, 0.671904984463083, 
0.679368886382827, 0.666557822614676, 0.672328702004715, 0.674148542344383, 
0.677164453225567, 0.668284293186121, 0.668839281867402, 0.672720713343577, 
0.663118901561086, 0.665061260860631, 0.680271930043037, 0.678428637069018, 
0.666053740514491, 0.675888892874787, 0.673083123263662, 0.686551291493812, 
0.670950746528404, 0.680184464599966, 0.678966784677414, 0.668714425013419, 
0.677762613904048, 0.680693393850582, 0.684117089724142, 0.665008910060209, 
0.683403110694461, 0.675832914613466, 0.664329507590603, 0.675716260887701, 
0.68374611562433, 0.679108502681043, 0.66919123260102, 0.678501912780207, 
0.678197213495519, 0.680033776254922, 0.682932786784586, 0.674095837396961, 
0.678554583217341, 0.672666390147938, 0.667570022018846, 0.674689271177925, 
0.683797491398538, 0.673633563667784, 0.681698045805895, 0.68223570639942, 
0.671909226391348, 0.6954649771054, 0.676642156514081, 0.681780001137159, 
0.684519809404842, 0.67274399629072, 0.686047847950854, 0.675389620731284, 
0.684786037736779, 0.662938658270005, 0.686131466220774, 0.667761131804253, 
0.665044885754977, 0.670271738711891, 0.671153519578442, 0.66453940980791, 
0.677181863798197, 0.673732752641778, 0.677733561321342, 0.679558310312649, 
0.670191006279341, 0.681933477975164, 0.6840088842396, 0.655312361679953, 
0.68433775778116, 0.687043451473289, 0.670953072115959, 0.675673832255361, 
0.669232672144995, 0.683919661488928, 0.673440590115342, 0.65871230138147, 
0.670525868124454, 0.669617655489248, 0.66240241110039, 0.671114048411029, 
0.664702985810039, 0.685267258668048, 0.682705935570395, 0.678686338253671, 
0.671952899386674, 0.67348131159208, 0.67354131640841, 0.677668980465476, 
0.668212075402154, 0.684477864224204, 0.669297659013344, 0.675909977603702, 
0.67015072963112, 0.676012011178658, 0.673558042441607, 0.682805462924139, 
0.680016903238799, 0.676409739826013, 0.673478257031664, 0.679524723399118, 
0.678592294972398, 0.677039156352624, 0.672420223273917, 0.674505876351952, 
0.675757166164513, 0.690041829509169, 0.666631003152164, 0.644816584688483, 
0.684641621109257, 0.674285173555225, 0.673658524087444, 0.663495469994938, 
0.675401478887777, 0.679282271423174, 0.683003289676594, 0.671307987515308, 
0.668638803117121, 0.681028887555694, 0.680463721917283, 0.676500972047005, 
0.683928261379855, 0.675993563461143, 0.675918876730097, 0.679260277051503, 
0.680157795166982, 0.669671770096445, 0.665939671401236, 0.676408482986747, 
0.678974143310381, 0.675192452698503, 0.678276950205926, 0.66134091516589, 
0.677477890783098, 0.680804072655845, 0.677226179491405, 0.676294268466131, 
0.676551996129901, 0.678044554470032, 0.6706480815211, 0.689205129324837, 
0.665194282325753, 0.678727606576015, 0.683137449176022, 0.676333237964228, 
0.679225922387267, 0.681930565966383, 0.67839105181072, 0.659324664400732, 
0.672777168538666, 0.676750220801123, 0.662796511260141, 0.663259515046006, 
0.676411731971039, 0.670830728043448, 0.667469997785776, 0.677780146968111, 
0.659112721096373, 0.655596395084971, 0.677194449711499, 0.676665883491148, 
0.667828130346716, 0.665325695994829, 0.678280446239171, 0.68528905242991, 
0.673538515120691, 0.670532272300959, 0.662532465349773, 0.671172875527855, 
0.665667037855462, 0.673237978351673, 0.679657226374523, 0.697386993102988, 
0.667030855834567, 0.680150543899223, 0.666405217660812, 0.673114870169015, 
0.682197897967838, 0.673289291748876, 0.693749850947162, 0.683085793701747, 
0.662308981425304, 0.659421200397519, 0.68556951657864, 0.67618385564377, 
0.673078252891337, 0.680745438958839, 0.680914825078629, 0.679154733420743, 
0.671894034993502, 0.675456636480536, 0.670450976992249, 0.660359335939212, 
0.670865750868273, 0.672724941053861, 0.670714465088582, 0.684847204874652, 
0.660556550366666, 0.66243814612492, 0.674304473725705, 0.677878851040646, 
0.676342932221047, 0.661585765119963, 0.675310126143287, 0.656753199406627, 
0.684373359476204, 0.67512667478329, 0.663292090886426, 0.680156083459647, 
0.662080709376807, 0.6864649878467, 0.684824411114064, 0.673091297040782, 
0.665426899775502, 0.675290356765123, 0.670816571533626, 0.675000370320192, 
0.675868852415952, 0.676137844888117, 0.667777530404139, 0.673441102252363, 
0.680210932285604, 0.669253057309551, 0.677917407246773, 0.674236624775341, 
0.670306437655063, 0.677352265113393, 0.683841534585813, 0.680499283586274, 
0.681333480496132, 0.687906455459068, 0.656897695004625, 0.684146422231442, 
0.678221427162954, 0.676739029939383, 0.677764698490272, 0.681924895627171, 
0.672681409103457, 0.675876036240162, 0.680748255588914, 0.678273510986479, 
0.667596546987889, 0.671258970601329, 0.679752974029592, 0.676478582942453, 
0.674671859021619, 0.673307989468273, 0.684529068402545, 0.682834836187456, 
0.650798598163895, 0.671008106859614, 0.678132639976719, 0.685928285823383, 
0.674680715308201, 0.680444633080239, 0.682943530363082, 0.690499053611381, 
0.684575379878121, 0.676568007059384, 0.683588031427432, 0.651363269423331, 
0.68048610513443, 0.663301867891012, 0.678243960713819, 0.665965646463941, 
0.673271809369641, 0.659554887531108, 0.665817815208204, 0.66304553573827, 
0.674447527575117, 0.672700110941031, 0.66380263637491, 0.67366069522277, 
0.66742006508715, 0.663330105092775, 0.685465584790946, 0.669759198083293, 
0.670643877523775, 0.67291470569698, 0.685560088641944, 0.676760606270468, 
0.678169273011227, 0.666514664122322, 0.677999866916667, 0.681715890962349, 
0.6814531486224, 0.672471333872619, 0.667510822936804, 0.686319519533858, 
0.688330262005667, 0.678014049880172, 0.671736066545925, 0.693134645849879, 
0.679059377808361, 0.678478365240365, 0.691644092640349, 0.673898739415938, 
0.695961144438346, 0.678073953948163, 0.652095449341507, 0.665640584592918, 
0.682735677227888, 0.666343198414512, 0.667775720381788, 0.672502399725827, 
0.661768151285558, 0.67315491948596, 0.676200712492553, 0.684375265229705, 
0.658272332312743, 0.677134311269022, 0.678548116125143, 0.684977451049077, 
0.682549800807996, 0.677550454885289, 0.672905209779288, 0.680792322441939, 
0.674651857156301, 0.675932983228535, 0.660939862167259, 0.671603522991574, 
0.663511657127432, 0.67815706556744, 0.676453402000847, 0.686799397224281, 
0.670924025971163, 0.672158519659448, 0.678720083624008, 0.679158197343135, 
0.679364725621089, 0.675894304985407, 0.683084091840299, 0.682101349419863, 
0.679061248121233, 0.668746893377604, 0.673635430520941, 0.677216262438701, 
0.678238090863897, 0.670471186463223, 0.660610496932473, 0.682172951183079, 
0.67705253834098, 0.678748842226868, 0.670156265227698, 0.691017756220994, 
0.679529448918415, 0.68104801467881, 0.666405014275695, 0.680260020365262, 
0.678545985280838, 0.663189188070924, 0.674493331331953, 0.678079217417729, 
0.678634691056706, 0.662903085569137, 0.67966305646073, 0.666422621815188, 
0.68959769044148, 0.667521730008061, 0.664036744828126, 0.672497200876829, 
0.670755048912825, 0.66434703456721, 0.675199044886142, 0.668182251514908, 
0.680657328863551, 0.661386082674655, 0.658624416190831, 0.677738090184499, 
0.670689638759329, 0.679295016402013, 0.668156722688469, 0.677168142533215, 
0.672418292170979, 0.67117732123546, 0.693447484267337, 0.676873812086322, 
0.679478215409559, 0.67290911987083, 0.680967207978122, 0.666673204668272, 
0.675019146865672, 0.6928668101571, 0.676964027931514, 0.672792475067695, 
0.680451442847454, 0.670105439111462, 0.675391463067072, 0.666672309374869, 
0.675867773704667, 0.690745615727893, 0.674854806225081, 0.682018936807468, 
0.675014551213413, 0.671062619894489, 0.664979405889723, 0.672470492503039, 
0.670068864789313, 0.678192969334388, 0.661861932230928, 0.679899490295603, 
0.685122455190177, 0.670523265764546, 0.66244761131698, 0.674551562228251, 
0.675761657369793, 0.675580984207905, 0.666410914717801, 0.684083449571929, 
0.672448917857784, 0.674901123362387, 0.688574834209107, 0.691087625067817, 
0.664822732963401, 0.672695910483588, 0.673506890725027, 0.685933006083847, 
0.687603355434447, 0.674481786705014, 0.682230835461393, 0.667829006897701, 
0.670344799044572, 0.661680584207848, 0.67699447857352, 0.687338426059824, 
0.667705647068343, 0.668685657508788, 0.687474144451558, 0.671133416608482, 
0.655932549681674, 0.667991997867685, 0.670399820458222, 0.677135465713165, 
0.69052104482712, 0.6774328273103, 0.677477818188037, 0.67831248169082, 
0.665487596000703, 0.672761913653967, 0.674122910924052, 0.678961889086317, 
0.687499396827345, 0.68104580642453, 0.676998524360613, 0.680267951703961, 
0.685143632518772, 0.67271964915427, 0.668342015014876, 0.677134543469007, 
0.681795511307638, 0.682256211681432, 0.674333795666451, 0.664778901469684, 
0.65752905198106, 0.687439815688773, 0.673878137251735, 0.66705543797008, 
0.674945826838145, 0.675909564888728, 0.674915470832749, 0.676330139587862, 
0.664452703849491, 0.683494642235858, 0.669404545605969, 0.688594667925791, 
0.674933717524125, 0.664194438529288, 0.677948870234655, 0.662741299752565, 
0.6842430080145, 0.690492328079056, 0.676750551151938, 0.66627796250659, 
0.673940561286277, 0.678682134565107, 0.667952243683182, 0.677924165875712, 
0.670361953302621, 0.668216799571236, 0.677110817414963, 0.680579507832186, 
0.68262770113888, 0.681341660206318, 0.683660648580458, 0.677698531643794, 
0.670901720167031, 0.663306334995279, 0.677559025364612, 0.672113271045236, 
0.675645958648046, 0.672431570200189, 0.666673240863163, 0.688797204448308, 
0.67576223319263, 0.680607924605149, 0.674997538715832, 0.671786415219153, 
0.665206288556475, 0.671455123822434, 0.6629363433282, 0.686798515532931, 
0.673650344935627, 0.671033428859109, 0.665308402948099, 0.678624481954054, 
0.662973833832428, 0.674579563169875, 0.667025676550459, 0.672422971223074, 
0.679747884085606, 0.670178374966835, 0.658052442359747, 0.665404695430321, 
0.657406315370211, 0.67819550314313, 0.66724670873251, 0.673515514697667, 
0.678642723153164, 0.665982525943532, 0.682676468826988, 0.679951610851302, 
0.67154324604286, 0.686036582027955, 0.677148650248072, 0.651813924965249, 
0.666453644265104, 0.667028469481671, 0.668462560391192, 0.676730147576746, 
0.662652913588794, 0.680696357673271, 0.675702729250112, 0.687571906985334, 
0.677597667049293, 0.673325476379643, 0.682010454632065, 0.668768262605588, 
0.663651263638667, 0.671012945509521, 0.656960244828795, 0.673317546039928, 
0.675346464905594, 0.677695099048398, 0.677678625522931, 0.664031142855425, 
0.668644812544526, 0.67896804201983, 0.692078311552416, 0.679666970854655, 
0.672512114998582, 0.670193042770255, 0.674874493516587, 0.679471239063227, 
0.685767742592674, 0.689560968307731, 0.66836830008461, 0.661329483532327, 
0.686144345948914, 0.66584727202056, 0.685678278889431, 0.672363127162432, 
0.671175472306623, 0.674971330758933, 0.678213918009962, 0.667684795834501, 
0.671706391330673, 0.674876459483741, 0.672160643511836, 0.67013611051643, 
0.667998341736597, 0.657588124861616, 0.673260741537472, 0.679454421497385, 
0.679652071067551, 0.670921307691678, 0.662991773739906, 0.67595674113879, 
0.665598042781041, 0.682575431931225, 0.68043790479011, 0.680966048021473, 
0.678771940143095, 0.673133892750821, 0.675301642240927, 0.671163271918324, 
0.680960285203868, 0.674580038313738, 0.65672934048435, 0.68862543752955, 
0.668055178340807, 0.668631377583541, 0.686460840223492, 0.687620107107863, 
0.671137891393363, 0.677549199944782, 0.671248868568261, 0.671542266070743, 
0.656511662344328, 0.682301951333319, 0.676595060785384, 0.677696148002031, 
0.682847612132834, 0.675862215200797, 0.674371192204663, 0.676241740478988, 
0.679383811858707, 0.6631827594761, 0.680022550920473, 0.678635414657698, 
0.676280289026715, 0.680283024517727, 0.673560284037181, 0.679702862829229, 
0.677224067395827, 0.669223077665689, 0.689975438697052, 0.668065718765559, 
0.679581178012147, 0.660377293483118, 0.658739690112753, 0.674165108480384, 
0.679672725906988, 0.680401066804469, 0.681827940949775, 0.65648677558117, 
0.670275313696641, 0.67056791984835, 0.673284379071757, 0.693507144443705, 
0.679314218336297, 0.675305423958545, 0.680577130163457, 0.660955520350232, 
0.678325522284569, 0.668561031532276, 0.679204368834601, 0.678656447380293, 
0.669918613647015, 0.680910006161301, 0.680384688116591, 0.681615220467848, 
0.673836607069354, 0.676016454458647, 0.685237114994051, 0.677823179299095, 
0.67824110270987, 0.673072068815194, 0.679663576894904, 0.674495811917328, 
0.681430599036051, 0.67911528376882, 0.679359964182724, 0.69655421461091, 
0.668564095171108, 0.674785294637221, 0.664466234578994, 0.673710335678624, 
0.665755695884841, 0.674212889178414, 0.665558485171421, 0.677343428416761, 
0.670891127813901, 0.65700534505767, 0.674759258390539, 0.660388839096056, 
0.656913626489096, 0.67758009259664, 0.679915291483747, 0.666793078028562, 
0.684462685137418, 0.684405782771188, 0.684364255384087, 0.673216289802288, 
0.666744230992463, 0.676096382393194, 0.676728426119529, 0.665612320647838, 
0.670354942549929, 0.676284064656368, 0.675825438246199, 0.676569283279914, 
0.683363615046381, 0.683941189579963, 0.658181844948919, 0.678345069246182, 
0.677779105886276, 0.680025715989667, 0.681774171758747, 0.669854856937032, 
0.675966679984449, 0.670656799654821, 0.673068286042, 0.659931200137077, 
0.662941774340959, 0.671761262399082, 0.661032495055291, 0.670113468200977, 
0.676285842657686, 0.671241916505961, 0.673190101686497, 0.674717160626022, 
0.681026174788143, 0.665893296535603, 0.667447331596151, 0.680031963615031, 
0.676456127084523, 0.668503932192217, 0.668428156143799, 0.678928671343033, 
0.651010129619639, 0.663932575351403, 0.678660338953579, 0.662402590706499, 
0.673770527150481, 0.66644557151939, 0.660861712991146, 0.682163034728282, 
0.677262426853914, 0.683907763181021, 0.662502818917378, 0.684882711352217, 
0.669582621241137, 0.684445549773561, 0.672600064446638, 0.670421201532736, 
0.675853687402356, 0.670530187938046, 0.689704748805594, 0.669813356242546, 
0.671185623864128, 0.678480065364505, 0.677881297749311, 0.679768688309582, 
0.675573462830296, 0.673088825952238, 0.684817973747658, 0.654877196816617, 
0.679985245698146, 0.670785773443757, 0.680712638902242, 0.669415974063667, 
0.667426008919817, 0.672777245237949, 0.674279293288913, 0.67701628918248, 
0.687328249677774, 0.671148988835338, 0.687789844760649, 0.678958053655973, 
0.668277913716901, 0.675585405005098, 0.674855578307461, 0.675986198743193, 
0.677561112897822, 0.682785166745805, 0.671513985419207, 0.671904861817616, 
0.669049091595857, 0.677528447101763, 0.684031501435678, 0.66411379223792, 
0.666655999141771, 0.675379859508562, 0.671881165685124, 0.678619954725915, 
0.665266618194616, 0.662810443076643, 0.686676775193852, 0.673834970896462, 
0.679191145776519, 0.661069373400191, 0.689638705495141, 0.673183542743259, 
0.668777412446453, 0.6631369032096, 0.671735118242884, 0.673837941738772, 
0.67982088014517, 0.670026087528948, 0.673086567030756, 0.666518689081509, 
0.675003885499208, 0.67649986925375, 0.67690666309058, 0.66714513608222, 
0.640349929954994, 0.673928971443901, 0.669678075583532, 0.679902348996732, 
0.684051091943766, 0.684732980023076, 0.678943296218107, 0.67856626764976, 
0.680665503884586, 0.679953191908106, 0.668625753444564, 0.678861534922737, 
0.665582751741016, 0.657883435018786, 0.677471168711773, 0.667237349884388, 
0.682098636661349, 0.679414072587614, 0.668309067619952, 0.672110071502135, 
0.681855488109819, 0.666848765496116, 0.668278720242009, 0.68247579867766, 
0.675020997345162, 0.686633763769783, 0.662389975477208, 0.671792819860655, 
0.667863520963173, 0.678035151877229, 0.682462298172282, 0.67922455501249, 
0.681310400780308, 0.680682858017726, 0.687767227926762, 0.690718190073864, 
0.683526507199671, 0.671480115879052, 0.68466649906989, 0.654845798748731, 
0.676564530575465, 0.673830161720989, 0.667990295467862, 0.682510312320909, 
0.657029329538419, 0.668138919790385, 0.667550708732912, 0.64945233142589, 
0.671371324778628, 0.684390455843536, 0.677271438270882, 0.665023036199045, 
0.67738011219666, 0.680242258537223, 0.667780467532039, 0.672458067078, 
0.674301506028965, 0.659498047187039, 0.682471301328171, 0.66818987337577, 
0.665949316812186, 0.665328939937967, 0.676037305562037, 0.673611893247208, 
0.679633526544444, 0.668686659979215, 0.695448736528208, 0.678984582905371, 
0.655630769501495, 0.67765622902838, 0.676512183809107, 0.669959926816804, 
0.673529957255429, 0.687174603839597, 0.666899065873694, 0.686014599544154, 
0.66521545499059, 0.677166844208789, 0.676151275955605, 0.66942045737002, 
0.666973047432514, 0.683451419295136, 0.677156872521286, 0.673008304723583, 
0.68269707939251, 0.667891824854193, 0.683389333742548, 0.672272596480489, 
0.675840515325275, 0.678342263121067, 0.67232505578318, 0.673449136570763, 
0.684868884945353, 0.666513007400139, 0.680158558389637, 0.682048388384386, 
0.679592112955663, 0.672950615410591, 0.674798454683276, 0.688469231278196, 
0.680270093202729, 0.669840401713069, 0.672349022486202, 0.683776116879359, 
0.655187338130011, 0.672959651359179, 0.680160497712973, 0.680248231996935, 
0.681489439921323, 0.675719550660032, 0.673793125808713, 0.676555219702473, 
0.677421925778638, 0.672672773338483, 0.661774774273914, 0.677121870745006, 
0.679352142565931, 0.669877781969131, 0.689037315596071, 0.662374990449127, 
0.692292228723212, 0.682053383756855, 0.677786298345413, 0.664556363569846, 
0.669624118898631, 0.673333486904417, 0.661591162711077, 0.673584521075376, 
0.65121524747433, 0.672334488845493, 0.67185056525222, 0.675551820990656, 
0.662915151285359, 0.676835934621623, 0.677494664197773, 0.688655391741964, 
0.678766847817086, 0.680574528762699, 0.68193284997464, 0.671862137562299, 
0.684774691478601, 0.673240576066475, 0.686705068773364, 0.672849362140078, 
0.670221321155929, 0.679961770639779, 0.668678635971301, 0.658500419584369, 
0.650564003539836, 0.675665463819056, 0.664364215774996, 0.66043974582627, 
0.678272269330184, 0.654438758491313, 0.677908846594587, 0.679084380262098, 
0.656412819070113, 0.674682797568998, 0.665725378462778, 0.685725396260181, 
0.671849676289555, 0.677967157045903, 0.686731319602484, 0.682585362022995, 
0.679938681821083, 0.678366783416445, 0.680505622140005, 0.670584766264022, 
0.667790163136649, 0.664968421860051, 0.681358979784534, 0.675909261211502, 
0.667768109522417, 0.669978797216486, 0.673792884640277, 0.674780659345979, 
0.677272726471676, 0.665225555024841, 0.668310060256049, 0.677059824756578, 
0.675470355843706, 0.679786274536708, 0.679947942535322, 0.665902484168326, 
0.678689284424911, 0.680756217502458, 0.680501105313996, 0.680113891163252, 
0.68103547498999, 0.679174034837508, 0.679117192170647, 0.672761241700212, 
0.6786242100124, 0.663111037061829, 0.685656434111517, 0.676991017783299, 
0.666132664423547, 0.679013401122515, 0.676254445819681, 0.674377690062133, 
0.677924229864879, 0.668056307059908, 0.671930373537086, 0.668907638540487, 
0.668073052611397, 0.675339599350784, 0.670049229379594, 0.675979700521623, 
0.675228642503756, 0.676598877232885, 0.684017905878906, 0.678569862424002, 
0.670518796767251, 0.679986568511997, 0.665530470928413, 0.677355084442394, 
0.6646347620348, 0.669531889625183, 0.672921720302551, 0.679615796429612, 
0.682482382630317, 0.668564490785688, 0.681282072664783, 0.683499906888981, 
0.673102728715244, 0.673512193075353, 0.676501773635329, 0.685351062319743, 
0.66423020545576, 0.680413839107297, 0.681399661917912, 0.674875928958896, 
0.678961159668674, 0.667981755221841, 0.674751992757213, 0.665745139073577, 
0.675765115962741, 0.68314987685159, 0.684804595833465, 0.664405202610947, 
0.673368435706477, 0.666796314518851, 0.659573898843921, 0.671548670879393, 
0.666521968527557, 0.68161221459869, 0.66753099745468, 0.676487062027613, 
0.674256454514095, 0.682203034930788, 0.676819690236511, 0.677015862703963, 
0.690820560337622, 0.685197671526757, 0.671378370465426, 0.656895801648424, 
0.67268993183591, 0.662408191870091, 0.662408863056818, 0.669038106815039, 
0.671256315784363, 0.674393320737503, 0.68226233060619, 0.665551011448005, 
0.677686442738447, 0.655498686256601, 0.677163438796641, 0.671816513350296, 
0.672397589384174, 0.681289790442553, 0.672168029737022, 0.666687012857099, 
0.657564264308609, 0.681536821923373, 0.672024270302079, 0.659884755190879, 
0.663186729604126, 0.667701562074026, 0.671078151317674, 0.684631478500557, 
0.679359163645499, 0.666232816785483, 0.673296681304485, 0.678924812643522, 
0.689406180152174, 0.66445789545727, 0.669982209692252, 0.660043356357732, 
0.665995824434384, 0.681297546393502, 0.666929554864988, 0.663340049685787, 
0.67746206273118, 0.677690686586002, 0.675514734140281, 0.691051452069242, 
0.679091573516903, 0.679384492217437, 0.668400619311676, 0.683987472631, 
0.678070227083481, 0.672842831770333, 0.670933550001912, 0.685157075269642, 
0.67061617112274, 0.683795675801213, 0.672969087403318, 0.68941095483695, 
0.682381438502548, 0.679016493943965, 0.681833478258105, 0.659421098661994, 
0.67528037084553, 0.670412316667944, 0.664618364008859, 0.678643113706624, 
0.679131926246823, 0.664606213242758, 0.664487732860576, 0.665401378144976, 
0.681501226361613, 0.674452251889724, 0.671456222337171, 0.668738022269802, 
0.679845836292621, 0.685759520852606, 0.671204774399604, 0.675180099444916, 
0.667724402681936, 0.683189941996797, 0.673904312382063, 0.673858710282527, 
0.681761377023726, 0.681241272645553, 0.68226667346927, 0.683698666722544, 
0.668658687666101, 0.675602094662397, 0.684198326153008, 0.665358475803442, 
0.686019682208131, 0.67348513642278, 0.666324136406914, 0.677859068309119, 
0.672298995886108, 0.666406010528529, 0.672226956341936, 0.675220320838393, 
0.668012754751992, 0.66153479875944, 0.678081703160413, 0.672365343784195, 
0.667436854858819, 0.682320012525861, 0.679258256480024, 0.670889509293697, 
0.672771421213613, 0.664832116819497, 0.676217092185792, 0.673940826530173, 
0.678142921496406, 0.676312857895675, 0.675514154223998, 0.670901511817101, 
0.661418151011994, 0.681249585531143, 0.668140054133929, 0.67812186207363, 
0.693727481068787, 0.668250411833427, 0.68211922137253, 0.666657152970786, 
0.668735002902555, 0.672722615470545, 0.671044402727382, 0.685804606720456, 
0.665756444637764, 0.661105868256733, 0.664580773637899, 0.674451139376547, 
0.666261916962461, 0.675654136888367, 0.669923652892336, 0.673198017582527, 
0.675393748942498, 0.673497788387745, 0.655256041303062, 0.686184370935819, 
0.676277865564478, 0.67302134059291, 0.683369813308036, 0.680068799246182, 
0.675992842507485, 0.68315722916332, 0.67995909581948, 0.667506486952654, 
0.678424019240879, 0.683337364515288, 0.664583242090083, 0.684070679920696, 
0.671356753073269, 0.686012864272843, 0.687779864525423, 0.678720982635088, 
0.676951467773335, 0.678351555925144, 0.670684088801731, 0.67349559062224, 
0.686041929633957, 0.674355409980229, 0.676403365655525, 0.664155259051384, 
0.66443558944101, 0.672537528379026, 0.685387884299968, 0.685093204618108, 
0.6736354570149, 0.674442065756786, 0.666874909200246, 0.68465399686051, 
0.680516387699758, 0.664253870930717, 0.673208933386422, 0.679112168366664, 
0.681202951468844, 0.676367314792069, 0.686182883047118, 0.660867065254602, 
0.686626938194597, 0.674290229551677, 0.693093152654611, 0.671569165655205, 
0.66788107452098, 0.678707885835428, 0.678069175530558, 0.674217646376824, 
0.655673958591942, 0.67504474129785, 0.678745987115527, 0.668946510332102, 
0.683006852280819, 0.681124311568989, 0.680751404795641, 0.673385115770705, 
0.68144451332191, 0.670090752435397, 0.677970655044159, 0.667689849863855, 
0.666415075779156, 0.682459348201494, 0.683296655268523, 0.6691970769074, 
0.682017975349933, 0.667240872551464, 0.6742563216423, 0.675694480818081, 
0.671043429010239, 0.670820979950546, 0.679087268198327, 0.662675791386482, 
0.658564143595238, 0.678419043420474, 0.675804506580133, 0.674872007182842, 
0.663992545009435, 0.681981316640137, 0.67044157900901, 0.67138699459044, 
0.665456838272673, 0.68135570599924, 0.680336586216734, 0.668604220994969, 
0.666057413423474, 0.689561705377046, 0.666297987158291, 0.674285884137911, 
0.680697522102234, 0.665283568253696, 0.689972585595502, 0.675439368287521, 
0.673869968908901, 0.671392780163397, 0.68250590432001, 0.662246635666133, 
0.685936180059186, 0.669295853996293, 0.674833626844477, 0.673145626940721, 
0.681129246280313, 0.66310090072974, 0.683855305371809, 0.661933321714414, 
0.677440649034446, 0.669155252642847, 0.668042671228133, 0.673291001730163, 
0.66514007911883, 0.669742888453057, 0.680238500084639, 0.669840166072277, 
0.678167983027025, 0.673483299357314, 0.671377062079952, 0.671659419354039, 
0.668869707024979, 0.66727910759413, 0.696342007250625, 0.678265446568983, 
0.67925034423932, 0.672900196589776, 0.655301415234836, 0.666198330146255, 
0.676995095371456, 0.67606961541456, 0.677550655972746, 0.682635302940998, 
0.673638948214387, 0.677575341430538, 0.679862993281285, 0.673054608773354, 
0.669264550644868, 0.682522813558814, 0.684173645555115, 0.688599323458984, 
0.6761636388054, 0.676911536841802, 0.668908193776121, 0.681687340843879, 
0.679049660845376, 0.677040866896739, 0.687168891626295, 0.670753930839522, 
0.657602386254295, 0.6838443467402, 0.671194658961219, 0.670898737610089, 
0.670638917347859, 0.668655095778665, 0.672627367922051, 0.67719014841571, 
0.676503196136949, 0.670974543436808, 0.675712532198363, 0.672157792234666, 
0.670590958229548, 0.677452282008767, 0.677608653816141, 0.682896683271035, 
0.66476279908173, 0.669451172401931, 0.668996517093749, 0.685716303542331, 
0.676724695478345, 0.675859314379637, 0.676044566688678, 0.674546208248054, 
0.668358139809439, 0.680575793889774, 0.675316342302827, 0.68399400944759, 
0.688435598401825, 0.672404661101721, 0.656541701469765, 0.685968911991796, 
0.673622820919033, 0.672504776339797, 0.6691101100686, 0.664698090513483, 
0.685553450228383, 0.675304385984624, 0.674524659570792, 0.662537239132006, 
0.680269821163328, 0.658005941276216, 0.669496211543853, 0.674848700308134, 
0.683062094574007, 0.673716642374013, 0.680345287782817, 0.670905829260218, 
0.676056405465167, 0.673211531383007, 0.666587041899519, 0.671842958329523, 
0.67423973092459, 0.685364460473103, 0.673052986021884, 0.668637986740069, 
0.662949857571896, 0.673000777778438, 0.674876965460162, 0.676480451348844, 
0.677583350714209, 0.677339641819759, 0.691349746359418, 0.681412175783403, 
0.666046421887345, 0.682992992264519, 0.676112144150055, 0.662816777719651, 
0.673114798625146, 0.663841157334058, 0.676667017140585, 0.677600666132227, 
0.689351471792956, 0.677849497825619, 0.680817731000631, 0.656964003391785, 
0.683904618197849, 0.673104583342613, 0.659896021068731, 0.67080411331801, 
0.667669749937058, 0.671308001605932, 0.669084870830401, 0.677782857587205, 
0.667301326299852, 0.668694326195517, 0.686310362511507, 0.678066023211965, 
0.68623282023105, 0.684175130055306, 0.675769909315053, 0.668621513050369, 
0.682176684645638, 0.678770817808611, 0.672658105681045, 0.672893507955844, 
0.679125295717122, 0.682220586519052, 0.67156494596332, 0.678285061427642, 
0.657829640196525, 0.676606167564352, 0.678380918011818, 0.664213631937458, 
0.674950082449788, 0.670016314607024, 0.658157305630159, 0.678241741734932, 
0.688875513502351, 0.685959667507599, 0.672857083954992, 0.675059340827052, 
0.66983258392216, 0.678940590702571, 0.68022789450489, 0.660471717315019, 
0.674971103104935, 0.673391826883004, 0.666666461944597, 0.671408975897571, 
0.664501653563124, 0.682665132554157, 0.680874049734657, 0.667045689667088, 
0.674940758378532, 0.68068082232298, 0.670335179630931, 0.676014487653001, 
0.673185847351405, 0.68207347630607, 0.668126014067508, 0.668389645901831, 
0.659040634519684, 0.667788936793297, 0.661234886223699, 0.677833316665649, 
0.665650879424466, 0.67115371924496, 0.671801676027734, 0.677786797258825, 
0.673205378711728, 0.67616805973062, 0.68309597518982, 0.678934626585411, 
0.665905713418044, 0.667459791195841, 0.679667963285848, 0.668319080943777, 
0.68872879357633, 0.672899811920472, 0.66889197658218, 0.685821021594361, 
0.680139553289462, 0.682985455369892, 0.681880677083432, 0.673417867432394, 
0.65948284089479, 0.665384992397711, 0.67138069842277, 0.680412877911861, 
0.671754000692664, 0.669047143691187, 0.673262456757205, 0.678347040440645, 
0.669679298973962, 0.672455527761914, 0.689983118566546, 0.679017441539234, 
0.663583094574352, 0.686545614970648, 0.67105409219909, 0.677723958186279, 
0.663817166717102, 0.673249593827987, 0.663038699318604, 0.684744644118846, 
0.675288398258004, 0.671386641982049, 0.682571969100569, 0.685344001673302, 
0.676699305948771, 0.682449770659519, 0.671974652062145, 0.684957691936497, 
0.671610391570243, 0.659537249407599, 0.674777032828289, 0.673125206721537, 
0.686383427439221, 0.669504799083322, 0.669934851708106, 0.663017009350236, 
0.681859085020838, 0.679784557940115, 0.672053632074999, 0.682204361643713, 
0.664231533837432, 0.669194457956054, 0.674894302206132, 0.677454368236077, 
0.681262530670945, 0.654306897740536, 0.682428129529824, 0.673805180345088, 
0.66638384535832, 0.676033291756644, 0.671021154411306, 0.682527193229424, 
0.678337061410633, 0.66350719182225, 0.670026243992464, 0.67199448530497, 
0.674219092544106, 0.665096295589379, 0.671285048997869, 0.676032590474363, 
0.674660520216748, 0.676287388059992, 0.664269366161284, 0.676384393290927, 
0.674976452462139, 0.68255340953047, 0.65770165731041, 0.654599730056159, 
0.681176551999949, 0.661462599252281, 0.683986339623124, 0.670660114412978, 
0.662599573277154, 0.686583869509327, 0.677854859362185, 0.673806940641573, 
0.677355502298173, 0.682509382305342, 0.665597482193238, 0.676982532092004, 
0.669979023350683, 0.672257101958404, 0.668793991024655, 0.678093609763832, 
0.684732943048011, 0.669021255674701, 0.684268305597523, 0.661690991827275, 
0.673257935452265, 0.679411114334691, 0.681824585194739, 0.678334719314179, 
0.674212095345788, 0.67934000056262, 0.678989060424949, 0.676812090761412, 
0.672706573138195, 0.679057634944321, 0.68329838745623, 0.668353273742651, 
0.669508038841359, 0.681319442702619, 0.683927540671203, 0.65969116304332, 
0.660381622736039, 0.67229200724034, 0.675961192116042, 0.659260021338294, 
0.658264688830616, 0.6728536299493, 0.661568952102297, 0.662809860621587, 
0.669974791934107, 0.67303759720336, 0.673957983103597, 0.673601382138846, 
0.662112710848116, 0.6831798308116, 0.677492170563949, 0.673033508344696, 
0.680743614672644, 0.681306382487056, 0.671252932566706, 0.682579990458631, 
0.683753296260992, 0.659462032298562, 0.683409316865476, 0.674758829820512, 
0.683844938232084, 0.670258579524892, 0.680452310660943, 0.67510136473324, 
0.679921813922546, 0.670663681567825, 0.662092846512172, 0.671624279022417, 
0.649474979788584, 0.681743200963452, 0.675245415837084, 0.664605500113893, 
0.681332627671137, 0.673756017981703, 0.679250599174935, 0.670535268088353, 
0.665510193530232, 0.669816333947508, 0.681076027568727, 0.670737822471771, 
0.669311782262608, 0.671469926528619, 0.687243406376443, 0.682175054349748, 
0.670803876672058, 0.667339761527579, 0.670305399098973, 0.669834093963676, 
0.675926394366176, 0.66715229872058, 0.667885961271831, 0.672435229284245, 
0.676695325836776, 0.661666540640841, 0.665459897988625, 0.667399650929387, 
0.676121468609939, 0.662645100680049, 0.675384041520881, 0.68416590631433, 
0.68698937294089, 0.663072497043627, 0.668286913011924, 0.682517849538124, 
0.676233765953745, 0.685661211113372, 0.681726367945928, 0.67713599799818, 
0.673105071513921, 0.667626975953346, 0.665849923896433, 0.683477248523208, 
0.690162692521285, 0.684890191143636, 0.679804372614512, 0.685346825287808, 
0.675700593323016, 0.672209368837924, 0.687290766179166, 0.684238964199069, 
0.679105733602212, 0.683386494181226, 0.673385527232125, 0.671337430426733, 
0.666157950787934, 0.663485437952234, 0.682373343920162, 0.685016000811007, 
0.67473017430966, 0.668430704356301, 0.6575596117618, 0.670150742630386, 
0.693245459577111, 0.670677184027792, 0.689901538331965, 0.66969396224017, 
0.673668390820824, 0.68248598678198, 0.674222406753774, 0.669349856340397, 
0.665780974919838, 0.670759868619766, 0.670782965470308, 0.67597232195778, 
0.675817494866676, 0.678695531121464, 0.685138310531894, 0.675180896033837, 
0.672861963629744, 0.680253166670431, 0.671730391665233, 0.682446795488536, 
0.663420035831069, 0.665685077274153, 0.667711543384362, 0.674048023267896, 
0.682301731839533, 0.670397874823737, 0.676636543369385, 0.671510225945751, 
0.664833486210938, 0.676929247522573, 0.679932054574381, 0.6601056269533, 
0.681918791859432, 0.678324366064453, 0.656501325776499, 0.671973127491389, 
0.684262118939642, 0.685015233105998, 0.675988278410394, 0.669345021088135, 
0.669124370013241, 0.673539056714594, 0.675891598693551, 0.658767558830981, 
0.657009001592253, 0.675674185283384, 0.681256198190019, 0.681782723697246, 
0.674551545140386, 0.683688586075345, 0.662659042061492, 0.674538576949204, 
0.675180391574065, 0.670960356377236, 0.676886625564529, 0.669713770854189, 
0.659086391664039, 0.683134287786931, 0.680705084682804, 0.677235293717496, 
0.677111287108613, 0.677421978913238, 0.675312263601372, 0.68546213828136, 
0.677308516562492, 0.685831673620633, 0.666228577716448, 0.680700116453902, 
0.674753711927152, 0.680910542505678, 0.682947558434864, 0.675171030839901, 
0.670992301845972, 0.694054885771299, 0.660800524528144, 0.682018812070329, 
0.650395949416995, 0.669319652156036, 0.668583196710907, 0.681842800815891, 
0.681192749762225, 0.665242712708509, 0.677819468711816, 0.676146111311775, 
0.660179081657993, 0.694882485026176, 0.684116529196439, 0.671201780176128, 
0.676244326946865, 0.677699508303623, 0.682298665195098, 0.685691997220764, 
0.677517101752519, 0.669904615792767, 0.679023551030196, 0.658553113619087, 
0.6800924514075, 0.665332571678808, 0.664884548012642, 0.669587292958509, 
0.674496666172904, 0.674852184214354, 0.67016724235727, 0.66316275421468, 
0.679980797925098, 0.682925274531306, 0.67915435681766, 0.665829503110453, 
0.661202691964195, 0.677420201789774, 0.683070446373063, 0.68272260580699, 
0.685609500209865, 0.669525032882758, 0.68128207751509, 0.673416919325872, 
0.672406570700518, 0.679277816884042, 0.673494030232612, 0.658565084996931, 
0.685612861804861, 0.670258841952909, 0.656668539844793, 0.666490762378657, 
0.677689806154076, 0.682588150483525, 0.665587285402895, 0.66958928402795, 
0.669691253703609, 0.683508548986002, 0.68624412982932, 0.679136666337086, 
0.677255906159514, 0.681552021089345, 0.677005514623195, 0.682748187533324, 
0.678373951047711, 0.682436764857667, 0.660156452654828, 0.666544008029254, 
0.681149799284839, 0.678699577052965, 0.676877102355198, 0.656063397796205, 
0.680739861113602, 0.676525185758195, 0.66393200741234, 0.680054850662773, 
0.664232112145423, 0.676826445582357, 0.680851553243481, 0.679512953007957, 
0.681374777252952, 0.677650775965043, 0.659979583552434, 0.678265176779447, 
0.687766870179302, 0.664527850395174, 0.674723707331201, 0.674912991264044, 
0.681211741996512, 0.679578760686906, 0.688753531794078, 0.668646430801309, 
0.674841014203925, 0.671875689714216, 0.671936444526164, 0.684422705366145, 
0.679027530887677, 0.677863259657225, 0.670441629924805, 0.663261488161879, 
0.669376400420115, 0.675062764969312, 0.666630716027634, 0.674206446254403, 
0.66476790875531, 0.669096275276173, 0.671604295535326, 0.681448092827541, 
0.672941794267677, 0.68158518910097, 0.661347829580794, 0.684819656723242, 
0.674702965297047, 0.675232932022754, 0.669679048571221, 0.686095363771059, 
0.673656543915406, 0.681803421654564, 0.67995260131006, 0.678021066645358, 
0.667732239876552, 0.673114722091686, 0.678753142759736, 0.680742798287258, 
0.654857995188537, 0.669679288642092, 0.674634032824346, 0.67518384086309, 
0.672431613393395, 0.679914987732061, 0.674717034714733, 0.674973401384299, 
0.677136138454192, 0.678262859338325, 0.674641918136636, 0.677510873675484, 
0.67928248393642, 0.681158761056335, 0.657958618524294, 0.679989110195914, 
0.665683869176483, 0.676222759534375, 0.685316682839508, 0.680882795882544, 
0.682107599106448, 0.676057072946663, 0.688163460288986, 0.682666214388839, 
0.668159657375739, 0.678878530989653, 0.684513506133949, 0.668922715701495, 
0.684193774144085, 0.666100456980269, 0.680291025539116, 0.682727378636545, 
0.662460482002376, 0.674261406189646, 0.686197060823905, 0.668563872798021, 
0.667826618190816, 0.674380538598129, 0.678086136736247, 0.677744487143338, 
0.675145533084017, 0.673143186811157, 0.67943758118585, 0.675730355352953, 
0.662670222027803, 0.680833756468052, 0.67519604472071, 0.672971542120211, 
0.685834475523793, 0.652062092118344, 0.663254999933342, 0.673374706586702, 
0.673591325845259, 0.665771690704292, 0.679324351247161, 0.678926020217812, 
0.668361198153299, 0.669915983307911, 0.659903149622557, 0.678071783372035, 
0.669806098634141, 0.6737967935808, 0.669265407255612, 0.670738318570342, 
0.671703213707732, 0.672883785383449, 0.684013369228885, 0.676175259273764, 
0.661000872705552, 0.663025294667162, 0.672424410325679, 0.672016894854134, 
0.667555415610968, 0.666971062119209, 0.679136526383288, 0.670795695104692, 
0.686883755468339, 0.668067838251377, 0.686821494812627, 0.670941195099318, 
0.687124951875473, 0.675324132621801, 0.656511349545122, 0.662638394943108, 
0.682113826970861, 0.67923106296674, 0.690178514288415, 0.668562197944934, 
0.676153994892655, 0.676830274817503, 0.676089139552514, 0.677027431336295, 
0.671340316274675, 0.683846232173686, 0.666944398783793, 0.659363917304665, 
0.686929059753453, 0.676499787505064, 0.684771311259789, 0.681650888597004, 
0.684132526915221, 0.675697836819449, 0.677311977880115, 0.678319693066837, 
0.681033737214258, 0.671059746400173, 0.672308380470117, 0.66548570691687, 
0.689513186106657, 0.671201113850644, 0.665808283947309, 0.676941391545599, 
0.662010531952927, 0.675141374620808, 0.693444500397015, 0.673537120776454, 
0.673928327550252, 0.67611665444334, 0.669893121105183, 0.678801963428597, 
0.68336236355197, 0.674510624339581, 0.671590709088498, 0.66840303244713, 
0.675368950815323, 0.667001425143127, 0.690150314207254, 0.681212797820049, 
0.672410695972775, 0.685390458898573, 0.671180866495745, 0.671187082993563, 
0.668690489360768, 0.683033207768111, 0.669699465523555, 0.680260916995448, 
0.663105678694119, 0.676974484560674, 0.674467277339323, 0.673778762308786, 
0.672990853893335, 0.68537301844706, 0.670725333637612, 0.675301538141639, 
0.670506826349389, 0.676012215921621, 0.681873573233878, 0.64963745800478, 
0.662585797955574, 0.679054640658962, 0.672577206312547, 0.673049971712166, 
0.670914391612437, 0.684181350755844, 0.66815628702363, 0.691378347670807, 
0.671581468939608, 0.674878701583269, 0.673493625839058, 0.666770103378406, 
0.67642362957135, 0.677430774812055, 0.675952878582384, 0.679998143795016, 
0.663842819857125, 0.682238540852876, 0.679520115852288, 0.663515999736391, 
0.671877472926299, 0.679843304411836, 0.673524418452471, 0.679740130652667, 
0.653244327801964, 0.678293215455904, 0.663926388873946, 0.673916964676242, 
0.674267755550848, 0.688160911199926, 0.683813711824838, 0.661911965154432, 
0.683778366879841, 0.675511591239594, 0.674326965375889, 0.668505692242858, 
0.678824470475619, 0.668370768458858, 0.682628917737164, 0.657945519288281, 
0.672074557803145, 0.673903414916344, 0.678442994058402, 0.678461557239083, 
0.685238381183082, 0.671723860664562, 0.669099999949344, 0.680049786999418, 
0.665193822698701, 0.673174709119134, 0.66769235789311, 0.668682677165854, 
0.675736905547431, 0.669389261887168, 0.679760683568903, 0.677056326755801, 
0.673428802289086, 0.659232640655222, 0.662358149361854, 0.671126655763142, 
0.680808186780328, 0.667793841400781, 0.670185585947096, 0.675071039985074, 
0.679585224866598, 0.670711111728169, 0.670888388844807, 0.672385672925477, 
0.658436119413642, 0.675436332963574, 0.671337744118815, 0.687670962726222, 
0.68104267085082, 0.681655228266866, 0.668596779467754, 0.691307794766742, 
0.666803829155153, 0.669477597878756, 0.692186987787194, 0.666266404177707, 
0.683271846646798, 0.670821676741598, 0.676714087940137, 0.674225818903938, 
0.676935513506215, 0.684553162317946, 0.665043447578907, 0.665823879320277, 
0.679169311965607, 0.656560530129452, 0.647412996076153, 0.667290308744889, 
0.685268279127934, 0.671605988501287, 0.679070211553145, 0.670055704016737, 
0.651445601148108, 0.684948901870704, 0.679732323742723, 0.67058502389512, 
0.678457287459904, 0.676517242259602, 0.661876101267432, 0.677870883376977, 
0.67374850237263, 0.67671436952845, 0.678703517608677, 0.677764486632409, 
0.676674958940829, 0.678370262065921, 0.656737144001144, 0.655097350573046, 
0.669932113064319, 0.666613476611604, 0.677682997379022, 0.670146671535678, 
0.676738174172046, 0.672621409974156, 0.68370762737996, 0.683517550565574, 
0.686815589072118, 0.682336509600888, 0.649414247118025, 0.687503193639079, 
0.67777583029209, 0.673351855699241, 0.672614445824814, 0.679063764494375, 
0.67321140403142, 0.682339558088736, 0.671866308051779, 0.664627734625484, 
0.6646877510267, 0.676741887395042, 0.675880453453296, 0.676497647775747, 
0.674584656230706, 0.672453169856237, 0.691664628493445, 0.66535631614331, 
0.688250787133913, 0.670416588909692, 0.677927727602699, 0.677776078908005, 
0.67865815622341, 0.655738556626134, 0.675693230856035, 0.688239153500406, 
0.66335217264529, 0.656050286326374, 0.673913974292484, 0.65735491337034, 
0.657102741634289, 0.667492723160996, 0.671137040376776, 0.669703098692164, 
0.67717339971576, 0.67699233749752, 0.672238671572954, 0.665316252142808, 
0.68640838574201, 0.675229649578249, 0.676628223778565, 0.650863629256154, 
0.669733566965407, 0.668318350559536, 0.669936545118822, 0.685578720226688, 
0.678765195687104, 0.659055526306903, 0.672689200860039, 0.686294015920274, 
0.661097672944493, 0.685433257810322, 0.673779071956718, 0.674105462418087, 
0.679751583881031, 0.683774083912845, 0.667596240697669, 0.674617506780254, 
0.675749047242635, 0.67466468860776, 0.66969537194965, 0.679839802151917, 
0.677629360562069, 0.682064943806663, 0.675083851884819, 0.67485629800245, 
0.686909679281788, 0.66012847624705, 0.658044388243092, 0.670479730340331, 
0.687913197310246, 0.686687873038073, 0.678701719345817, 0.684751367929166, 
0.676863328939273, 0.673687361525266, 0.655364104622855, 0.68773118528863, 
0.670793665321336, 0.679308256699664, 0.668769706340197, 0.678315488740318, 
0.663702195859817, 0.675469192525347, 0.664990793077947, 0.665665287421829, 
0.679921353434338, 0.666607712796798, 0.672557031819913, 0.684107548574222, 
0.665671437311398, 0.685901724836784, 0.669768566198178, 0.666796739447944, 
0.67983441997125, 0.681107530709367, 0.664979594336619, 0.689171445358886, 
0.672944425977799, 0.67786415053292, 0.672255353450906, 0.662649172945425, 
0.664989556521528, 0.672753721017431, 0.673299446701291, 0.673915853913998, 
0.675109214071347, 0.674754677851235, 0.685760005116389, 0.659488548159881, 
0.677395040995802, 0.672510129303812, 0.671123957411734, 0.664599208459491, 
0.66806145055374, 0.661103718511606, 0.682523334522375, 0.687606260535543, 
0.686395725796294, 0.663885778931017, 0.681121849664174, 0.673329557239941, 
0.67412149379454, 0.68217958820603, 0.670329534815564, 0.661533243578879, 
0.656859567340503, 0.667251005313927, 0.666044864326041, 0.676410491701811, 
0.679118896509656, 0.677706822356742, 0.68081378666909, 0.661813248923344, 
0.67719375072004, 0.668995326563945, 0.678926107479819, 0.687327080082996, 
0.682743320569461, 0.680565514101256, 0.675086225575727, 0.67877616217551, 
0.671722047686394, 0.676812119937201, 0.680127974905018, 0.686547925240963, 
0.666679817195659, 0.670043826525604, 0.673059186337417, 0.673458600858039, 
0.679675852995669, 0.670346909201293, 0.666804955717985, 0.681923468578109, 
0.675243960016797, 0.669534048811183, 0.680090994261838, 0.684388116105284, 
0.67093125768019, 0.675067274845725, 0.672016621844295, 0.683959741622873, 
0.672184777999754, 0.680060428519146, 0.649990594136196, 0.685407745973559, 
0.670405446217064, 0.683571843164616, 0.675550883292875, 0.669239651132482, 
0.667747527881004, 0.672006501315737, 0.683602247295235, 0.662304570536094, 
0.669533204393751, 0.691489195120689, 0.672753148019679, 0.679427387888321, 
0.665238756074826, 0.68310394691191, 0.679997894198794, 0.670720722875294, 
0.687278275114849, 0.674026275938103, 0.678821540510877, 0.675086757728144, 
0.672957815392177, 0.68029085323446, 0.669069069361318, 0.67124045146756, 
0.686731902091394, 0.672500238467246, 0.672236206903229, 0.677376739787714, 
0.673952130255034, 0.669416579066545, 0.663957391666201, 0.678671186225751, 
0.680059778706478, 0.682120833213657, 0.66359891022414, 0.677498949840453, 
0.682343927615199, 0.674801974990339, 0.650534854850805, 0.670209543843334, 
0.680121995020962, 0.669702097087094, 0.672913970422754, 0.677315438307644, 
0.695937952281989, 0.674380225955943, 0.67959582787617, 0.661177126315579, 
0.670823905815631, 0.671895046800188, 0.681751096639334, 0.684756298252933, 
0.687765231927145, 0.65829837955203, 0.685341947876788, 0.671924234535895, 
0.676651036081657, 0.674525128296934, 0.660813383953649, 0.666368703721376, 
0.675928813306764, 0.672902980710848, 0.67933429566876, 0.677521926741026, 
0.676051336319777, 0.666487456348516, 0.679816412718463, 0.677103174555426, 
0.686022017843496, 0.678017650218302, 0.664639407320481, 0.677855311150199, 
0.668713586747607, 0.674945660020256, 0.664553986460799, 0.682359435562865, 
0.680589977790703, 0.671247250040962, 0.677565615395388, 0.665286850344456, 
0.680330131753548, 0.677576129103675, 0.670169677960334, 0.663684189482813, 
0.679660041584087, 0.672422586534239, 0.663964359228712, 0.666057579113308, 
0.662847064562506, 0.693796381129741, 0.662411158746639, 0.682397093487318, 
0.663517013906302, 0.671794586271419, 0.682924445052943, 0.68343533805953, 
0.676631535787155, 0.667711214283182, 0.665764529569509, 0.67786224798091, 
0.669711635256883, 0.677095034547607, 0.672957577457647, 0.682011400204029, 
0.657647083307682, 0.675395141016434, 0.673227102870258, 0.67757117633284, 
0.666665999123143, 0.68056467412024, 0.674770454323198, 0.67746542217373, 
0.668504939653828, 0.683290748412641, 0.681406521499256, 0.662748368260017, 
0.67854812684855, 0.679267918119726, 0.686690575970232, 0.6667987824598, 
0.680209957579628, 0.67650555847107, 0.680660936524949, 0.683345845113103, 
0.677503530029429, 0.676393114813572, 0.686572641274376, 0.688470415914999, 
0.676068441080217, 0.679423018994551, 0.668424481160278, 0.672754441070035, 
0.675043890732773, 0.674024563994313, 0.670060496074692, 0.684836222756209, 
0.683987223194667, 0.686358278723654, 0.655528595036083, 0.666489490081054, 
0.674514697034275, 0.678937700669858, 0.677552753573943, 0.679830994679811, 
0.67540171315498, 0.686654853955057, 0.674562096392304, 0.687555780391324, 
0.677649362570011, 0.678443799414089, 0.688616561891039, 0.673677243240912, 
0.668086371900565, 0.659386173211422, 0.673118159608841, 0.671737561394178, 
0.683930536785486, 0.674716980316923, 0.681913437675808, 0.669154932473761, 
0.67453692216837, 0.67688545154634, 0.680450725791073, 0.666694814792031, 
0.675049063502799, 0.675671218662968, 0.682957665459368, 0.668773895081642, 
0.686071370900093, 0.668834685044925, 0.678901800216926, 0.678049240288172, 
0.681469281552469, 0.689604515137228, 0.682694375418675, 0.650872678898103, 
0.672414415493181, 0.683494864173999, 0.675837173287486, 0.675867699429248, 
0.682904969527191, 0.671186813974225, 0.680321989149353, 0.671415912724491, 
0.675181943776673, 0.677639453891719, 0.666932686193232, 0.687336632477134, 
0.680355040788863, 0.674352035161358, 0.665560035201602, 0.663756968636791, 
0.670798662293884, 0.672912880048853, 0.679747702947131, 0.665401015411846, 
0.67845571407871, 0.682534650009344, 0.672633461551886, 0.660084158545329, 
0.670168774776908, 0.678959141893774, 0.676536363736811, 0.675093257819342, 
0.673433482438767, 0.677339839375919, 0.669097660441223, 0.670706840183397, 
0.672892929287068, 0.663827279572829, 0.667417662581668, 0.687753195044454, 
0.664461952254964, 0.668220610053626, 0.678770343697352, 0.67303002899351, 
0.654274187798738, 0.668410511906539, 0.672608483233734, 0.693060829662871, 
0.665208463861817, 0.677624971670956, 0.686411408202332, 0.673668275938726, 
0.665473752364948, 0.676579688119837, 0.674650921637864, 0.673002316358959, 
0.657574899783513, 0.670337009751488, 0.673374789583432, 0.663795817856063, 
0.681151320795438, 0.677231884793195, 0.666754537328141, 0.659872313897147, 
0.689145440076065, 0.672658750718307, 0.685896672182274, 0.661178798262661, 
0.666361595741756, 0.678684096551164, 0.67164296204803, 0.680908823302861, 
0.67267739151166, 0.676890692706337, 0.683283246382409, 0.678403703057508, 
0.680842682166657, 0.677138125391234, 0.669204803820699, 0.663776387555093, 
0.678641896557511, 0.667998496241689, 0.665808761900202, 0.680747514805239, 
0.675730516519566, 0.669338075557296, 0.664036438869487, 0.685563249291617, 
0.677148661392289, 0.665015304166104, 0.65730138717873, 0.673162689776201, 
0.672778257895059, 0.675768161489008, 0.679204393589985, 0.682367172536159, 
0.680860571401632, 0.67341533080389, 0.677674625702605, 0.667583348543349, 
0.670401554878548, 0.683543329204243, 0.669841398123325, 0.682611010555178, 
0.678288108213246, 0.674907269038615, 0.672630850380762, 0.687579994730031, 
0.688064338253954, 0.680908027870063, 0.655599364294139, 0.684002935858602, 
0.689704538953566, 0.68475736810901, 0.681979778122709, 0.677158534711214, 
0.659216805350761, 0.670587027550187, 0.685694395916389, 0.663817784173951, 
0.670728604315395, 0.673227102622937, 0.672187293658043, 0.668040556856496, 
0.681895131499879, 0.681007435955651, 0.667911018817451, 0.665758010797711, 
0.672528890512897, 0.669764183077146, 0.675610808289217, 0.672685725651425, 
0.683186988203582, 0.682494884287729, 0.67550662159265, 0.666673353730202, 
0.665553213709212, 0.67086963294117, 0.689580011555666, 0.683541275567465, 
0.677995081286641, 0.678545236648458, 0.667994478426523, 0.680219520198283, 
0.675028888510988, 0.680570962701589, 0.672691233033739, 0.677376942031278, 
0.673300724100399, 0.674443510343757, 0.672452006582586, 0.688368029865677, 
0.668853981195019, 0.680920995247764, 0.684905902561025, 0.679685950282044, 
0.667687161604838, 0.683504242100587, 0.663750046003809, 0.67361068408711, 
0.679887966195905, 0.670844546043677, 0.675155554225603, 0.685407555647488, 
0.677918426172236, 0.678325835078159, 0.654037882272858, 0.657737459437525, 
0.676855111357241, 0.673166133911636, 0.676354444175879, 0.681710776793585, 
0.681126176150847, 0.669700560291829, 0.683517788972256, 0.675250006613511, 
0.68575278205526, 0.681632982354734, 0.684050692983401, 0.679119699869976, 
0.67316223549955, 0.670591711530312, 0.67427562846578, 0.677379620965537, 
0.671232553705116, 0.668511310085979, 0.677795598968487, 0.675229985591256, 
0.678800517289461, 0.685874348022247, 0.679687511467909, 0.66331349256851, 
0.667681803951512, 0.683276958867839, 0.673433910245183, 0.679002946175176, 
0.669674907836422, 0.658546776938631, 0.683784430245378, 0.684608101244096, 
0.67488349818823, 0.656942686028971, 0.679185383148097, 0.686459377439492, 
0.684370227916527, 0.679876033682341, 0.669889841929697, 0.688239945203643, 
0.68351807520231, 0.677326527611571, 0.671366157018099, 0.683075207042284, 
0.668518147350773, 0.668824860185052, 0.678981057479491, 0.673717058812596, 
0.668770779503523, 0.679332486794154, 0.682913276736365, 0.679804297172499, 
0.676522848149078, 0.651506306020415, 0.677923341645783, 0.678144032501138, 
0.665424696335934, 0.668722569219094, 0.674938751672053, 0.668564918050977, 
0.665548453319232, 0.671430938413176, 0.68045023743771, 0.678097705429392, 
0.670528678165202, 0.679883055175353, 0.679175877755958, 0.679651688288897, 
0.691949699688492, 0.674324342294499, 0.6702671745072, 0.680483535740747, 
0.677992265662113, 0.666887575844969, 0.678230654841943, 0.672654125428378, 
0.643539552352932, 0.670286440870532, 0.677494707084069, 0.662510579722009, 
0.675500317496516, 0.692393861662791, 0.664520194066519, 0.676555357764245, 
0.66122144563073, 0.686972753999218, 0.676965592612906, 0.690434424146863, 
0.669506470726999, 0.663735512462308, 0.684191206036334, 0.685833633981385, 
0.677052988908775, 0.66504435165919, 0.662086802720396, 0.668197440164566, 
0.673409848559687, 0.67789105537518, 0.699968607290949, 0.67419401574891, 
0.669312948314883, 0.666934537134605, 0.6682710587982, 0.673240534280883, 
0.674474866587199, 0.679410200623141, 0.679214218371152, 0.683902372824954, 
0.672648767356221, 0.679032748004405, 0.672158575009879, 0.677746810502205, 
0.674534675344834, 0.689628556122997, 0.673148920069551, 0.66611105576675, 
0.682654410547967, 0.685160061479581, 0.667123980995998, 0.662084036686026, 
0.667897318102226, 0.686830920082169, 0.679237508497838, 0.670191605643121, 
0.682489584082477, 0.669287170732133, 0.674833229197671, 0.677052254611951, 
0.674657985543885, 0.654819677888339, 0.675064076619162, 0.677007306454297, 
0.664125596709987, 0.666896624429751, 0.673968655820174, 0.682136921596562, 
0.67811210533094, 0.683145948406887, 0.677422488591349, 0.679419160517526, 
0.676926679042905, 0.665909582142691, 0.673850601752425, 0.680037662638459, 
0.670842800554576, 0.665217486636115, 0.66789363203284, 0.658293245262254, 
0.675681952457934, 0.668523170864333, 0.673052344432604, 0.681488081014419, 
0.678164734692754, 0.675251821349506, 0.662319773408652, 0.671392396949819, 
0.675813597503015, 0.667569088006292, 0.669612289298002, 0.679262945411073, 
0.666464122946444, 0.671564806792043, 0.676936709963577, 0.668293778432271, 
0.677800194738852, 0.674269339803462, 0.674913663499939, 0.669354872912897, 
0.674270656257619, 0.683631828162049, 0.690571180581734, 0.681078642570084, 
0.675641260205892, 0.682126419560919, 0.66517111341435, 0.686691253196053, 
0.683912779799314, 0.669423953462099, 0.675521925548537, 0.672766710774438, 
0.677130406209314, 0.67236259883998, 0.673423495215487, 0.672272075615422, 
0.673384785484493, 0.682772529364023, 0.675714262989279, 0.663655591755613, 
0.659732493228518, 0.665310044588743, 0.679768000301909, 0.684581295744545, 
0.659438251471651, 0.667306664547874, 0.689962761725704, 0.683591935911766, 
0.681333414304318, 0.681583898399623, 0.677963369276251, 0.664648258563575, 
0.676645914918522, 0.685079909363907, 0.667990514256286, 0.676336995744768, 
0.66248281164746, 0.668414950406012, 0.676384919687196, 0.676981596257745, 
0.685033745916002, 0.674810522073428, 0.669307069253566, 0.687108881915014, 
0.685292339449709, 0.67628631782078, 0.672752567647173, 0.654404219639015, 
0.680208869742196, 0.68073968624755, 0.67734441412358, 0.68163860962265, 
0.681065325818841, 0.689209777827078, 0.688760793051498, 0.672590860904861, 
0.674554029463693, 0.66385527285557, 0.687927555413192, 0.669929734148348, 
0.669640526006714, 0.676930157931183, 0.665796590296253, 0.683229045231988, 
0.675016155341173, 0.671178352027382, 0.679484527777819, 0.669126932223518, 
0.682364744470375, 0.663650866862169, 0.682020173975087, 0.670786200094347, 
0.679534825288947, 0.668762831521912, 0.675867361104622, 0.681409862171982, 
0.672126211607018, 0.674618639298832, 0.669295327810398, 0.651359091304751, 
0.687736542314755, 0.67761035837284, 0.676040962761911, 0.679029118680113, 
0.659174013129931, 0.668903380726173, 0.684451596619161, 0.676236928193557, 
0.671065970427279, 0.680942290169488, 0.676292395538427, 0.675961491070356, 
0.675237895623785, 0.671208835802157, 0.684200668103514, 0.679505860257631, 
0.667466881150075, 0.671383441359022, 0.68039269037401, 0.669108025503033, 
0.671788649729242, 0.678572676803959, 0.67648687322026, 0.67548649071485, 
0.678173009831603, 0.673507193124029, 0.680420602593907, 0.663163684397453, 
0.674821691505173, 0.656996322530559, 0.682630334998165, 0.664241725387787, 
0.68110436993599, 0.665289080737232, 0.675958893754884, 0.675108905622886, 
0.669712374300279, 0.6640504858765, 0.671350747441341, 0.676006196597273, 
0.678846187289176, 0.677559228029078, 0.675074644936598, 0.661579467997874, 
0.661592429373525, 0.677916742190732, 0.662458963154059, 0.669921153945199, 
0.686724712746004, 0.662108584384547, 0.684036900701341, 0.657294692391252, 
0.679848223225936, 0.677379379308233, 0.688665375080874, 0.656609915580547, 
0.679334233611079, 0.676563505498837, 0.664076175086584, 0.676340229137787, 
0.667400824453243, 0.674025639941736, 0.675627709000576, 0.672171145423661, 
0.67853518101444, 0.678658847746777, 0.668403963214166, 0.661761416607106, 
0.686760126693264, 0.669132538545835, 0.667378461751175, 0.671108354306156, 
0.661731071319791, 0.680456863233682, 0.680255535296272, 0.672205496765893, 
0.675821921307715, 0.674527308822626, 0.669753646949169, 0.680730911198626, 
0.686994671931098, 0.669958308981162, 0.68166477628999, 0.690832128692098, 
0.680509879820635, 0.65606909472386, 0.681659987618113, 0.669786076842215, 
0.680055560705312, 0.676240004837248, 0.668563202528947, 0.670135756648465, 
0.673491775417911, 0.675441312717302, 0.6715625980501, 0.655210184488144, 
0.673782388952825, 0.67248121179524, 0.668019744013219, 0.666366869177672, 
0.670102711367361, 0.66452223602077, 0.677699015120806, 0.673485966386658, 
0.669183467932475, 0.680396525980168, 0.686473231770556, 0.678111984059756, 
0.67965582707367, 0.66584714705231, 0.679834707918053, 0.691945616700195, 
0.676225060599528, 0.646090187307602, 0.65784400215324, 0.673433525933745, 
0.692144306077653, 0.66054030357305, 0.675900848177844, 0.675597110555995, 
0.668622904144162, 0.689012452135878, 0.657989936270395, 0.672445639672885, 
0.681956285554201, 0.667668552832234, 0.676943605872898, 0.665526244892423, 
0.667436381571954, 0.670180378327287, 0.680220772732246, 0.685508564974003, 
0.682605934758968, 0.663226013679529, 0.641541413176146, 0.679728503282958, 
0.671357986130638, 0.666387353567193, 0.677098102337916, 0.671941415444125, 
0.674324840272517, 0.685514848809613, 0.662504196557182, 0.670625662401511, 
0.678088126902291, 0.664545746203811, 0.679624134755903, 0.673563561387199, 
0.675641612138134, 0.680914718125843, 0.667844966015755, 0.673204605718386, 
0.664448993537837, 0.671876431231597, 0.682180414645924, 0.681076724013166, 
0.668881163617794, 0.668734766354014, 0.679447920474224, 0.673460220573446, 
0.673272684975209, 0.662675617153961, 0.673574526653708, 0.678899273575102, 
0.662290628131484, 0.681696453931527, 0.674234568026856, 0.671392882497918, 
0.67042807112664, 0.668122189230731, 0.680869831489402, 0.673409101676763, 
0.684407660581782, 0.665911791565115, 0.682091514632753, 0.680712475234543, 
0.665399309955178, 0.669405375701765, 0.672997344437134, 0.669876204129929, 
0.674184106090288, 0.682220339249167, 0.680922911145991, 0.670246395186401, 
0.676667832626301, 0.680314652808888, 0.681211855676133, 0.670483720030168, 
0.653095614046789, 0.668533817962797, 0.660722706839354, 0.692234517892294, 
0.665964467717301, 0.650844339765214, 0.680224473124123, 0.676607155826627, 
0.657122633649635, 0.670240522690577, 0.674947188447093, 0.667715771679774, 
0.667835448262037, 0.6615952630809, 0.670916123775697, 0.685066624354714, 
0.680573212606213, 0.679985233718986, 0.649405047328991, 0.687259783280088, 
0.66748351902133, 0.678134889476046, 0.680528162138008, 0.688165595049436, 
0.692926465663214, 0.676457159282231, 0.657638848980257, 0.656349602775882, 
0.673143702842036, 0.67032396167981, 0.691091231808763, 0.660406619429899, 
0.679534217439913, 0.661859654547967, 0.684145531960472, 0.6762310589185, 
0.67976727701733, 0.666469566221504, 0.664258443409014, 0.694915358868434, 
0.680416827054798, 0.667848809967035, 0.680628696219843, 0.670939774458723, 
0.683407842859626, 0.669926736012939, 0.664430781721756, 0.649424680318789, 
0.686535081548111, 0.687147951160619, 0.673150972014264, 0.678840725560252, 
0.661012318491366, 0.671783471368287, 0.671536921086952, 0.677422952720014, 
0.673599016064039, 0.66527141668789, 0.681510479728445, 0.676871943369263, 
0.672387745659848, 0.678228449925648, 0.676789407982676, 0.673985732055197, 
0.661721934217756, 0.674900986278683, 0.674602876595643, 0.688231212137513, 
0.66033310022705, 0.670904224500537, 0.685815560992583, 0.671497445796167, 
0.681577774957436, 0.669625843013691, 0.682486902123172, 0.670367711227888, 
0.670958466409271, 0.663671502696886, 0.681340038663275, 0.675798982964544, 
0.66922939916458, 0.668871691441731, 0.672282435460267, 0.687826594478419, 
0.646678869502375, 0.673782847701721, 0.674368387326034, 0.664451854101906, 
0.681471331641075, 0.68395078493257, 0.681959255646189, 0.674739273503901, 
0.656271493620355, 0.677548146297875, 0.678609328970309, 0.667726348538831, 
0.687102662021449, 0.671353925513963, 0.683339984072196, 0.674886750516988, 
0.666350814570279, 0.68744667207812, 0.67507441062316, 0.684024060513126, 
0.667507132218285, 0.66839082712658, 0.672137021640669, 0.677878588869948, 
0.676125279665547, 0.675055780805169, 0.661849184843602, 0.674632629445638, 
0.673460743689673, 0.675587194085622, 0.669059468430608, 0.671662745267727, 
0.67375810059787, 0.67151976812155, 0.671116885778562, 0.685306121326036, 
0.676129859070254, 0.666276518323098, 0.673334833361109, 0.675445293897089, 
0.68294802227434, 0.681909671255712, 0.678595791641765, 0.684740704152218, 
0.66293920185493, 0.686982115048366, 0.66552031733279, 0.687827908311073, 
0.681523122296008, 0.66902146644435, 0.679910450736339, 0.681068122882518, 
0.667473795624695, 0.681810141306265, 0.671823850886579, 0.674091756808823, 
0.680966157536222, 0.672331764838656, 0.656185444568021, 0.675131467585401, 
0.665853753824197, 0.664036859918182, 0.665542760307558, 0.68146092282173, 
0.679191179789846, 0.664177570814572, 0.674839424865094, 0.682472679935346, 
0.68802763850193, 0.669431954930301, 0.654849833946841, 0.692171442514533, 
0.66551553314083, 0.675171541085613, 0.669911668992448, 0.68255426233754, 
0.670479262300482, 0.666511046740867, 0.681516777632619, 0.684373884175488, 
0.673856784470987, 0.674964954602823, 0.681518488029723, 0.674319494290681, 
0.677316948889683, 0.67639935482617, 0.678748397777453, 0.674290215457515, 
0.68534914957352, 0.683336864122992, 0.669576188382798, 0.687282381939414, 
0.678704437914985, 0.676098580899947, 0.673544821892372, 0.675582437849334, 
0.660666159235091, 0.669532956736845, 0.674093703325748, 0.679542087916576, 
0.675949694565036, 0.665113598029804, 0.673355943238251, 0.672103088721739, 
0.680152137611095, 0.672972965713869, 0.683447233905677, 0.682252618715532, 
0.66399079928039, 0.682041087104306, 0.677366613098426, 0.667713087173429, 
0.671049415571361, 0.67640660463195, 0.668646498765306, 0.667780851945694, 
0.683386573407473, 0.675340579362447, 0.656794277421197, 0.66339429015623, 
0.666580976509118, 0.669466926609879, 0.674666594915126, 0.676236330866223, 
0.672848462793103, 0.686605313661423, 0.687836763518246, 0.671789190824252, 
0.68080102493765, 0.670370510754727, 0.683427711139232, 0.674011674941042, 
0.682914375026407, 0.671014542148108, 0.664229435448294, 0.666533474665062, 
0.670305568672904, 0.677606604147385, 0.676716525546871, 0.68220029442218, 
0.666448184192209, 0.671809837124265, 0.669809620617099, 0.671103912091476, 
0.688533059966872, 0.670832512134922, 0.666627045072156, 0.666647351000909, 
0.666312353285035, 0.674061899657287, 0.666603045585339, 0.671032720300641, 
0.672730894479334, 0.672007361963287, 0.685746302702052, 0.663706480134277, 
0.678449270688077, 0.674389219071987, 0.676261146275589, 0.672632645928472, 
0.654804792936973, 0.675550855106254, 0.668056105205913, 0.675212875110741, 
0.676610000291598, 0.673857044517766, 0.662406517543899, 0.669614845270413, 
0.670711775958309, 0.676831774925593, 0.664637301394931, 0.67115490467307, 
0.677162553022476, 0.680857276196406, 0.672010559401546, 0.678401320175649, 
0.668563319995093, 0.675428910164259, 0.665559169773138, 0.682771626446958, 
0.668707021829223, 0.687037516589664, 0.682775860188852, 0.683032315533737, 
0.66814858041494, 0.687322175161235), cat = structure(c(0.689367275019154, 
0.674300706385817, 0.00800383187957592, 1.88241942859697, 0.02
), .Names = c("obs", "mu", "sd", "SES", "p.val"))), .Names = c("sim", 
"cat"))
