0.213891 0.22686 0.214686 0.215083 0.215726 0.23894 0.22098 0.209817
0.209461 0.234433 0.220976 0.213526 0.233339 0.223701 0.203921 0.20381
0.223639 0.201007 0.224 0.200991 0.223852 0.215665 0.225409 0.230441
0.207224 0.21907 0.230794 0.224065 0.230548 0.224868 0.210485 0.229995
0.218246 0.234892 0.215333 0.220767 0.218132 0.21898 0.231388 0.238457
0.214317 0.230605 0.222975 0.233265 0.218349 0.204617 0.219459
0.221914 0.218058 0.212649 0.220357 0.210424 0.221385 0.217288
0.215894 0.223951 0.220353 0.217591 0.234314 0.232916 0.22041 0.221267
0.221197 0.211166 0.225213 0.213235 0.213977 0.213018 0.217218
0.218386 0.211276 0.215853 0.206683 0.227393 0.215685 0.230278
0.221168 0.22693 0.220959 0.237113 0.217714 0.220545 0.21371 0.22568
0.221582 0.210784 0.21598 0.211477 0.223951 0.207043 0.215185 0.20424
0.231269 0.228954 0.223545 0.237322 0.22232 0.234982 0.220947 0.214407
0.227262 0.206338 0.226655 0.235883 0.220603 0.229081 0.222451
0.223328 0.218287 0.236379 0.205572 0.208469 0.229646 0.210018 0.22468
0.21923 0.216398 0.221045 0.208904 0.215661 0.231736 0.220656 0.237891
0.21301 0.228286 0.213223 0.223438 0.211604 0.222791 0.220705 0.235273
0.222127 0.217546 0.209875 0.222574 0.225934 0.221234 0.206076
0.227102 0.227618 0.218562 0.221664 0.227962 0.209608 0.223545
0.219435 0.219427 0.222025 0.212706 0.239657 0.219263 0.210952
0.214165 0.213325 0.210731 0.234892 0.227069 0.22386 0.215349 0.218673
0.210965 0.221238 0.233736 0.213321 0.222811 0.2126 0.229085 0.223737
0.194516 0.232134 0.216739 0.221365 0.231294 0.222447 0.228647
0.233531 0.222623 0.21201 0.213772 0.223274 0.211543 0.209723 0.228188
0.223692 0.208998 0.228126 0.220517 0.226434 0.211329 0.218558
0.216165 0.215472 0.210092 0.227471 0.233875 0.22089 0.239752 0.206646
0.239014 0.218652 0.227061 0.221623 0.218939 0.231572 0.224528
0.208703 0.216107 0.225766 0.231118 0.221787 0.236424 0.223328
0.225512 0.225508 0.219459 0.243386 0.219582 0.21137 0.231843 0.227442
0.209117 0.226565 0.225913 0.235555 0.231851 0.230839 0.224049
0.215255 0.220009 0.211178 0.218796 0.222262 0.232662 0.223324
0.223279 0.218951 0.233646 0.215284 0.226266 0.22259 0.22434 0.231064
0.24305 0.217091 0.201831 0.217484 0.219218 0.20801 0.215751 0.227934
0.225254 0.225877 0.223967 0.207117 0.228659 0.229663 0.20969 0.232794
0.227893 0.225286 0.225438 0.226717 0.223024 0.229065 0.22409 0.230757
0.23115 0.229106 0.221857 0.212034 0.224061 0.223053 0.210272 0.243677
0.22645 0.230474 0.222467 0.214956 0.216353 0.223447 0.205961 0.217829
0.225446 0.202716 0.224229 0.207789 0.214374 0.242829 0.212444
0.215407 0.225852 0.228724 0.220939 0.225913 0.217984 0.233121
0.228044 0.222594 0.224549 0.215661 0.225196 0.213583 0.223598
0.227651 0.226536 0.211756 0.216329 0.222754 0.22593 0.219914 0.215095
0.218984 0.21748 0.213895 0.21108 0.222242 0.222881 0.216161 0.227897
0.23526 0.214755 0.23372 0.21764 0.210641 0.205675 0.221316 0.203564
0.232494 0.213641 0.213698 0.235273 0.224791 0.228929 0.224516
0.220431 0.226327 0.230388 0.227143 0.244755 0.232875 0.226926
0.214587 0.216452 0.214378 0.214681 0.234941 0.20606 0.229028 0.228155
0.22318 0.214001 0.226254 0.227552 0.223987 0.212321 0.213923 0.241964
0.22016 0.231085 0.19997 0.225647 0.234445 0.229872 0.202876 0.211563
0.221553 0.215747 0.211153 0.236576 0.232421 0.204277 0.215985
0.225086 0.2329 0.214534 0.211821 0.212829 0.223651 0.228249 0.222738
0.221344 0.226729 0.229573 0.214444 0.235125 0.223983 0.225946
0.200151 0.204113 0.204884 0.232539 0.220328 0.216583 0.217292
0.226729 0.225549 0.220185 0.230626 0.22418 0.215337 0.220935 0.214808
0.215468 0.221213 0.210961 0.214767 0.215026 0.208018 0.226364
0.229474 0.22266 0.209965 0.225668 0.222615 0.225479 0.209096 0.20951
0.224668 0.22604 0.21321 0.224631 0.218242 0.229409 0.228347 0.219783
0.214636 0.223574 0.203122 0.221574 0.224803 0.219533 0.215976
0.220836 0.237424 0.225262 0.227081 0.223479 0.215431 0.217197
0.211862 0.224868 0.22904 0.214501 0.227741 0.221111 0.217116 0.234994
0.217968 0.223197 0.207887 0.203429 0.234683 0.221197 0.218595
0.221754 0.217271 0.222004 0.221 0.225709 0.228229 0.2319 0.210551
0.214981 0.233605 0.198766 0.229618 0.221885 0.222779 0.237317 0.23767
0.222111 0.226278 0.232121 0.206002 0.23499 0.225893 0.23601 0.201491
0.205035 0.236412 0.229814 0.224463 0.237326 0.214657 0.215124
0.219128 0.217361 0.224766 0.217173 0.227581 0.214858 0.211391
0.202151 0.229405 0.212411 0.215214 0.213891 0.219435 0.212985
0.226508 0.210166 0.230761 0.207945 0.22629 0.221615 0.210998 0.227942
0.216866 0.218046 0.224123 0.231077 0.219545 0.219894 0.234756
0.227909 0.201974 0.209096 0.228675 0.205162 0.220119 0.211125
0.217406 0.219566 0.22243 0.216489 0.217066 0.229052 0.223344 0.219754
0.23172 0.219332 0.227126 0.217386 0.218185 0.221267 0.221627 0.223139
0.230769 0.234019 0.233121 0.216431 0.21864 0.226143 0.224299 0.223627
0.228167 0.219332 0.205347 0.227839 0.213497 0.220222 0.223246
0.214907 0.229982 0.225184 0.227516 0.225004 0.23683 0.22157 0.219873
0.216071 0.201982 0.22822 0.219566 0.225463 0.213378 0.207314 0.216333
0.208961 0.217009 0.211305 0.215735 0.230019 0.219328 0.217501
0.205683 0.213977 0.229544 0.225586 0.216066 0.217865 0.224012
0.238035 0.209256 0.23826 0.227622 0.21387 0.220931 0.234338 0.216611
0.219742 0.201806 0.204814 0.219517 0.221529 0.215657 0.210358
0.224651 0.218693 0.215923 0.208707 0.221201 0.229487 0.23912 0.212149
0.212108 0.210875 0.214595 0.230683 0.220451 0.221619 0.236039
0.221889 0.210612 0.222184 0.209195 0.225848 0.232531 0.221135
0.218919 0.22293 0.230089 0.224545 0.21821 0.215558 0.224348 0.231257
0.22366 0.211092 0.218226 0.22032 0.227024 0.218525 0.225204 0.239366
0.228483 0.215927 0.224356 0.22409 0.213116 0.210666 0.209039 0.218722
0.231503 0.223713 0.223996 0.211375 0.215739 0.220603 0.217759
0.211375 0.220418 0.235666 0.206166 0.222283 0.223815 0.219861
0.220951 0.220447 0.226676 0.200901 0.205039 0.22629 0.229147 0.219078
0.205556 0.228851 0.22786 0.226643 0.208252 0.220332 0.213034 0.206347
0.229122 0.226979 0.228474 0.210752 0.21782 0.224868 0.21412 0.22141
0.210215 0.22282 0.225627 0.204167 0.216443 0.232458 0.209969 0.224266
0.209649 0.232744 0.216054 0.224721 0.234121 0.218308 0.217116 0.20749
0.208621 0.228556 0.22604 0.210612 0.220504 0.224041 0.226979 0.230056
0.215394 0.214116 0.214985 0.209141 0.216718 0.220009 0.2304 0.208957
0.217398 0.222402 0.223467 0.219652 0.219316 0.232744 0.212489
0.229987 0.222131 0.239694 0.222434 0.225561 0.229347 0.216366
0.239174 0.221721 0.220136 0.217152 0.221476 0.207535 0.242186
0.233892 0.226598 0.211235 0.226254 0.223869 0.215907 0.222566
0.220771 0.230831 0.221799 0.218812 0.206543 0.217943 0.215685
0.226827 0.23022 0.227356 0.226213 0.220263 0.212694 0.223897 0.220365
0.22704 0.219312 0.221144 0.216521 0.213997 0.237195 0.207728 0.221283
0.225229 0.203691 0.223803 0.226885 0.22511 0.213317 0.219681 0.213604
0.213428 0.218263 0.232367 0.218845 0.211387 0.229761 0.236338
0.214657 0.219255 0.233207 0.226725 0.219316 0.225467 0.215493
0.229675 0.23165 0.226139 0.219365 0.222426 0.209924 0.224069 0.225778
0.226737 0.214239 0.216976 0.20792 0.233896 0.222033 0.222582 0.226778
0.218677 0.208391 0.222451 0.224893 0.235092 0.23283 0.213005 0.219537
0.226856 0.220066 0.224631 0.22475 0.220918 0.209764 0.220189 0.209215
0.229655 0.223479 0.223594 0.212379 0.222566 0.216747 0.212022
0.223451 0.225114 0.23667 0.23299 0.226569 0.209727 0.232703 0.224053
0.224582 0.228811 0.223668 0.218734 0.240551 0.216808 0.234801
0.224073 0.214145 0.22577 0.217677 0.215468 0.222357 0.208596 0.221017
0.240383 0.221017 0.21807 0.207937 0.212928 0.218636 0.224221 0.236379
0.215124 0.206777 0.214198 0.209195 0.220054 0.21866 0.205855 0.212116
0.219763 0.223758 0.210903 0.235748 0.212776 0.219644 0.226934
0.229261 0.222422 0.212547 0.218181 0.217919 0.191464 0.225147
0.224561 0.226401 0.221008 0.232548 0.225184 0.223942 0.219406
0.229442 0.215304 0.225397 0.207605 0.233572 0.213555 0.235777
0.219554 0.21219 0.219423 0.213817 0.220017 0.227544 0.210596 0.227647
0.224016 0.224352 0.220828 0.22184 0.230527 0.234474 0.205658 0.217595
0.216316 0.232707 0.212665 0.211133 0.230585 0.22182 0.230294 0.21078
0.223037 0.223397 0.214337 0.21891 0.20304 0.216972 0.233244 0.213268
0.20933 0.217005 0.21646 0.206572 0.217251 0.216066 0.205191 0.223778
0.233998 0.22327 0.225327 0.216402 0.206855 0.224864 0.216525 0.225401
0.207539 0.212846 0.218619 0.228114 0.224242 0.227167 0.231064
0.227934 0.204052 0.230318 0.222746 0.214165 0.214571 0.222701
0.210694 0.233125 0.223889 0.200806 0.227934 0.220328 0.215702
0.235719 0.216427 0.232498 0.209342 0.222291 0.219087 0.226549
0.227684 0.21646 0.229417 0.223631 0.216095 0.225016 0.224155 0.215407
0.209076 0.215878 0.241739 0.213927 0.195111 0.219746 0.214579
0.221824 0.209395 0.217726 0.20122 0.22931 0.218849 0.215513 0.197762
0.221226 0.216779 0.227003 0.220148 0.217128 0.219369 0.230204
0.209776 0.215136
